Number of instances: 10
Game: Normal Form Game
Players: 9
Actions: 5
Metaheuristics time: 60
-- 
Instance 0
seed: 1463866812603
--
SHC: [1, 1, 1, 5, 1, 5, 5, 5, 1] 1.9237341968641886 60008.550963
SA: [1, 1, 1, 5, 1, 5, 5, 5, 1] 1.9237341968641886 60000.306526
CLO: [1, 1, 1, 5, 1, 5, 5, 5, 1] 1.9237341968641886 60000.743149
MIP: OUT OF MEMORY 1837.886404
-- 
Instance 1
seed: 1463867148791
--
SHC: [1, 2, 2, 2, 2, 1, 1, 5, 5] 0.0 19684.156248
SA: [1, 2, 2, 2, 2, 1, 1, 5, 5] 0.0 915.356562
CLO: [1, 2, 2, 2, 2, 1, 1, 5, 5] 0.0 14045.937314
MIP: OUT OF MEMORY 309472.123801
-- 
Instance 2
seed: 1463867668917
--
SHC: [1, 3, 5, 4, 5, 5, 1, 1, 3] 0.0 38408.184781
SA: [1, 3, 5, 4, 5, 5, 1, 1, 3] 0.0 2793.181894
CLO: [4, 5, 5, 5, 1, 2, 3, 3, 1] 7.600487618383198 60001.177312
MIP: OUT OF MEMORY 305608.766007
-- 
Instance 3
seed: 1463868196902
--
SHC: [4, 2, 1, 5, 2, 1, 3, 4, 2] 0.0 997.916872
SA: [5, 3, 3, 4, 2, 5, 2, 1, 3] 0.0 4037.473806
CLO: [4, 2, 1, 5, 2, 1, 3, 4, 2] 0.0 2016.357227
MIP: OUT OF MEMORY 307937.192944
-- 
Instance 4
seed: 1463868646535
--
SHC: [3, 5, 5, 2, 1, 5, 1, 5, 2] 0.0 2827.213989
SA: [2, 2, 2, 1, 5, 3, 1, 4, 4] 0.0 755.158803
CLO: [2, 2, 2, 1, 5, 3, 1, 4, 4] 0.0 691.77252
MIP: OUT OF MEMORY 329733.393141
-- 
Instance 5
seed: 1463869066735
--
SHC: [5, 1, 3, 5, 3, 1, 5, 3, 2] 1.3631603198917333 60000.121375
SA: [5, 1, 3, 5, 3, 1, 5, 3, 2] 1.3631603198917333 60000.140293
CLO: [4, 2, 1, 2, 2, 1, 5, 3, 5] 2.39805329715324 60001.136219
MIP: OUT OF MEMORY 11389.214522
-- 
Instance 6
seed: 1463869399799
--
SHC: [3, 3, 5, 1, 4, 1, 1, 4, 2] 0.0 1588.227934
SA: [3, 3, 5, 1, 4, 1, 1, 4, 2] 0.0 3588.500134
CLO: [3, 3, 5, 1, 4, 1, 1, 4, 2] 0.0 440.144595
MIP: OUT OF MEMORY 309778.629352
-- 
Instance 7
seed: 1463869862700
--
SHC: [1, 4, 5, 5, 4, 2, 1, 2, 1] 5.778649027227374 60000.249555
SA: [2, 4, 4, 3, 1, 5, 4, 3, 5] 0.0 2072.270144
CLO: [2, 4, 4, 3, 1, 5, 4, 3, 5] 0.0 50745.764109
MIP: OUT OF MEMORY 300547.133894
-- 
Instance 8
seed: 1463870374969
--
SHC: [5, 3, 4, 4, 5, 1, 5, 4, 4] 0.0 1108.310604
SA: [1, 2, 1, 2, 2, 5, 1, 3, 4] 0.0 886.926772
CLO: [1, 2, 1, 2, 2, 5, 1, 3, 4] 0.0 1488.209511
MIP: OUT OF MEMORY 301331.989461
-- 
Instance 9
seed: 1463870815230
--
SHC: [4, 2, 1, 1, 4, 3, 1, 2, 3] 0.0 1862.382213
SA: [4, 2, 1, 1, 4, 3, 1, 2, 3] 0.0 7858.125938
CLO: [4, 2, 1, 1, 4, 3, 1, 2, 3] 0.0 682.884507
MIP: OUT OF MEMORY 303999.230411