Number of instances: 10
Game: Normal Form Game
Players: 7
Actions: 3
Metaheuristics time: 60
-- 
Instance 0
seed: 1463866813738
--
SHC: [3, 3, 2, 2, 1, 3, 1] 0.0 22.117657
SA: [2, 1, 3, 1, 2, 1, 1] 0.0 11.218824
CLO: [3, 3, 2, 2, 1, 3, 1] 0.0 7.64878
MIP: [2, 1, 3, 1, 2, 1, 1] 165311.400197
-- 
Instance 1
seed: 1463866981643
--
SHC: [2, 3, 2, 1, 3, 3, 1] 0.0 2.11547
SA: [1, 2, 2, 3, 3, 2, 1] 0.0 1.853757
CLO: [2, 3, 2, 1, 3, 3, 1] 0.0 0.717299
MIP: [2, 3, 2, 1, 3, 3, 1] 258975.00529
-- 
Instance 2
seed: 1463867241666
--
SHC: [3, 2, 2, 2, 2, 1, 1] 0.0 4.090357
SA: [3, 2, 2, 2, 2, 1, 1] 0.0 0.384158
CLO: [3, 2, 2, 2, 2, 1, 1] 0.0 0.630601
MIP: [3, 2, 2, 2, 2, 1, 1] 257898.271907
-- 
Instance 3
seed: 1463867500147
--
SHC: [1, 3, 2, 2, 1, 1, 1] 0.0 61.971504
SA: [1, 3, 2, 2, 1, 1, 1] 0.0 0.348867
CLO: [1, 3, 2, 2, 1, 1, 1] 0.0 28.980144
MIP: [1, 3, 2, 2, 1, 1, 1] 214752.12652
-- 
Instance 4
seed: 1463867715579
--
SHC: [3, 1, 2, 3, 2, 2, 3] 0.0 0.207947
SA: [3, 1, 2, 3, 2, 2, 3] 0.0 1.627997
CLO: [3, 1, 2, 3, 2, 2, 3] 0.0 3.359591
MIP: [3, 1, 2, 3, 2, 2, 3] 421326.646765
-- 
Instance 5
seed: 1463868137454
--
SHC: [2, 3, 2, 1, 3, 1, 2] 0.0 0.659377
SA: [2, 3, 2, 1, 3, 1, 2] 0.0 1.361032
CLO: [1, 3, 1, 2, 1, 2, 2] 0.0 1.130524
MIP: [1, 3, 1, 2, 1, 2, 2] 435939.603454
-- 
Instance 6
seed: 1463868573744
--
SHC: [3, 1, 3, 1, 1, 1, 2] 5.567495514084641 60000.139213
SA: [3, 1, 3, 1, 1, 1, 2] 5.567495514084641 60000.224787
CLO: [3, 1, 3, 1, 1, 1, 2] 5.567495514084641 60000.14096
MIP: infeasible 438912.596535
-- 
Instance 7
seed: 1463869194887
--
SHC: [2, 2, 3, 2, 2, 3, 1] 0.0 0.479412
SA: [2, 2, 3, 2, 2, 3, 1] 0.0 0.655468
CLO: [2, 2, 3, 2, 2, 3, 1] 0.0 0.359082
MIP: [1, 2, 3, 2, 1, 1, 1] 335017.845466
-- 
Instance 8
seed: 1463869530146
--
SHC: [2, 1, 3, 3, 3, 2, 1] 0.0 1.218064
SA: [2, 1, 3, 3, 3, 2, 1] 0.0 4.695924
CLO: [2, 1, 3, 3, 3, 2, 1] 0.0 3.922576
MIP: [2, 2, 1, 3, 1, 2, 2] 338833.761075
-- 
Instance 9
seed: 1463869869277
--
SHC: [2, 2, 1, 3, 1, 3, 3] 0.0 0.611804
SA: [2, 2, 1, 3, 1, 3, 3] 0.0 1.475149
CLO: [2, 2, 1, 3, 1, 3, 3] 0.0 0.552991
MIP: [2, 2, 1, 3, 1, 3, 3] 390658.514978
-- Summary -- 
*SHC*
Found PNE: 9/10
Found Time: 10.385732ms
Approx Average: 0.556749551408464
*SA*
Found PNE: 9/10
Found Time: 2.624575ms
Approx Average: 0.556749551408464
*CLO*
Found PNE: 9/10
Found Time: 5.255732ms
Approx Average: 0.556749551408464
*MIP*
Found PNE: 9/10
Found Time: 313190.3528502222ms
Not Found Time: 438912.596535ms
