Number of instances: 10
Game: Normal Form Game
Players: 7
Actions: 4
Metaheuristics time: 60
-- 
Instance 0
seed: 1463866813766
--
SHC: [3, 4, 2, 4, 2, 3, 4] 0.0 52.482629
SA: [4, 4, 1, 2, 1, 4, 3] 0.0 93.506284
CLO: [4, 4, 1, 2, 1, 4, 3] 0.0 237.282616
MIP: OUT OF TIME 3619285.596791
-- 
Instance 1
seed: 1463870441656
--
SHC: [2, 3, 3, 3, 2, 1, 1] 4.484347686430809 60000.094221
SA: [2, 3, 3, 3, 2, 1, 1] 4.484347686430809 60000.293365
CLO: [2, 3, 3, 3, 2, 1, 1] 4.484347686430809 60000.355762
MIP: OUT OF TIME 3608272.418034
-- 
Instance 2
seed: 1463874234130
--
SHC: [1, 4, 1, 4, 3, 4, 2] 0.0 62.504985
SA: [1, 4, 1, 4, 3, 4, 2] 0.0 109.017153
CLO: [1, 4, 1, 4, 3, 4, 2] 0.0 289.58469
MIP: OUT OF TIME 3612782.298425
-- 
Instance 3
seed: 1463877847803
--
SHC: [3, 3, 2, 4, 4, 3, 4] 0.0 34.624498
SA: [3, 3, 2, 4, 4, 3, 4] 0.0 9.719889
CLO: [3, 3, 2, 4, 4, 3, 4] 0.0 77.867349
MIP: OUT OF TIME 3611021.383642
-- 
Instance 4
seed: 1463881459297
--
SHC: [1, 1, 2, 3, 3, 4, 2] 0.0 32.311879
SA: [2, 4, 2, 2, 1, 1, 2] 0.0 1.872222
CLO: [1, 1, 2, 3, 3, 4, 2] 0.0 3.098142
MIP: OUT OF TIME 3612276.263814
-- 
Instance 5
seed: 1463885071973
--
SHC: [3, 4, 2, 1, 3, 3, 1] 0.0 153.016385
SA: [3, 4, 2, 1, 3, 3, 1] 0.0 12.080054
CLO: [3, 4, 2, 1, 3, 3, 1] 0.0 16.303643
MIP: OUT OF TIME 3617813.606522
-- 
Instance 6
seed: 1463888690299
--
SHC: [2, 2, 2, 1, 4, 3, 2] 0.0 40.912486
SA: [2, 2, 2, 1, 4, 3, 2] 0.0 19.099572
CLO: [2, 2, 2, 1, 4, 3, 2] 0.0 1963.562905
MIP: OUT OF TIME 3606578.413327
-- 
Instance 7
seed: 1463892299318
--
SHC: [2, 2, 2, 4, 1, 3, 4] 0.0 38.53692
SA: [2, 2, 2, 4, 1, 3, 4] 0.0 82.973469
CLO: [2, 2, 2, 4, 1, 3, 4] 0.0 88.424622
MIP: OUT OF TIME 3608279.051188
-- 
Instance 8
seed: 1463895908173
--
SHC: [1, 3, 4, 3, 3, 3, 1] 0.0 7.783766
SA: [1, 3, 4, 2, 1, 2, 4] 0.0 4.783481
CLO: [1, 3, 4, 2, 1, 2, 4] 0.0 4.137624
MIP: [3, 4, 2, 1, 2, 2, 3] 3621348.797719
-- 
Instance 9
seed: 1463899535356
--
SHC: [4, 1, 1, 4, 4, 2, 1] 0.0 31.445778
SA: [1, 3, 4, 1, 1, 1, 4] 0.0 6.573888
CLO: [4, 1, 1, 4, 4, 2, 1] 0.0 3.145867
MIP: OUT OF TIME 3616337.035192