Number of instances: 10
Game: Normal Form Game
Players: 5
Actions: 5
Metaheuristics time: 60
-- 
Instance 0
seed: 1463866813753
--
SHC: [1, 5, 5, 3, 1] 5.156702744970943 60008.61623
SA: [1, 5, 5, 3, 1] 5.156702744970943 60000.155298
CLO: [1, 5, 5, 3, 1] 5.156702744970943 60000.22311
MIP: infeasible 142204.005075
-- 
Instance 1
seed: 1463867138715
--
SHC: [1, 1, 4, 2, 5] 4.545340831792004 60000.027217
SA: [1, 1, 4, 2, 5] 4.545340831792004 60000.108919
CLO: [1, 1, 4, 2, 5] 4.545340831792004 60000.08678
MIP: infeasible 186993.467195
-- 
Instance 2
seed: 1463867507951
--
SHC: [1, 2, 3, 2, 5] 0.0 1.03233
SA: [1, 2, 3, 2, 5] 0.0 3.890212
CLO: [1, 2, 3, 2, 5] 0.0 24.597491
MIP: [1, 2, 3, 2, 5] 25913.926106
-- 
Instance 3
seed: 1463867535527
--
SHC: [4, 4, 2, 1, 4] 0.0 4.257175
SA: [2, 3, 1, 5, 1] 0.0 3.030354
CLO: [2, 3, 1, 5, 1] 0.0 10.609038
MIP: [2, 3, 1, 5, 1] 136836.51609
-- 
Instance 4
seed: 1463867673237
--
SHC: [4, 3, 4, 2, 3] 0.0 4.190646
SA: [4, 3, 4, 2, 3] 0.0 1.884396
CLO: [4, 3, 4, 2, 3] 0.0 0.197352
MIP: [4, 3, 4, 2, 3] 144848.457875
-- 
Instance 5
seed: 1463867818299
--
SHC: [3, 4, 1, 5, 5] 0.0 0.115578
SA: [5, 2, 3, 5, 3] 0.0 1.233258
CLO: [3, 4, 1, 5, 5] 0.0 0.422425
MIP: [5, 2, 3, 5, 3] 34089.678281
-- 
Instance 6
seed: 1463867852734
--
SHC: [5, 5, 5, 4, 1] 0.0 6.364179
SA: [5, 5, 5, 4, 1] 0.0 0.787438
CLO: [4, 2, 4, 1, 1] 0.0 1.424069
MIP: [5, 5, 5, 4, 1] 171822.711665
-- 
Instance 7
seed: 1463868024919
--
SHC: [4, 5, 2, 3, 5] 0.0 3.153273
SA: [4, 5, 2, 3, 5] 0.0 1.014676
CLO: [4, 5, 2, 3, 5] 0.0 1.744378
MIP: [3, 4, 3, 5, 4] 64981.626797
-- 
Instance 8
seed: 1463868090279
--
SHC: [2, 1, 2, 2, 5] 4.841694639026429 60000.031152
SA: [2, 1, 2, 2, 5] 4.841694639026429 60000.032097
CLO: [2, 1, 2, 2, 5] 4.841694639026429 60000.012892
MIP: infeasible 160706.092746
-- 
Instance 9
seed: 1463868433033
--
SHC: [4, 3, 1, 2, 3] 0.0 3.005816
SA: [4, 3, 1, 2, 3] 0.0 4.057988
CLO: [4, 3, 1, 2, 3] 0.0 0.467968
MIP: [4, 3, 1, 2, 3] 31912.259788