Number of instances: 10
Game: Normal Form Game
Players: 7
Actions: 5
Metaheuristics time: 60
-- 
Instance 0
seed: 1463866813775
--
SHC: [5, 3, 4, 5, 5, 4, 3] 1.6353405716178315 60008.340363
SA: [5, 3, 4, 5, 5, 4, 3] 1.6353405716178315 60000.100267
CLO: [5, 3, 4, 5, 5, 4, 3] 1.6353405716178315 60000.744119
MIP: OUT OF TIME 3617137.45567
-- 
Instance 1
seed: 1463870615766
--
SHC: [4, 5, 5, 4, 2, 5, 2] 6.622089250938217 60000.110919
SA: [4, 5, 5, 4, 2, 5, 2] 6.622089250938217 60000.077743
CLO: [4, 5, 5, 4, 2, 5, 2] 6.622089250938217 60000.067225
MIP: OUT OF TIME 3617635.487593
-- 
Instance 2
seed: 1463874417757
--
SHC: [5, 4, 2, 5, 2, 2, 3] 0.0 96.496753
SA: [5, 4, 2, 5, 2, 2, 3] 0.0 104.400263
CLO: [5, 4, 2, 5, 2, 2, 3] 0.0 139.70848
MIP: OUT OF TIME 3617200.087231
-- 
Instance 3
seed: 1463878036573
--
SHC: [1, 4, 1, 4, 1, 4, 2] 7.229645498971649 60000.062772
SA: [1, 4, 1, 4, 1, 4, 2] 7.229645498971649 60000.089047
CLO: [1, 4, 1, 4, 1, 4, 2] 7.229645498971649 60000.465749
MIP: OUT OF TIME 3620299.411152
-- 
Instance 4
seed: 1463881840068
--
SHC: [4, 4, 4, 2, 4, 3, 4] 0.0 24.462139
SA: [4, 4, 4, 2, 4, 3, 4] 0.0 11.610984
CLO: [4, 4, 4, 2, 4, 3, 4] 0.0 1296.808994
MIP: OUT OF TIME 3617746.369541
-- 
Instance 5
seed: 1463885461141
--
SHC: [3, 4, 5, 3, 5, 1, 5] 0.0 928.890614
SA: [3, 4, 5, 3, 5, 1, 5] 0.0 1055.551314
CLO: [3, 4, 5, 3, 5, 1, 5] 0.0 27.409951
MIP: OUT OF TIME 3617771.003172
-- 
Instance 6
seed: 1463889082210
--
SHC: [5, 2, 2, 4, 3, 3, 5] 1.672337648847389 60000.039934
SA: [5, 2, 2, 4, 3, 3, 5] 1.672337648847389 60000.175892
CLO: [5, 2, 2, 4, 3, 3, 5] 1.672337648847389 60000.055869
MIP: OUT OF TIME 3617923.583471
-- 
Instance 7
seed: 1463892890706
--
SHC: [2, 1, 2, 4, 5, 1, 2] 2.058905200501215 60000.222863
SA: [2, 1, 2, 4, 5, 1, 2] 2.058905200501215 60000.198132
CLO: [2, 1, 2, 4, 5, 1, 2] 2.058905200501215 60000.093336
MIP: OUT OF TIME 3618000.161261
-- 
Instance 8
seed: 1463896698679
--
SHC: [1, 1, 3, 4, 1, 4, 5] 1.9087272138735045 60000.023443
SA: [1, 1, 3, 4, 1, 4, 5] 1.9087272138735045 60000.195522
CLO: [1, 1, 3, 4, 1, 4, 5] 1.9087272138735045 60000.059726
MIP: OUT OF TIME 3617754.733442
-- 
Instance 9
seed: 1463900499587
--
SHC: [1, 2, 1, 1, 3, 1, 1] 0.0 759.453572
SA: [1, 2, 1, 1, 3, 1, 1] 0.0 410.760888
CLO: [1, 2, 1, 1, 3, 1, 1] 0.0 406.071653
MIP: OUT OF TIME 3616206.444578