Number of instances: 10
Game: Normal Form Game
Players: 9
Actions: 3
Metaheuristics time: 60
-- 
Instance 0
seed: 1463866813748
--
SHC: [3, 2, 3, 2, 2, 1, 2, 1, 3] 0.0 133.185197
SA: [3, 3, 1, 1, 3, 1, 1, 3, 1] 0.0 15.270143
CLO: [3, 3, 1, 1, 3, 1, 1, 3, 1] 0.0 81.46881
MIP: infeasible 3615045.35229
-- 
Instance 1
seed: 1463870438899
--
SHC: [2, 1, 2, 2, 2, 1, 3, 1, 2] 0.12460604652790153 60000.101819
SA: [2, 1, 2, 2, 2, 1, 3, 1, 2] 0.12460604652790153 60000.180286
CLO: [2, 1, 2, 2, 2, 1, 3, 1, 2] 0.12460604652790153 60000.327694
MIP: infeasible 3615978.820485
-- 
Instance 2
seed: 1463874238504
--
SHC: [3, 3, 2, 3, 1, 2, 3, 3, 1] 0.0 46.200855
SA: [3, 2, 1, 3, 3, 2, 1, 1, 2] 0.0 9.654313
CLO: [3, 3, 2, 3, 1, 2, 3, 3, 1] 0.0 66.062263
MIP: infeasible 3614639.946514
-- 
Instance 3
seed: 1463877854376
--
SHC: [2, 3, 1, 3, 3, 3, 2, 3, 2] 1.8249714758009148 60000.015421
SA: [2, 3, 1, 3, 3, 3, 2, 3, 2] 1.8249714758009148 60000.076059
CLO: [2, 3, 1, 3, 3, 3, 2, 3, 2] 1.8249714758009148 60000.267008
MIP: infeasible 3614955.904168
-- 
Instance 4
seed: 1463881652589
--
SHC: [2, 1, 1, 1, 1, 3, 1, 3, 1] 1.2339571740617998 60000.01761
SA: [2, 1, 1, 1, 1, 3, 1, 3, 1] 1.2339571740617998 60000.055222
CLO: [2, 1, 1, 1, 1, 3, 1, 3, 1] 1.2339571740617998 60000.158822
MIP: infeasible 3615001.797458
-- 
Instance 5
seed: 1463885454924
--
SHC: [1, 3, 1, 2, 2, 2, 3, 2, 2] 0.0 3.132788
SA: [1, 2, 2, 1, 3, 2, 1, 3, 1] 0.0 4.828428
CLO: [1, 3, 1, 2, 2, 2, 3, 2, 2] 0.0 6.062514
MIP: infeasible 3615553.638339
-- 
Instance 6
seed: 1463889071242
--
SHC: [2, 3, 1, 1, 2, 2, 3, 1, 2] 0.0 7.624469
SA: [2, 3, 1, 1, 2, 2, 3, 1, 2] 0.0 36.638775
CLO: [2, 3, 1, 1, 2, 2, 3, 1, 2] 0.0 56.439866
MIP: infeasible 3614674.535061
-- 
Instance 7
seed: 1463892686826
--
SHC: [1, 3, 3, 3, 3, 3, 2, 1, 3] 2.4824159122296123 60000.017891
SA: [1, 3, 3, 3, 3, 3, 2, 1, 3] 2.4824159122296123 60000.146394
CLO: [1, 3, 3, 3, 3, 3, 2, 1, 3] 2.4824159122296123 60000.119858
MIP: infeasible 3614973.034352
-- 
Instance 8
seed: 1463896484505
--
SHC: [2, 3, 2, 3, 1, 1, 2, 2, 2] 0.0 97.773271
SA: [1, 3, 1, 2, 2, 3, 2, 1, 1] 0.0 148.344776
CLO: [2, 3, 2, 3, 1, 1, 2, 2, 2] 0.0 15.940252
MIP: infeasible 3634892.840484
-- 
Instance 9
seed: 1463900120415
--
SHC: [3, 1, 2, 2, 2, 1, 1, 2, 2] 9.680566807402059 60000.035114
SA: [3, 1, 2, 2, 2, 1, 1, 2, 2] 9.680566807402059 60000.230193
CLO: [3, 1, 2, 2, 2, 1, 1, 2, 2] 9.680566807402059 60000.211375
MIP: infeasible 3614388.53505
-- Summary -- 
*SHC*
Found PNE: 5/10
Found Time: 57.583316ms
Approx Average: 1.5346517416022287
*SA*
Found PNE: 5/10
Found Time: 42.947287ms
Approx Average: 1.5346517416022287
*CLO*
Found PNE: 5/10
Found Time: 45.194741ms
Approx Average: 1.5346517416022287
*MIP*
Found PNE: 0/10
Found Time: NaNms
Not Found Time: 3617010.4404201ms
