Number of instances: 10
Game: Normal Form Game
Players: 10
Actions: 50
Metaheuristics time: 600
-- 
Instance 0
seed: 1463994763758
--
SHC: [34, 3, 38, 48, 24, 38, 36, 10, 40, 45] 116.85441638711279 600002.787682
SA: [18, 49, 14, 23, 33, 12, 2, 29, 33, 24] 137.60518388847902 600002.095893
CLO: [16, 25, 12, 15, 13, 44, 8, 16, 24, 50] 74.13103733212205 600000.108138
-- 
Instance 1
seed: 1463998417875
--
SHC: [6, 9, 16, 47, 43, 16, 12, 28, 15, 30] 108.32164305779168 600000.040403
SA: [2, 42, 28, 19, 34, 17, 25, 22, 21, 36] 128.5090830979137 600001.378893
CLO: [5, 2, 43, 31, 9, 10, 27, 34, 47, 20] 72.7588673689923 600000.05675
-- 
Instance 2
seed: 1464002073601
--
SHC: [15, 7, 18, 26, 47, 44, 36, 42, 5, 33] 84.3200588155936 600000.057803
SA: [29, 21, 34, 12, 36, 36, 37, 49, 28, 8] 133.0589300592037 600004.489385
CLO: [39, 17, 31, 40, 36, 50, 24, 46, 44, 16] 55.54629627716406 600000.11581
-- 
Instance 3
seed: 1464005727672
--
SHC: [26, 29, 30, 44, 29, 5, 35, 33, 22, 13] 84.09038230963995 600000.084192
SA: [41, 25, 48, 35, 16, 29, 29, 1, 49, 30] 138.7030283204552 600000.252333
CLO: [13, 41, 43, 44, 48, 43, 1, 15, 33, 16] 61.9733885919901 600000.064528
-- 
Instance 4
seed: 1464009381165
--
SHC: [10, 7, 46, 49, 47, 16, 2, 6, 39, 19] 102.19592944695782 600000.081298
SA: [23, 3, 29, 46, 3, 34, 41, 50, 36, 17] 115.67552229583171 600003.821127
CLO: [1, 27, 13, 48, 32, 4, 49, 49, 46, 39] 90.79770473394018 600000.077171
-- 
Instance 5
seed: 1464013034692
--
SHC: [5, 19, 48, 8, 27, 50, 46, 15, 17, 12] 85.44039819590105 600000.071639
SA: [23, 26, 12, 37, 5, 24, 3, 3, 32, 11] 124.99957281648636 600006.771986
CLO: [8, 49, 50, 3, 9, 44, 38, 4, 22, 46] 70.16895289691962 600000.027596
-- 
Instance 6
seed: 1464016688194
--
SHC: [33, 21, 16, 26, 8, 8, 34, 7, 15, 43] 82.67995616695612 600000.062079
SA: [49, 36, 40, 1, 46, 48, 9, 31, 37, 37] 137.68237464354524 600002.167428
CLO: [13, 42, 5, 16, 45, 32, 40, 35, 18, 20] 84.25157951857125 600000.047354
-- 
Instance 7
seed: 1464020342039
--
SHC: [8, 13, 39, 29, 19, 11, 23, 32, 28, 25] 100.10217184189145 600000.011027
SA: [41, 37, 46, 47, 16, 4, 34, 15, 3, 15] 132.37033184170468 600005.358361
CLO: [32, 47, 44, 13, 39, 39, 20, 47, 16, 50] 94.56541470819695 600000.019924
-- 
Instance 8
seed: 1464023995725
--
SHC: [29, 27, 24, 17, 36, 41, 35, 33, 3, 18] 103.0514617034147 600000.050749
SA: [17, 6, 3, 31, 33, 48, 30, 48, 7, 45] 126.59508718094304 600004.708713
CLO: [24, 41, 18, 38, 12, 34, 33, 46, 43, 35] 96.62609945411583 600000.076363
-- 
Instance 9
seed: 1464027649235
--
SHC: [25, 19, 18, 3, 3, 31, 30, 44, 46, 43] 128.72701072890402 600000.059569
SA: [15, 38, 16, 16, 35, 41, 23, 11, 17, 45] 81.12562952862027 600007.376764
CLO: [48, 27, 13, 43, 48, 37, 6, 45, 18, 29] 62.50670288452736 600000.037016
-- Summary -- 
*SHC*
Found PNE: 0/10
Approx Average: 99.57834286541632
*SA*
Found PNE: 0/10
Approx Average: 125.63247436731828
*CLO*
Found PNE: 0/10
Approx Average: 76.33260437665396
