Number of instances: 10
Game: Normal Form Game
Players: 50
Actions: 200
Metaheuristics time: 600
-- 
Instance 0
seed: 1463994764110
--
SHC: [129, 140, 45, 148, 59, 120, 70, 53, 88, 74, 94, 188, 56, 35, 9, 93, 198, 103, 105, 84, 51, 106, 92, 143, 132, 49, 48, 121, 21, 76, 129, 145, 56, 136, 118, 197, 56, 158, 13, 34, 126, 71, 120, 156, 4, 68, 77, 51, 180, 175] 1149.2111204454818 600003.757114
SA: [63, 192, 33, 70, 105, 22, 49, 181, 159, 149, 196, 80, 4, 24, 105, 86, 199, 126, 197, 48, 66, 110, 123, 180, 103, 79, 27, 200, 156, 20, 191, 162, 134, 146, 179, 165, 21, 191, 178, 76, 177, 143, 107, 26, 167, 17, 33, 139, 188, 55] 1141.7374520001586 600971.281883
CLO: [183, 11, 116, 152, 154, 13, 14, 182, 20, 176, 36, 196, 133, 59, 124, 192, 62, 122, 160, 50, 189, 176, 96, 68, 155, 111, 151, 138, 162, 31, 197, 20, 99, 2, 27, 127, 14, 119, 141, 33, 176, 129, 162, 23, 150, 80, 164, 137, 115, 99] 1168.231076197404 600006.140728
-- 
Instance 1
seed: 1463996590203
--
SHC: [200, 25, 161, 140, 126, 124, 105, 44, 154, 45, 182, 155, 74, 78, 100, 15, 167, 173, 72, 180, 142, 89, 178, 130, 20, 189, 70, 158, 58, 68, 5, 91, 181, 92, 186, 24, 151, 30, 184, 99, 174, 159, 141, 13, 96, 109, 192, 40, 178, 81] 1047.3911875390684 600006.39913
SA: [40, 200, 7, 91, 128, 173, 141, 2, 170, 101, 184, 4, 43, 2, 46, 23, 159, 116, 139, 22, 99, 92, 176, 103, 149, 145, 57, 98, 48, 126, 96, 113, 48, 65, 116, 174, 179, 150, 98, 197, 164, 104, 31, 4, 73, 114, 164, 155, 174, 87] 1044.6017752474588 601246.3377
CLO: [199, 39, 156, 195, 81, 125, 181, 2, 191, 200, 173, 155, 63, 196, 91, 141, 80, 42, 91, 156, 18, 79, 58, 156, 75, 65, 81, 85, 7, 100, 81, 139, 58, 73, 84, 166, 30, 22, 85, 50, 70, 114, 58, 159, 176, 140, 6, 111, 115, 86] 1078.3539760450485 600009.716179
-- 
Instance 2
seed: 1463998408116
--
SHC: [127, 124, 140, 125, 169, 159, 136, 165, 112, 98, 72, 132, 69, 110, 144, 33, 82, 128, 88, 45, 33, 35, 123, 143, 159, 13, 141, 37, 185, 78, 58, 140, 57, 119, 58, 104, 141, 73, 109, 87, 97, 121, 28, 190, 44, 159, 26, 168, 175, 82] 1096.7467320304706 600008.92425
SA: [38, 100, 85, 108, 19, 87, 63, 188, 148, 94, 150, 177, 143, 126, 2, 8, 151, 110, 178, 87, 18, 42, 149, 10, 23, 197, 139, 159, 60, 15, 14, 49, 104, 29, 41, 116, 28, 112, 33, 186, 47, 91, 28, 99, 95, 109, 33, 72, 162, 156] 1167.0869319395515 600108.325053
CLO: [164, 124, 2, 145, 20, 132, 46, 166, 121, 144, 28, 32, 151, 138, 187, 193, 1, 192, 128, 22, 192, 62, 163, 174, 12, 11, 153, 14, 91, 57, 33, 67, 38, 49, 29, 133, 36, 8, 135, 54, 41, 52, 170, 121, 106, 114, 39, 109, 135, 12] 1069.5815655739111 600004.58788
-- 
Instance 3
seed: 1464000221890
--
SHC: [157, 140, 101, 148, 153, 193, 100, 85, 38, 13, 119, 19, 55, 180, 52, 188, 140, 83, 4, 104, 106, 51, 168, 21, 50, 34, 101, 23, 148, 29, 175, 20, 6, 67, 192, 95, 199, 138, 153, 130, 42, 100, 6, 3, 78, 61, 193, 159, 95, 12] 1281.6558238853083 600014.498838
SA: [73, 76, 188, 44, 106, 168, 25, 29, 152, 96, 192, 67, 24, 152, 22, 70, 92, 93, 39, 153, 13, 46, 80, 17, 6, 94, 54, 115, 64, 173, 190, 90, 64, 197, 39, 158, 138, 179, 88, 75, 37, 92, 127, 158, 12, 121, 37, 1, 173, 154] 1098.364983243602 601167.354723
CLO: [52, 163, 59, 128, 66, 77, 55, 16, 198, 102, 108, 57, 127, 7, 139, 124, 66, 195, 169, 21, 188, 153, 142, 1, 163, 161, 27, 116, 2, 18, 79, 32, 131, 45, 24, 72, 99, 182, 73, 22, 6, 12, 11, 75, 164, 74, 65, 189, 11, 190] 1071.6915715843775 600012.630856
-- 
Instance 4
seed: 1464002035205
--
SHC: [53, 76, 94, 157, 44, 115, 10, 13, 15, 34, 81, 134, 111, 168, 94, 149, 10, 171, 96, 52, 198, 144, 7, 16, 68, 115, 168, 161, 200, 192, 82, 48, 27, 121, 136, 14, 48, 69, 32, 86, 50, 161, 138, 182, 71, 69, 90, 135, 69, 160] 1141.19718285703 600006.620717
SA: [40, 82, 188, 59, 131, 55, 5, 138, 193, 153, 146, 130, 140, 79, 75, 45, 179, 142, 93, 118, 14, 87, 103, 169, 142, 58, 82, 27, 119, 16, 111, 194, 67, 184, 111, 75, 98, 41, 134, 195, 48, 140, 139, 49, 190, 33, 85, 8, 175, 189] 1104.724744741987 601184.06428
CLO: [191, 149, 44, 186, 168, 154, 14, 10, 106, 75, 144, 8, 65, 113, 24, 49, 10, 185, 58, 165, 35, 90, 135, 108, 95, 145, 191, 173, 45, 40, 177, 140, 111, 166, 141, 32, 78, 70, 9, 128, 89, 177, 61, 190, 141, 80, 84, 80, 195, 183] 1099.0858474098677 600010.940773
-- 
Instance 5
seed: 1464003847555
--
SHC: [156, 155, 134, 104, 156, 148, 186, 39, 40, 101, 60, 116, 115, 33, 39, 44, 151, 153, 137, 189, 191, 41, 94, 199, 15, 6, 148, 45, 85, 8, 183, 183, 118, 122, 108, 27, 83, 141, 60, 14, 48, 59, 189, 8, 165, 171, 125, 112, 53, 158] 1270.885157793646 600001.147917
SA: [20, 47, 195, 162, 132, 110, 78, 135, 35, 22, 34, 17, 24, 164, 127, 50, 40, 53, 41, 46, 59, 36, 63, 4, 107, 21, 199, 196, 165, 64, 69, 135, 183, 47, 16, 28, 168, 185, 155, 40, 73, 64, 26, 97, 75, 162, 68, 147, 149, 11] 1084.7943404641474 601053.500278
CLO: [36, 174, 44, 188, 113, 115, 195, 127, 106, 66, 105, 117, 61, 181, 191, 27, 91, 138, 124, 132, 99, 91, 35, 194, 94, 64, 143, 162, 197, 109, 185, 100, 175, 198, 65, 49, 198, 127, 21, 111, 58, 57, 57, 13, 129, 113, 185, 49, 127, 152] 1188.8859409963252 600002.590275
-- 
Instance 6
seed: 1464005658700
--
SHC: [95, 36, 144, 131, 71, 35, 156, 61, 103, 83, 51, 167, 153, 81, 192, 100, 140, 141, 130, 38, 152, 82, 9, 150, 170, 89, 19, 192, 109, 170, 157, 86, 40, 85, 113, 93, 146, 128, 47, 58, 116, 19, 111, 129, 103, 23, 113, 55, 178, 116] 1131.622692098889 600011.200295
SA: [118, 96, 82, 154, 58, 128, 191, 111, 97, 147, 156, 32, 113, 162, 91, 102, 20, 45, 32, 134, 5, 8, 102, 107, 65, 187, 49, 89, 97, 106, 6, 108, 192, 23, 6, 132, 86, 16, 4, 81, 161, 89, 124, 181, 172, 169, 148, 69, 37, 140] 1130.0556296172122 600153.098787
CLO: [183, 79, 115, 109, 164, 37, 65, 180, 127, 176, 38, 24, 13, 58, 39, 62, 148, 22, 136, 46, 134, 58, 191, 88, 17, 95, 65, 5, 150, 35, 197, 151, 67, 73, 13, 81, 151, 102, 80, 169, 114, 56, 65, 149, 47, 192, 124, 41, 76, 133] 1116.1473984269946 600013.919285
-- 
Instance 7
seed: 1464007468678
--
SHC: [157, 200, 70, 25, 138, 164, 18, 42, 157, 176, 90, 42, 122, 114, 137, 143, 119, 148, 97, 75, 38, 85, 36, 24, 31, 107, 145, 92, 82, 138, 122, 42, 115, 194, 147, 92, 83, 27, 153, 195, 110, 45, 92, 47, 46, 167, 158, 45, 83, 20] 1161.6550355000008 600005.857151
SA: [126, 182, 64, 73, 68, 41, 113, 95, 88, 91, 186, 23, 12, 1, 129, 72, 196, 88, 81, 139, 108, 143, 137, 124, 17, 158, 42, 175, 36, 72, 119, 185, 33, 78, 155, 14, 91, 102, 19, 66, 52, 152, 182, 19, 185, 31, 133, 136, 14, 108] 1061.5022753699945 600175.353236
CLO: [164, 186, 169, 19, 189, 67, 184, 118, 55, 116, 59, 147, 19, 116, 91, 43, 21, 45, 50, 28, 97, 156, 71, 53, 95, 133, 7, 140, 130, 157, 143, 151, 90, 88, 15, 142, 12, 153, 176, 120, 11, 191, 166, 10, 126, 35, 175, 151, 134, 66] 1128.9934329461423 600007.896383
-- 
Instance 8
seed: 1464009278327
--
SHC: [13, 27, 51, 156, 62, 162, 46, 13, 82, 2, 87, 91, 156, 50, 23, 162, 122, 124, 172, 187, 53, 87, 163, 141, 67, 182, 140, 60, 168, 180, 46, 73, 168, 153, 179, 34, 144, 11, 13, 12, 161, 190, 69, 170, 175, 172, 172, 187, 97, 51] 1173.46964475817 600009.831263
SA: [33, 28, 53, 161, 124, 76, 38, 137, 49, 90, 84, 119, 5, 63, 195, 59, 25, 76, 122, 199, 117, 16, 23, 149, 130, 182, 34, 176, 174, 84, 183, 163, 157, 5, 168, 27, 192, 3, 98, 155, 164, 52, 70, 194, 145, 40, 126, 129, 56, 105] 1097.0002570345414 600712.953132
CLO: [152, 196, 188, 103, 142, 153, 24, 33, 85, 2, 199, 15, 20, 49, 1, 95, 143, 187, 13, 170, 151, 189, 48, 182, 55, 89, 117, 130, 131, 147, 27, 31, 56, 164, 175, 165, 111, 183, 41, 101, 120, 149, 48, 8, 44, 78, 167, 119, 179, 57] 1098.849352719185 600007.95067
-- 
Instance 9
seed: 1464011088058
--
SHC: [178, 118, 75, 183, 195, 89, 14, 165, 149, 44, 45, 146, 138, 145, 146, 133, 163, 97, 117, 89, 73, 94, 31, 169, 91, 39, 130, 24, 26, 50, 135, 56, 179, 188, 84, 24, 27, 199, 32, 71, 194, 188, 88, 121, 23, 160, 82, 148, 74, 122] 1191.4294824784984 600014.140709
SA: [96, 42, 172, 119, 194, 26, 98, 84, 132, 12, 91, 191, 168, 56, 35, 48, 14, 109, 198, 49, 50, 131, 195, 56, 191, 126, 111, 112, 177, 3, 62, 5, 38, 181, 43, 147, 49, 84, 53, 114, 76, 104, 134, 13, 29, 174, 36, 160, 141, 179] 1152.7159495545634 600113.301214
CLO: [20, 84, 39, 172, 102, 113, 186, 191, 135, 71, 115, 9, 14, 12, 85, 59, 8, 124, 30, 169, 146, 44, 70, 45, 135, 75, 73, 28, 157, 161, 141, 136, 60, 47, 54, 176, 89, 181, 147, 156, 53, 134, 114, 79, 82, 106, 156, 97, 182, 169] 1117.2669754572628 600006.938294
-- Summary -- 
*SHC*
Found PNE: 0/10
Approx Average: 1164.5264059386561
*SA*
Found PNE: 0/10
Approx Average: 1108.2584339213215
*CLO*
Found PNE: 0/10
Approx Average: 1113.708713735652
