Number of instances: 10
Game: Normal Form Game
Players: 50
Actions: 10
Metaheuristics time: 600
-- 
Instance 0
seed: 1463994763842
--
SHC: [3, 6, 5, 1, 4, 8, 6, 7, 9, 9, 9, 7, 10, 9, 8, 5, 6, 2, 8, 5, 5, 7, 8, 4, 10, 10, 4, 3, 7, 5, 4, 6, 7, 4, 8, 10, 7, 8, 4, 4, 8, 4, 8, 1, 4, 4, 10, 10, 8, 3] 549.0778849112017 600003.285145
SA: [2, 6, 8, 2, 8, 1, 1, 5, 5, 3, 1, 3, 7, 4, 6, 5, 7, 4, 5, 2, 7, 9, 1, 10, 6, 7, 2, 1, 10, 9, 1, 8, 9, 2, 1, 8, 3, 9, 2, 8, 3, 1, 5, 4, 2, 10, 6, 7, 8, 1] 506.88492418129533 600024.920792
CLO: [1, 5, 2, 5, 10, 8, 2, 5, 8, 8, 5, 4, 3, 2, 1, 3, 4, 1, 9, 1, 5, 8, 8, 6, 8, 2, 8, 4, 8, 1, 1, 2, 10, 8, 8, 8, 1, 8, 2, 9, 9, 4, 2, 3, 6, 4, 4, 8, 9, 9] 416.2946136572492 600000.030382
-- 
Instance 1
seed: 1463996584319
--
SHC: [4, 7, 4, 9, 10, 6, 8, 5, 2, 9, 4, 7, 9, 10, 9, 4, 3, 6, 9, 4, 6, 10, 8, 4, 10, 1, 7, 8, 1, 6, 8, 7, 3, 10, 5, 3, 5, 5, 10, 1, 4, 5, 3, 5, 9, 9, 2, 4, 3, 2] 604.9258722569567 600000.026359
SA: [6, 2, 4, 5, 5, 6, 2, 3, 2, 3, 6, 2, 3, 3, 10, 1, 10, 4, 10, 1, 7, 1, 3, 7, 9, 7, 3, 3, 5, 7, 6, 5, 10, 5, 4, 7, 4, 5, 10, 1, 10, 2, 2, 10, 2, 9, 2, 2, 5, 9] 529.3808723313981 600016.85346
CLO: [10, 1, 1, 8, 7, 10, 10, 9, 6, 8, 10, 1, 8, 1, 8, 1, 10, 1, 10, 4, 1, 1, 5, 10, 2, 4, 1, 3, 3, 8, 9, 1, 7, 7, 8, 7, 10, 9, 2, 1, 6, 1, 5, 1, 3, 7, 10, 3, 3, 10] 402.29532167165337 600000.243197
-- 
Instance 2
seed: 1463998403542
--
SHC: [2, 10, 4, 5, 3, 4, 1, 4, 7, 9, 9, 2, 5, 10, 8, 5, 4, 1, 7, 8, 10, 7, 2, 4, 1, 3, 3, 1, 4, 2, 8, 1, 8, 7, 4, 4, 3, 10, 3, 3, 8, 9, 7, 6, 6, 7, 1, 5, 7, 4] 533.366455626079 600000.133849
SA: [6, 3, 10, 3, 8, 10, 10, 2, 4, 6, 5, 10, 5, 10, 8, 3, 10, 3, 2, 6, 2, 4, 1, 1, 10, 8, 1, 4, 9, 8, 4, 10, 10, 5, 4, 6, 4, 6, 3, 3, 3, 3, 4, 3, 10, 6, 6, 7, 6, 2] 501.2243824362154 600007.891972
CLO: [8, 4, 1, 5, 9, 1, 8, 5, 9, 6, 3, 8, 8, 5, 3, 1, 1, 1, 5, 1, 9, 1, 5, 9, 9, 9, 7, 3, 2, 8, 8, 3, 1, 3, 2, 4, 10, 7, 7, 5, 4, 2, 3, 10, 7, 4, 6, 3, 1, 3] 411.34311392035704 600000.168693
-- 
Instance 3
seed: 1464000222363
--
SHC: [3, 7, 3, 10, 7, 2, 4, 4, 4, 6, 2, 3, 1, 4, 3, 6, 6, 2, 3, 10, 6, 4, 8, 2, 1, 9, 7, 1, 2, 6, 8, 2, 6, 8, 1, 4, 3, 6, 2, 3, 9, 7, 3, 5, 7, 5, 2, 8, 5, 8] 620.3719976274455 600000.180596
SA: [4, 8, 5, 9, 7, 10, 10, 9, 8, 5, 1, 4, 6, 10, 9, 2, 5, 4, 5, 5, 9, 3, 1, 5, 3, 1, 7, 10, 5, 5, 7, 5, 2, 5, 6, 3, 8, 10, 4, 2, 3, 2, 4, 9, 6, 7, 1, 9, 10, 5] 507.8339879749683 600021.655489
CLO: [9, 6, 7, 4, 3, 1, 10, 7, 3, 5, 5, 7, 10, 1, 5, 4, 2, 3, 8, 1, 7, 1, 6, 4, 3, 7, 5, 7, 8, 2, 10, 7, 5, 10, 6, 1, 3, 2, 1, 10, 6, 4, 7, 8, 7, 10, 4, 3, 2, 2] 414.3440847287326 600000.291417
-- 
Instance 4
seed: 1464002041947
--
SHC: [4, 10, 5, 1, 5, 8, 1, 4, 5, 1, 7, 9, 3, 10, 6, 4, 2, 2, 9, 5, 8, 2, 7, 9, 4, 5, 1, 7, 9, 4, 2, 9, 2, 6, 2, 3, 5, 2, 1, 3, 1, 8, 7, 4, 4, 6, 10, 1, 5, 6] 588.7764605172767 600000.097684
SA: [2, 1, 9, 8, 10, 8, 7, 9, 1, 2, 10, 8, 4, 6, 1, 8, 5, 7, 7, 7, 5, 10, 5, 9, 10, 8, 3, 8, 5, 8, 3, 3, 1, 9, 6, 2, 2, 3, 8, 10, 9, 3, 8, 5, 9, 2, 2, 2, 5, 10] 495.62975750740827 600005.836485
CLO: [9, 10, 3, 6, 1, 3, 10, 6, 8, 7, 10, 6, 7, 8, 6, 5, 7, 5, 3, 6, 8, 2, 6, 3, 3, 5, 10, 10, 8, 9, 6, 4, 4, 6, 4, 3, 8, 10, 3, 8, 6, 9, 4, 4, 3, 5, 7, 8, 8, 9] 421.288132670884 600000.255749
-- 
Instance 5
seed: 1464003860683
--
SHC: [5, 5, 1, 6, 7, 6, 1, 10, 2, 4, 9, 5, 6, 7, 10, 6, 5, 7, 5, 1, 1, 9, 2, 10, 9, 4, 10, 8, 2, 7, 2, 5, 3, 4, 2, 9, 8, 5, 3, 4, 7, 6, 4, 8, 3, 6, 9, 5, 10, 4] 580.7216208940401 600000.155843
SA: [5, 9, 8, 7, 2, 9, 6, 3, 8, 10, 2, 1, 6, 8, 7, 2, 4, 10, 2, 1, 6, 9, 2, 3, 8, 2, 9, 10, 7, 9, 2, 1, 4, 8, 1, 3, 7, 6, 2, 5, 3, 1, 8, 10, 7, 7, 3, 4, 10, 8] 506.3372095387036 600007.767258
CLO: [5, 7, 1, 4, 6, 6, 7, 10, 2, 10, 7, 8, 9, 2, 6, 10, 8, 2, 8, 7, 4, 2, 4, 6, 3, 8, 5, 2, 6, 8, 1, 10, 9, 8, 4, 10, 6, 6, 5, 9, 4, 10, 10, 6, 10, 4, 9, 4, 9, 2] 392.8336312787956 600000.202368
-- 
Instance 6
seed: 1464005679540
--
SHC: [5, 2, 8, 8, 2, 3, 6, 6, 5, 6, 8, 4, 2, 3, 3, 7, 7, 9, 9, 7, 6, 6, 4, 1, 2, 5, 4, 5, 6, 9, 7, 4, 3, 2, 8, 1, 8, 2, 3, 5, 2, 3, 9, 5, 3, 8, 2, 1, 7, 9] 651.28605666564 600000.143428
SA: [4, 6, 10, 6, 3, 6, 10, 5, 10, 3, 1, 6, 9, 1, 3, 3, 5, 3, 7, 9, 1, 3, 4, 9, 8, 1, 2, 3, 5, 10, 2, 4, 1, 9, 9, 9, 2, 10, 10, 6, 9, 5, 2, 2, 8, 9, 8, 10, 9, 7] 466.7225590022246 600013.264705
CLO: [8, 10, 4, 1, 4, 4, 1, 5, 3, 8, 2, 1, 4, 1, 7, 2, 5, 9, 6, 7, 7, 7, 7, 9, 4, 2, 7, 8, 7, 1, 7, 5, 2, 10, 3, 7, 7, 5, 10, 10, 6, 7, 4, 1, 10, 5, 3, 3, 2, 10] 415.4021945393388 600000.326026
-- 
Instance 7
seed: 1464007498283
--
SHC: [5, 10, 2, 4, 9, 7, 3, 5, 9, 7, 9, 1, 2, 5, 6, 8, 7, 9, 6, 4, 3, 10, 7, 10, 7, 5, 9, 9, 8, 2, 2, 7, 6, 2, 10, 4, 1, 9, 9, 4, 9, 5, 10, 5, 8, 2, 10, 3, 2, 2] 592.5357105646627 600000.215556
SA: [5, 6, 7, 2, 4, 5, 2, 8, 5, 6, 2, 2, 1, 3, 7, 4, 7, 7, 9, 10, 7, 2, 10, 7, 4, 1, 8, 7, 7, 1, 8, 2, 1, 6, 4, 2, 8, 8, 2, 10, 7, 1, 2, 9, 1, 2, 2, 8, 5, 8] 448.12031395221555 600026.470171
CLO: [6, 8, 7, 10, 9, 7, 3, 6, 1, 1, 7, 10, 6, 4, 1, 8, 2, 6, 9, 5, 2, 5, 3, 4, 4, 10, 8, 3, 4, 1, 1, 8, 8, 2, 9, 3, 4, 9, 3, 8, 1, 1, 5, 7, 3, 9, 3, 3, 2, 10] 477.3931255198889 600000.082141
-- 
Instance 8
seed: 1464009317050
--
SHC: [2, 2, 6, 5, 9, 8, 1, 8, 10, 7, 4, 3, 10, 5, 5, 7, 6, 3, 4, 9, 1, 4, 3, 1, 7, 7, 9, 7, 1, 3, 7, 4, 5, 5, 6, 10, 9, 7, 4, 9, 3, 5, 1, 5, 1, 4, 10, 4, 6, 1] 644.598764066668 600000.205497
SA: [1, 6, 8, 7, 3, 6, 2, 2, 9, 10, 1, 7, 3, 1, 5, 9, 10, 6, 9, 2, 8, 3, 2, 1, 10, 5, 10, 5, 3, 3, 5, 8, 7, 5, 8, 3, 3, 9, 4, 8, 3, 6, 9, 8, 9, 7, 8, 8, 7, 1] 461.098677848813 600013.530482
CLO: [5, 10, 10, 8, 9, 3, 6, 9, 4, 7, 7, 5, 9, 2, 6, 6, 4, 9, 1, 2, 8, 7, 2, 8, 8, 7, 5, 10, 10, 1, 9, 1, 10, 1, 10, 10, 9, 2, 2, 5, 6, 3, 10, 9, 4, 8, 1, 2, 8, 5] 430.7330003602483 600000.212573
-- 
Instance 9
seed: 1464011135986
--
SHC: [5, 8, 9, 2, 3, 3, 4, 2, 3, 9, 9, 2, 1, 2, 6, 2, 8, 5, 5, 10, 4, 3, 7, 9, 6, 2, 6, 8, 8, 5, 1, 6, 2, 9, 4, 5, 7, 2, 7, 7, 8, 3, 7, 2, 3, 7, 3, 10, 5, 3] 619.6632881278028 600000.247367
SA: [2, 1, 5, 4, 10, 5, 1, 3, 3, 5, 1, 4, 5, 7, 1, 1, 5, 3, 10, 7, 7, 2, 1, 5, 1, 5, 5, 2, 9, 8, 6, 3, 4, 8, 6, 8, 7, 2, 2, 5, 3, 4, 3, 3, 5, 2, 5, 7, 6, 4] 533.6079219647908 600007.64275
CLO: [1, 4, 4, 10, 10, 10, 9, 10, 9, 3, 5, 5, 1, 9, 1, 10, 9, 10, 5, 10, 8, 9, 1, 4, 5, 9, 6, 7, 2, 7, 2, 5, 4, 4, 1, 1, 1, 8, 2, 7, 2, 9, 3, 4, 10, 2, 9, 3, 2, 8] 404.19669050377223 600000.249809
-- Summary -- 
*SHC*
Found PNE: 0/10
Approx Average: 598.5324111257773
*SA*
Found PNE: 0/10
Approx Average: 495.6840606738033
*CLO*
Found PNE: 0/10
Approx Average: 418.612390885092
