Number of instances: 10
Game: Normal Form Game
Players: 500
Actions: 40
Metaheuristics time: 3600
-- 
Instance 0
seed: 1464094856412
--
SHC: [4, 31, 28, 24, 37, 4, 24, 34, 13, 37, 31, 39, 19, 29, 39, 4, 29, 3, 22, 28, 13, 11, 28, 13, 14, 19, 31, 7, 24, 20, 13, 13, 8, 18, 32, 36, 38, 3, 33, 40, 34, 1, 12, 14, 38, 7, 35, 36, 8, 14, 9, 21, 4, 10, 30, 25, 4, 10, 26, 16, 29, 39, 24, 39, 31, 7, 8, 19, 16, 19, 25, 11, 38, 36, 25, 2, 40, 5, 26, 25, 39, 34, 12, 24, 22, 30, 17, 3, 27, 2, 32, 40, 33, 33, 33, 16, 15, 8, 34, 26, 7, 19, 12, 21, 29, 19, 37, 39, 11, 11, 18, 39, 7, 34, 1, 12, 31, 11, 9, 6, 8, 15, 30, 10, 9, 5, 21, 4, 3, 7, 24, 37, 23, 30, 30, 27, 4, 16, 34, 40, 28, 21, 22, 34, 10, 21, 37, 25, 11, 4, 10, 8, 6, 6, 24, 3, 16, 6, 6, 23, 8, 33, 30, 23, 4, 7, 35, 10, 31, 1, 37, 25, 7, 23, 35, 30, 31, 38, 3, 17, 6, 22, 24, 28, 33, 18, 25, 9, 4, 9, 2, 21, 32, 17, 2, 28, 18, 3, 40, 32, 8, 17, 2, 31, 33, 12, 11, 23, 15, 11, 40, 37, 19, 5, 8, 30, 30, 31, 38, 8, 32, 10, 4, 2, 23, 11, 37, 9, 28, 14, 31, 23, 21, 29, 20, 37, 27, 1, 12, 10, 9, 28, 32, 20, 24, 29, 37, 2, 32, 18, 26, 20, 23, 4, 8, 10, 31, 4, 38, 2, 8, 28, 14, 37, 2, 24, 24, 1, 20, 35, 23, 10, 14, 5, 10, 22, 31, 10, 27, 36, 28, 6, 19, 31, 14, 21, 34, 9, 15, 31, 7, 2, 8, 24, 32, 12, 26, 22, 32, 36, 15, 11, 13, 25, 36, 2, 31, 37, 22, 39, 22, 40, 37, 23, 18, 4, 33, 23, 7, 4, 16, 40, 13, 5, 18, 39, 9, 22, 3, 3, 4, 12, 24, 40, 22, 14, 22, 32, 23, 8, 31, 25, 18, 2, 8, 2, 38, 24, 37, 15, 2, 5, 40, 35, 36, 8, 24, 22, 38, 33, 4, 36, 13, 5, 26, 4, 15, 4, 1, 34, 17, 28, 39, 28, 27, 7, 32, 25, 25, 7, 20, 8, 38, 17, 27, 21, 15, 39, 23, 22, 25, 24, 25, 28, 8, 2, 3, 12, 21, 32, 16, 12, 18, 30, 34, 12, 38, 17, 1, 18, 40, 36, 35, 16, 17, 4, 36, 33, 11, 21, 35, 5, 40, 14, 28, 7, 24, 24, 29, 4, 2, 28, 24, 3, 22, 9, 28, 12, 13, 21, 40, 1, 29, 27, 21, 33, 14, 18, 31, 19, 27, 39, 24, 40, 5, 1, 1, 17, 10, 10, 14, 24, 12, 29, 36, 2, 16, 18, 1, 33, 30, 23, 8, 32, 8, 33, 8, 8, 2, 24, 1, 16, 4, 32, 26, 17, 38, 20, 9, 7, 33, 29, 40, 34, 22, 24, 16, 13, 5, 5] 5456.206009795322 3600004.205864
SA: [11, 21, 5, 2, 28, 18, 40, 30, 26, 20, 39, 18, 18, 28, 23, 4, 17, 35, 6, 23, 38, 11, 25, 40, 6, 29, 18, 7, 20, 33, 15, 11, 29, 20, 20, 1, 33, 37, 23, 4, 11, 10, 26, 21, 34, 38, 31, 2, 3, 22, 40, 2, 14, 18, 3, 4, 5, 33, 26, 36, 12, 29, 4, 25, 17, 6, 33, 8, 32, 31, 38, 21, 34, 4, 7, 33, 14, 19, 21, 27, 26, 14, 32, 28, 24, 2, 12, 20, 6, 27, 31, 8, 40, 39, 25, 23, 15, 25, 28, 34, 1, 23, 38, 22, 40, 28, 1, 40, 5, 28, 34, 11, 18, 23, 16, 26, 38, 7, 13, 18, 21, 33, 22, 36, 35, 12, 15, 18, 28, 1, 20, 21, 2, 17, 22, 22, 19, 26, 35, 37, 19, 15, 35, 10, 25, 39, 30, 23, 13, 2, 7, 27, 26, 37, 12, 11, 30, 13, 8, 37, 12, 24, 38, 12, 8, 38, 30, 21, 4, 39, 1, 13, 40, 17, 34, 40, 28, 36, 10, 6, 25, 20, 19, 30, 13, 20, 24, 18, 14, 12, 34, 14, 40, 35, 23, 12, 9, 28, 4, 40, 1, 24, 40, 34, 6, 36, 29, 1, 24, 10, 1, 18, 37, 36, 17, 4, 36, 9, 8, 30, 10, 2, 37, 6, 23, 29, 17, 18, 3, 40, 3, 34, 2, 5, 4, 18, 27, 28, 34, 12, 21, 7, 6, 17, 29, 7, 22, 35, 33, 5, 18, 21, 8, 14, 8, 30, 30, 2, 20, 20, 2, 26, 27, 21, 17, 9, 26, 22, 9, 38, 22, 24, 18, 31, 38, 30, 35, 16, 23, 15, 40, 26, 33, 37, 17, 36, 1, 5, 14, 38, 32, 23, 6, 23, 30, 5, 38, 36, 3, 36, 15, 15, 24, 35, 39, 29, 28, 15, 2, 8, 6, 30, 39, 26, 38, 13, 34, 31, 2, 35, 40, 31, 10, 16, 38, 26, 19, 40, 25, 37, 22, 36, 24, 40, 13, 26, 12, 4, 15, 17, 10, 40, 14, 10, 21, 34, 30, 9, 15, 22, 20, 14, 38, 36, 23, 3, 35, 29, 13, 17, 28, 39, 8, 30, 9, 20, 27, 12, 24, 1, 40, 1, 7, 35, 14, 35, 40, 6, 1, 14, 34, 33, 8, 16, 2, 24, 18, 6, 16, 37, 14, 28, 24, 37, 35, 13, 1, 19, 35, 6, 39, 6, 13, 36, 16, 20, 19, 19, 9, 32, 35, 16, 1, 32, 38, 14, 23, 38, 7, 36, 14, 15, 33, 26, 20, 40, 15, 14, 5, 24, 8, 16, 11, 31, 7, 38, 24, 7, 24, 16, 3, 22, 16, 22, 22, 31, 6, 33, 2, 8, 26, 8, 7, 24, 21, 22, 24, 34, 10, 8, 38, 30, 32, 36, 28, 40, 28, 14, 3, 19, 17, 27, 20, 10, 14, 3, 31, 2, 21, 2, 37, 40, 26, 22, 1, 35, 26, 38, 16, 35, 20, 28, 19, 25, 13, 8, 17, 30, 15, 21] 4827.75167479964 3601961.684949
CLO: [1, 38, 22, 20, 22, 39, 3, 35, 29, 18, 11, 20, 26, 26, 36, 7, 7, 23, 20, 39, 23, 4, 14, 7, 36, 17, 8, 18, 6, 21, 40, 2, 18, 9, 15, 39, 29, 3, 23, 17, 11, 6, 13, 36, 26, 34, 19, 38, 39, 22, 7, 17, 34, 31, 12, 32, 29, 26, 20, 39, 2, 38, 28, 3, 18, 23, 36, 27, 9, 9, 26, 18, 39, 26, 36, 26, 26, 9, 27, 7, 39, 25, 16, 29, 7, 20, 22, 38, 22, 22, 39, 4, 15, 31, 19, 39, 10, 20, 3, 12, 32, 4, 19, 35, 30, 26, 37, 19, 36, 35, 19, 12, 34, 29, 20, 8, 32, 9, 16, 15, 27, 39, 39, 37, 16, 29, 35, 2, 33, 12, 14, 15, 20, 32, 29, 40, 11, 1, 36, 34, 30, 26, 20, 10, 36, 22, 7, 15, 25, 34, 20, 13, 9, 26, 22, 15, 11, 4, 15, 24, 25, 11, 33, 38, 3, 21, 29, 4, 3, 13, 37, 19, 27, 5, 35, 36, 7, 7, 37, 36, 14, 10, 32, 20, 4, 4, 17, 20, 27, 23, 11, 12, 6, 37, 2, 31, 39, 20, 38, 36, 33, 9, 35, 2, 31, 13, 37, 23, 40, 14, 1, 37, 35, 21, 31, 10, 23, 15, 36, 10, 19, 2, 19, 35, 29, 38, 3, 13, 14, 5, 20, 4, 10, 16, 3, 27, 13, 15, 30, 23, 17, 5, 33, 29, 4, 7, 38, 17, 23, 8, 2, 28, 33, 2, 36, 33, 33, 25, 18, 12, 11, 30, 12, 31, 9, 24, 23, 19, 19, 33, 32, 31, 2, 34, 31, 40, 14, 22, 23, 29, 15, 35, 33, 30, 16, 18, 1, 25, 23, 4, 25, 40, 1, 38, 9, 18, 27, 11, 25, 20, 4, 29, 1, 20, 6, 16, 40, 2, 5, 35, 32, 4, 20, 24, 3, 20, 20, 38, 31, 32, 35, 33, 4, 31, 30, 31, 23, 35, 12, 30, 39, 28, 4, 23, 36, 2, 2, 10, 23, 24, 24, 28, 4, 8, 9, 14, 5, 2, 9, 27, 25, 33, 32, 30, 1, 16, 37, 37, 26, 23, 23, 14, 38, 14, 39, 20, 29, 12, 9, 14, 34, 20, 33, 28, 40, 21, 35, 7, 27, 13, 2, 36, 34, 1, 2, 29, 34, 3, 10, 36, 39, 1, 37, 29, 11, 30, 32, 7, 33, 7, 16, 6, 11, 4, 27, 8, 7, 40, 13, 1, 37, 31, 21, 22, 1, 4, 30, 11, 36, 4, 24, 9, 25, 18, 13, 32, 34, 24, 29, 36, 27, 10, 34, 7, 39, 27, 40, 35, 37, 17, 4, 26, 1, 38, 21, 20, 11, 21, 16, 20, 35, 38, 5, 24, 23, 24, 7, 2, 7, 32, 1, 16, 15, 23, 28, 21, 17, 29, 5, 1, 6, 16, 27, 4, 26, 24, 30, 10, 34, 18, 3, 36, 11, 29, 12, 3, 20, 37, 12, 9, 37, 19, 24, 22, 33, 20, 17, 20, 31, 38] 5607.034390277578 3600340.681536
-- 
Instance 1
seed: 1464105754731
--
SHC: [19, 7, 34, 13, 30, 25, 18, 38, 5, 30, 5, 16, 13, 15, 21, 36, 31, 12, 33, 22, 37, 39, 26, 35, 3, 27, 37, 30, 34, 35, 1, 5, 39, 9, 40, 4, 19, 15, 26, 30, 35, 29, 12, 28, 32, 39, 24, 12, 25, 10, 14, 30, 4, 4, 32, 21, 4, 29, 28, 25, 19, 14, 18, 21, 25, 20, 29, 2, 21, 16, 15, 23, 40, 38, 28, 27, 33, 8, 8, 1, 34, 23, 21, 23, 18, 22, 21, 19, 12, 2, 6, 1, 23, 18, 3, 38, 35, 15, 39, 35, 24, 7, 20, 6, 30, 29, 18, 10, 13, 29, 11, 9, 15, 22, 2, 12, 4, 8, 4, 15, 33, 23, 40, 28, 28, 12, 40, 10, 34, 14, 17, 33, 2, 2, 14, 5, 18, 19, 40, 5, 15, 33, 3, 31, 18, 35, 2, 18, 29, 32, 19, 15, 6, 15, 20, 28, 32, 31, 36, 30, 3, 14, 7, 3, 4, 11, 2, 2, 33, 26, 28, 39, 35, 25, 29, 15, 1, 27, 24, 28, 18, 24, 36, 5, 23, 6, 17, 14, 38, 17, 5, 39, 24, 11, 22, 19, 20, 8, 9, 23, 13, 24, 2, 5, 22, 17, 29, 21, 6, 9, 40, 23, 31, 37, 27, 39, 16, 33, 16, 5, 26, 21, 13, 8, 31, 40, 25, 38, 6, 19, 2, 20, 34, 36, 28, 19, 28, 30, 38, 5, 39, 9, 39, 23, 23, 35, 38, 32, 21, 3, 31, 14, 26, 6, 25, 5, 35, 1, 28, 8, 29, 17, 24, 14, 24, 26, 8, 4, 40, 18, 13, 36, 7, 40, 40, 31, 22, 23, 39, 4, 18, 23, 9, 37, 19, 10, 12, 10, 12, 11, 27, 20, 22, 38, 22, 40, 6, 20, 9, 29, 23, 33, 7, 4, 1, 10, 15, 4, 9, 11, 20, 15, 27, 6, 2, 37, 9, 11, 36, 39, 17, 8, 27, 39, 12, 14, 33, 18, 27, 1, 28, 18, 29, 9, 5, 3, 27, 1, 8, 18, 36, 5, 30, 30, 4, 23, 22, 11, 39, 38, 19, 12, 4, 23, 23, 17, 28, 21, 15, 2, 18, 2, 27, 31, 20, 5, 38, 36, 15, 35, 16, 4, 38, 5, 4, 28, 17, 30, 26, 19, 17, 40, 14, 2, 35, 18, 3, 17, 10, 15, 29, 27, 14, 21, 4, 6, 3, 1, 12, 35, 27, 12, 2, 28, 32, 20, 17, 20, 14, 34, 17, 24, 5, 19, 9, 31, 20, 29, 4, 39, 24, 32, 31, 16, 37, 14, 34, 6, 20, 40, 29, 21, 2, 39, 34, 23, 33, 28, 40, 36, 39, 28, 8, 23, 20, 20, 40, 9, 2, 37, 12, 13, 21, 3, 29, 15, 33, 33, 2, 17, 27, 24, 27, 36, 24, 24, 4, 7, 1, 40, 14, 23, 40, 2, 25, 28, 12, 7, 22, 19, 25, 21, 34, 5, 11, 22, 4, 27, 8, 15, 23, 20, 21, 16, 2, 6, 17, 28, 5, 36] 5544.506251933034 3600151.860762
SA: [31, 24, 24, 17, 4, 17, 18, 36, 35, 35, 21, 14, 5, 27, 24, 15, 20, 12, 10, 35, 19, 35, 7, 12, 32, 7, 15, 12, 6, 1, 21, 13, 10, 19, 13, 29, 17, 17, 39, 14, 12, 38, 39, 34, 15, 3, 40, 7, 24, 23, 30, 30, 27, 34, 11, 15, 13, 2, 24, 20, 3, 16, 20, 17, 17, 15, 5, 33, 33, 3, 21, 18, 23, 4, 33, 23, 11, 10, 9, 21, 16, 35, 40, 1, 32, 4, 27, 26, 7, 28, 39, 15, 4, 26, 1, 20, 7, 40, 5, 13, 30, 10, 37, 33, 27, 12, 33, 4, 28, 8, 1, 27, 29, 20, 37, 14, 26, 12, 34, 24, 22, 18, 2, 2, 29, 39, 22, 21, 1, 12, 32, 28, 16, 35, 37, 3, 2, 8, 19, 21, 30, 9, 39, 35, 37, 31, 26, 20, 33, 17, 36, 30, 8, 28, 2, 16, 6, 22, 2, 39, 29, 14, 29, 2, 9, 14, 34, 38, 18, 40, 35, 24, 2, 25, 27, 36, 19, 15, 21, 18, 30, 4, 1, 34, 40, 3, 3, 5, 36, 12, 12, 34, 34, 17, 11, 30, 28, 19, 16, 26, 19, 36, 21, 25, 18, 4, 16, 29, 39, 40, 15, 1, 7, 21, 16, 40, 2, 11, 35, 37, 8, 21, 12, 28, 36, 24, 22, 5, 10, 21, 26, 16, 21, 5, 27, 7, 30, 38, 38, 15, 26, 31, 18, 5, 22, 20, 31, 23, 16, 22, 1, 16, 36, 22, 20, 26, 34, 31, 36, 38, 27, 19, 12, 20, 28, 21, 37, 19, 34, 21, 40, 6, 20, 6, 20, 26, 4, 20, 40, 35, 15, 26, 39, 13, 7, 12, 8, 28, 16, 8, 14, 39, 31, 28, 15, 11, 29, 19, 32, 8, 35, 16, 36, 34, 14, 25, 32, 2, 39, 20, 36, 37, 8, 1, 40, 24, 23, 12, 18, 8, 7, 25, 35, 18, 25, 18, 24, 7, 20, 38, 23, 1, 36, 8, 1, 7, 15, 37, 26, 40, 23, 40, 31, 14, 3, 35, 5, 13, 35, 33, 21, 28, 7, 19, 10, 24, 25, 14, 7, 37, 31, 16, 15, 3, 14, 32, 14, 22, 2, 20, 22, 9, 17, 15, 21, 29, 35, 22, 12, 22, 7, 11, 8, 20, 32, 21, 8, 21, 21, 12, 39, 18, 23, 2, 35, 21, 32, 16, 38, 20, 12, 6, 20, 17, 16, 26, 29, 19, 7, 40, 9, 11, 30, 19, 35, 18, 40, 24, 4, 12, 21, 5, 29, 19, 35, 31, 18, 28, 34, 33, 37, 35, 5, 3, 17, 11, 30, 23, 6, 34, 40, 40, 14, 39, 35, 1, 21, 23, 4, 28, 10, 34, 5, 19, 28, 30, 29, 25, 40, 32, 24, 29, 25, 5, 28, 25, 25, 20, 22, 7, 2, 1, 26, 26, 10, 2, 40, 3, 35, 20, 40, 32, 19, 7, 37, 39, 40, 9, 29, 27, 34, 16, 36, 36, 11, 36, 4, 1, 27, 3] 5136.915803317067 3612100.674859
CLO: [8, 19, 23, 22, 27, 4, 5, 21, 34, 19, 25, 27, 20, 29, 26, 37, 32, 13, 18, 12, 24, 27, 22, 9, 10, 25, 31, 19, 19, 40, 10, 3, 18, 2, 8, 39, 15, 16, 34, 3, 6, 19, 22, 14, 36, 39, 6, 15, 37, 12, 19, 40, 15, 6, 6, 19, 14, 37, 38, 2, 37, 7, 19, 11, 6, 40, 14, 39, 38, 19, 3, 20, 16, 3, 28, 16, 18, 3, 3, 38, 12, 11, 35, 29, 35, 20, 4, 28, 2, 25, 33, 2, 9, 40, 32, 17, 11, 2, 29, 3, 36, 35, 3, 28, 19, 15, 8, 31, 40, 35, 28, 21, 17, 9, 22, 15, 1, 23, 11, 4, 26, 15, 4, 24, 10, 1, 34, 17, 15, 20, 33, 20, 14, 39, 6, 7, 12, 37, 15, 13, 29, 37, 21, 16, 26, 33, 16, 18, 3, 5, 24, 36, 33, 5, 11, 15, 38, 20, 32, 8, 12, 17, 6, 9, 31, 40, 1, 10, 23, 27, 27, 23, 13, 20, 11, 19, 26, 20, 21, 26, 7, 40, 14, 20, 20, 11, 9, 5, 8, 23, 19, 9, 18, 37, 40, 21, 34, 28, 32, 32, 7, 8, 33, 17, 38, 27, 34, 18, 20, 16, 9, 34, 8, 14, 25, 33, 15, 11, 12, 28, 5, 37, 33, 40, 37, 6, 2, 19, 37, 20, 13, 22, 25, 31, 13, 30, 3, 40, 4, 18, 20, 37, 23, 15, 18, 26, 14, 23, 13, 1, 30, 19, 7, 10, 5, 1, 32, 13, 2, 32, 11, 28, 14, 6, 25, 14, 35, 20, 32, 6, 15, 22, 39, 26, 37, 20, 1, 31, 40, 35, 19, 10, 37, 16, 28, 26, 20, 1, 16, 33, 10, 24, 17, 32, 7, 38, 26, 10, 31, 13, 17, 33, 23, 3, 25, 21, 13, 8, 33, 35, 12, 40, 37, 10, 3, 36, 22, 16, 25, 11, 33, 3, 24, 38, 1, 20, 22, 2, 17, 6, 4, 14, 18, 13, 31, 35, 14, 1, 20, 27, 7, 1, 13, 27, 38, 20, 37, 18, 3, 10, 1, 12, 6, 2, 6, 8, 33, 29, 22, 20, 34, 23, 32, 11, 16, 9, 19, 20, 17, 18, 39, 9, 21, 21, 16, 22, 19, 28, 15, 39, 6, 35, 31, 14, 36, 39, 33, 24, 11, 21, 39, 18, 40, 24, 6, 15, 37, 15, 23, 18, 14, 21, 40, 21, 40, 26, 32, 39, 8, 15, 5, 12, 36, 15, 23, 39, 39, 17, 29, 27, 21, 17, 27, 39, 8, 30, 9, 7, 31, 22, 9, 7, 3, 6, 36, 35, 14, 14, 33, 17, 32, 33, 3, 8, 23, 26, 22, 2, 26, 2, 22, 32, 18, 38, 28, 7, 14, 28, 6, 31, 33, 14, 34, 1, 10, 32, 31, 33, 22, 12, 32, 25, 16, 5, 13, 30, 4, 8, 23, 20, 34, 38, 40, 25, 6, 22, 37, 23, 5, 39, 18, 27, 15, 3, 40, 27, 24, 16, 13, 13] 5693.782842001463 3600092.989306
-- 
Instance 2
seed: 1464116636785
--
SHC: [31, 16, 17, 28, 20, 1, 2, 16, 17, 6, 34, 29, 18, 10, 11, 32, 31, 30, 39, 22, 27, 19, 35, 39, 16, 20, 37, 23, 28, 1, 4, 14, 16, 7, 27, 26, 26, 11, 17, 12, 17, 29, 32, 32, 32, 17, 15, 14, 2, 40, 30, 21, 32, 37, 22, 39, 9, 12, 27, 40, 39, 29, 8, 24, 26, 14, 37, 8, 35, 38, 4, 17, 31, 38, 27, 31, 14, 34, 8, 37, 15, 29, 40, 35, 18, 11, 11, 26, 17, 39, 3, 31, 20, 13, 33, 14, 31, 18, 35, 38, 18, 15, 15, 26, 14, 37, 30, 16, 15, 18, 8, 18, 26, 17, 40, 3, 20, 16, 24, 11, 20, 19, 2, 11, 30, 5, 21, 36, 13, 23, 26, 33, 4, 17, 14, 13, 16, 22, 10, 31, 40, 4, 36, 18, 7, 40, 27, 1, 27, 24, 31, 31, 38, 10, 18, 13, 34, 3, 39, 5, 15, 1, 30, 19, 37, 1, 3, 4, 23, 30, 13, 30, 20, 13, 16, 39, 35, 6, 12, 33, 26, 1, 22, 26, 27, 18, 22, 18, 12, 32, 3, 38, 1, 12, 33, 34, 16, 27, 34, 36, 17, 38, 22, 27, 24, 17, 32, 21, 17, 8, 16, 32, 38, 4, 30, 24, 16, 19, 17, 23, 40, 18, 28, 19, 8, 21, 33, 10, 19, 26, 6, 8, 21, 37, 1, 9, 32, 2, 24, 10, 21, 40, 9, 33, 3, 31, 35, 13, 15, 9, 16, 40, 17, 29, 7, 40, 14, 38, 18, 21, 16, 2, 9, 6, 13, 6, 1, 4, 32, 19, 12, 40, 27, 35, 6, 40, 13, 14, 1, 4, 6, 33, 14, 15, 11, 28, 1, 25, 33, 12, 7, 1, 3, 8, 39, 40, 7, 13, 10, 2, 3, 2, 24, 4, 39, 30, 24, 10, 15, 12, 12, 2, 32, 8, 7, 26, 12, 36, 20, 33, 4, 12, 12, 9, 33, 24, 11, 35, 22, 26, 40, 35, 6, 39, 8, 26, 29, 11, 21, 17, 38, 30, 8, 35, 25, 28, 32, 20, 14, 24, 21, 22, 27, 16, 6, 26, 21, 13, 19, 35, 22, 30, 8, 6, 20, 3, 15, 16, 10, 23, 17, 11, 13, 39, 40, 11, 5, 8, 20, 1, 30, 5, 24, 2, 2, 5, 18, 18, 28, 27, 34, 19, 4, 15, 6, 14, 34, 26, 19, 27, 25, 31, 4, 4, 9, 4, 18, 5, 17, 32, 40, 38, 7, 31, 33, 9, 37, 40, 15, 28, 9, 39, 3, 1, 2, 7, 5, 16, 36, 39, 14, 30, 30, 21, 3, 30, 38, 1, 11, 22, 39, 40, 7, 13, 6, 8, 36, 25, 17, 19, 22, 21, 11, 21, 4, 15, 6, 24, 25, 15, 21, 23, 13, 27, 21, 7, 18, 15, 32, 9, 24, 34, 21, 4, 5, 13, 23, 15, 33, 20, 40, 36, 1, 39, 18, 24, 23, 34, 18, 9, 6, 7, 18, 13, 4, 14, 26, 31, 23, 19] 5808.162640930468 3600293.391047
SA: [33, 5, 14, 32, 17, 9, 21, 6, 5, 30, 19, 15, 36, 7, 39, 30, 35, 31, 22, 14, 13, 9, 34, 12, 13, 26, 22, 32, 34, 36, 30, 40, 37, 9, 1, 26, 24, 6, 4, 35, 5, 8, 8, 22, 18, 18, 19, 1, 33, 32, 12, 11, 38, 15, 31, 20, 11, 13, 15, 33, 10, 31, 22, 38, 21, 29, 28, 15, 39, 7, 6, 32, 19, 32, 38, 7, 22, 40, 1, 31, 12, 12, 31, 37, 18, 11, 33, 11, 6, 24, 20, 4, 18, 17, 8, 6, 5, 27, 34, 15, 19, 3, 13, 9, 4, 38, 16, 10, 21, 19, 27, 2, 30, 13, 7, 5, 30, 33, 15, 34, 6, 39, 5, 18, 37, 18, 36, 35, 15, 32, 28, 24, 20, 19, 29, 12, 3, 3, 9, 12, 14, 24, 2, 3, 33, 14, 13, 33, 33, 28, 5, 34, 29, 14, 9, 29, 28, 5, 39, 28, 21, 17, 28, 10, 3, 5, 4, 38, 20, 19, 28, 7, 13, 8, 6, 19, 24, 35, 7, 31, 22, 27, 21, 12, 36, 29, 7, 26, 15, 4, 23, 11, 5, 9, 26, 25, 33, 32, 13, 36, 7, 26, 38, 10, 37, 19, 28, 19, 19, 27, 16, 29, 18, 15, 15, 26, 5, 26, 33, 21, 19, 18, 39, 32, 3, 9, 10, 24, 16, 8, 30, 10, 15, 4, 10, 29, 2, 21, 5, 18, 29, 40, 29, 22, 37, 18, 40, 10, 17, 1, 26, 16, 32, 4, 7, 5, 22, 21, 3, 8, 19, 4, 13, 11, 13, 3, 3, 5, 18, 5, 14, 28, 28, 15, 15, 6, 15, 13, 40, 5, 25, 17, 4, 40, 4, 33, 19, 2, 27, 21, 34, 38, 5, 12, 38, 3, 35, 11, 35, 1, 3, 36, 38, 33, 6, 15, 22, 33, 24, 27, 15, 37, 14, 11, 36, 33, 4, 35, 28, 12, 26, 3, 20, 5, 19, 6, 5, 35, 14, 19, 4, 9, 13, 33, 19, 1, 11, 31, 31, 25, 23, 13, 11, 17, 14, 22, 18, 6, 39, 40, 33, 2, 28, 11, 25, 11, 20, 6, 8, 16, 30, 10, 25, 4, 11, 39, 17, 23, 25, 27, 38, 22, 20, 10, 30, 19, 2, 29, 30, 20, 21, 37, 18, 3, 5, 8, 2, 5, 34, 38, 26, 28, 31, 32, 21, 4, 5, 39, 14, 14, 29, 20, 3, 20, 36, 8, 26, 6, 5, 20, 28, 26, 31, 16, 18, 3, 14, 33, 9, 25, 2, 3, 12, 27, 15, 3, 11, 24, 33, 6, 8, 25, 19, 38, 15, 33, 32, 14, 17, 39, 33, 20, 9, 31, 6, 39, 5, 18, 35, 39, 26, 30, 2, 17, 1, 19, 22, 40, 5, 14, 11, 4, 40, 35, 31, 40, 37, 28, 27, 39, 19, 11, 26, 7, 4, 11, 7, 23, 35, 20, 28, 31, 21, 26, 24, 12, 18, 25, 3, 7, 20, 33, 8, 20, 3, 40, 23, 1, 14, 3] 4896.095574887904 3601642.109738
CLO: [14, 31, 2, 19, 8, 26, 1, 19, 38, 17, 20, 23, 11, 17, 16, 3, 15, 34, 35, 24, 30, 11, 28, 23, 10, 38, 30, 26, 17, 12, 12, 40, 34, 22, 7, 11, 1, 33, 19, 8, 10, 21, 24, 34, 10, 27, 3, 19, 40, 16, 36, 32, 35, 34, 27, 23, 13, 5, 20, 36, 5, 3, 17, 5, 19, 14, 31, 39, 36, 19, 24, 23, 5, 28, 14, 14, 4, 35, 11, 10, 17, 31, 19, 29, 28, 4, 15, 27, 25, 27, 31, 24, 14, 2, 13, 11, 13, 34, 29, 11, 4, 19, 10, 29, 2, 6, 7, 7, 28, 15, 35, 20, 21, 20, 17, 20, 5, 15, 37, 8, 13, 28, 19, 31, 39, 39, 26, 7, 20, 29, 37, 27, 38, 5, 20, 13, 37, 12, 33, 25, 39, 27, 30, 6, 9, 19, 4, 18, 1, 29, 15, 24, 32, 27, 5, 33, 21, 21, 21, 28, 5, 21, 12, 19, 30, 21, 26, 20, 18, 26, 28, 16, 6, 2, 2, 20, 40, 8, 24, 33, 6, 12, 18, 10, 4, 18, 25, 33, 17, 40, 26, 7, 34, 35, 30, 23, 24, 8, 36, 13, 30, 13, 33, 8, 30, 4, 2, 24, 38, 14, 33, 6, 19, 15, 3, 40, 1, 30, 18, 29, 32, 12, 30, 11, 34, 30, 30, 10, 40, 24, 36, 36, 12, 8, 15, 36, 18, 12, 2, 17, 39, 34, 9, 5, 30, 34, 4, 30, 2, 17, 36, 8, 37, 37, 11, 4, 30, 16, 16, 18, 1, 3, 20, 30, 9, 24, 23, 18, 1, 28, 29, 32, 32, 39, 39, 2, 26, 1, 35, 24, 35, 11, 20, 13, 14, 7, 30, 39, 12, 6, 17, 25, 8, 20, 10, 39, 23, 1, 16, 36, 38, 30, 25, 3, 35, 10, 29, 18, 5, 1, 34, 3, 16, 8, 24, 2, 24, 31, 20, 23, 23, 3, 29, 4, 33, 7, 15, 33, 20, 22, 36, 8, 30, 16, 17, 30, 39, 31, 14, 38, 21, 4, 15, 27, 37, 3, 13, 17, 23, 24, 39, 1, 35, 4, 39, 40, 40, 32, 20, 34, 12, 20, 15, 8, 29, 29, 33, 27, 13, 17, 26, 12, 26, 40, 12, 35, 23, 9, 22, 39, 31, 38, 28, 16, 5, 29, 4, 15, 33, 27, 35, 22, 33, 31, 22, 33, 30, 33, 5, 1, 27, 21, 33, 33, 23, 16, 23, 15, 33, 30, 28, 25, 27, 13, 24, 16, 15, 9, 16, 30, 23, 29, 10, 16, 17, 19, 37, 7, 22, 40, 9, 17, 28, 31, 33, 23, 17, 40, 8, 11, 40, 29, 12, 1, 32, 25, 13, 22, 8, 29, 21, 1, 7, 23, 4, 12, 39, 11, 23, 30, 18, 6, 6, 9, 36, 26, 22, 12, 24, 12, 19, 28, 23, 3, 1, 28, 18, 22, 19, 13, 9, 29, 17, 27, 29, 34, 36, 15, 23, 3, 8, 10, 12, 32, 10, 37, 23, 19, 19, 10] 5335.660890906791 3600123.022274
-- 
Instance 3
seed: 1464127487554
--
SHC: [26, 20, 33, 8, 31, 17, 31, 12, 11, 13, 30, 13, 23, 6, 31, 39, 8, 1, 29, 33, 31, 36, 33, 14, 28, 30, 28, 2, 23, 11, 32, 2, 18, 20, 35, 12, 22, 27, 18, 38, 25, 19, 38, 2, 33, 6, 21, 23, 16, 25, 15, 35, 19, 34, 35, 4, 16, 26, 22, 6, 20, 13, 40, 6, 31, 21, 11, 29, 5, 39, 32, 1, 9, 13, 40, 21, 40, 10, 27, 17, 7, 13, 17, 12, 33, 13, 19, 13, 33, 10, 13, 34, 33, 20, 18, 15, 37, 13, 12, 16, 7, 35, 15, 18, 24, 14, 32, 35, 23, 30, 15, 18, 33, 17, 22, 25, 5, 16, 37, 39, 10, 36, 20, 34, 8, 21, 20, 17, 24, 39, 34, 8, 9, 30, 1, 21, 32, 34, 3, 23, 27, 21, 27, 14, 26, 17, 26, 37, 2, 4, 21, 12, 23, 35, 31, 18, 14, 3, 32, 24, 37, 6, 10, 17, 7, 1, 11, 21, 23, 5, 28, 5, 32, 36, 13, 24, 6, 34, 34, 36, 37, 32, 31, 25, 39, 3, 11, 31, 6, 35, 28, 32, 22, 32, 23, 23, 36, 31, 7, 31, 24, 35, 32, 9, 25, 38, 23, 38, 18, 6, 10, 35, 18, 37, 14, 10, 14, 24, 35, 4, 22, 17, 26, 36, 17, 16, 21, 39, 37, 12, 39, 24, 23, 39, 2, 8, 11, 32, 14, 2, 1, 31, 12, 36, 36, 34, 16, 26, 32, 14, 12, 29, 7, 8, 39, 9, 40, 26, 1, 12, 6, 19, 17, 1, 16, 15, 38, 13, 10, 37, 14, 17, 7, 9, 30, 13, 8, 12, 7, 38, 38, 17, 17, 15, 40, 13, 31, 27, 19, 17, 31, 26, 2, 5, 19, 9, 31, 22, 33, 20, 9, 34, 3, 7, 16, 35, 28, 26, 26, 6, 8, 10, 20, 34, 31, 28, 27, 35, 30, 29, 31, 3, 17, 30, 6, 17, 17, 27, 1, 40, 38, 25, 21, 35, 17, 39, 24, 7, 33, 30, 37, 5, 24, 26, 22, 27, 17, 27, 5, 39, 32, 21, 23, 3, 5, 18, 37, 40, 31, 10, 33, 17, 17, 9, 9, 11, 20, 22, 27, 28, 25, 4, 30, 37, 17, 10, 16, 8, 11, 21, 25, 28, 1, 37, 27, 5, 7, 36, 29, 9, 24, 11, 10, 13, 7, 15, 27, 22, 16, 1, 30, 4, 17, 3, 32, 9, 40, 13, 22, 15, 26, 32, 20, 14, 36, 34, 25, 37, 26, 32, 31, 33, 2, 18, 26, 25, 20, 7, 37, 1, 40, 9, 19, 21, 20, 28, 16, 13, 33, 16, 10, 15, 1, 23, 18, 27, 7, 16, 27, 39, 10, 8, 2, 3, 15, 18, 21, 39, 19, 22, 39, 16, 8, 5, 8, 1, 15, 5, 18, 30, 24, 7, 16, 28, 4, 38, 22, 5, 4, 34, 15, 7, 12, 2, 24, 36, 5, 25, 21, 28, 32, 7, 10, 6, 40, 23, 24, 6, 37, 1] 5876.9494898629255 3600024.967875
SA: [35, 10, 26, 29, 40, 40, 11, 12, 29, 12, 25, 28, 3, 18, 8, 37, 25, 37, 16, 31, 40, 1, 20, 13, 10, 34, 17, 33, 31, 1, 25, 33, 21, 14, 26, 22, 4, 17, 1, 27, 30, 34, 35, 36, 19, 19, 28, 9, 38, 25, 25, 39, 33, 25, 32, 2, 27, 19, 32, 4, 6, 5, 1, 17, 18, 37, 10, 25, 4, 31, 32, 7, 24, 18, 22, 25, 19, 24, 18, 30, 4, 14, 27, 6, 35, 9, 40, 6, 5, 1, 32, 32, 29, 12, 20, 7, 18, 38, 7, 18, 2, 13, 37, 34, 6, 24, 9, 34, 12, 1, 7, 4, 7, 25, 37, 27, 2, 5, 26, 20, 3, 21, 18, 30, 9, 25, 13, 30, 7, 10, 23, 25, 7, 15, 20, 24, 22, 29, 3, 22, 9, 20, 39, 25, 18, 4, 36, 19, 3, 20, 15, 35, 31, 34, 33, 7, 33, 37, 11, 1, 13, 28, 9, 31, 40, 3, 22, 9, 9, 23, 12, 40, 8, 22, 35, 25, 37, 32, 27, 15, 10, 8, 9, 8, 37, 7, 4, 3, 24, 2, 27, 9, 12, 14, 27, 17, 5, 32, 29, 15, 23, 3, 28, 38, 17, 25, 3, 3, 8, 38, 16, 6, 18, 20, 20, 34, 21, 18, 19, 38, 24, 37, 6, 2, 16, 26, 12, 10, 33, 9, 17, 24, 36, 37, 24, 29, 16, 3, 2, 38, 32, 7, 27, 35, 33, 22, 37, 14, 2, 33, 25, 5, 16, 12, 2, 22, 27, 31, 26, 37, 14, 38, 2, 24, 13, 28, 20, 33, 7, 28, 25, 13, 8, 22, 10, 5, 10, 35, 40, 40, 40, 11, 23, 38, 35, 13, 22, 28, 24, 35, 32, 31, 38, 32, 16, 31, 32, 29, 5, 21, 16, 35, 4, 40, 12, 38, 24, 1, 19, 5, 15, 39, 28, 19, 10, 23, 13, 23, 34, 1, 22, 1, 30, 38, 7, 9, 25, 29, 5, 7, 6, 9, 14, 27, 27, 26, 34, 28, 2, 15, 3, 22, 35, 20, 6, 32, 19, 29, 25, 35, 7, 12, 32, 14, 30, 16, 8, 7, 24, 21, 11, 30, 6, 20, 33, 17, 15, 39, 23, 40, 21, 3, 28, 7, 2, 5, 24, 22, 32, 7, 33, 32, 14, 16, 15, 32, 30, 35, 13, 11, 10, 32, 6, 30, 26, 22, 28, 28, 19, 23, 16, 26, 25, 18, 27, 12, 6, 39, 22, 20, 38, 37, 32, 40, 34, 22, 19, 11, 11, 21, 33, 17, 28, 20, 15, 33, 24, 6, 23, 25, 26, 28, 26, 14, 37, 9, 23, 27, 21, 16, 23, 4, 24, 22, 24, 4, 18, 1, 21, 32, 13, 36, 23, 11, 34, 33, 34, 35, 27, 14, 1, 24, 19, 30, 18, 31, 1, 9, 10, 2, 13, 23, 25, 27, 34, 23, 14, 19, 30, 15, 12, 5, 27, 7, 21, 15, 20, 34, 4, 9, 9, 17, 8, 5, 1, 19, 27, 3, 23, 20] 4820.746361055366 3601011.849499
CLO: [35, 21, 9, 2, 8, 25, 18, 8, 21, 21, 9, 2, 37, 13, 23, 27, 29, 31, 15, 9, 18, 36, 30, 29, 19, 28, 34, 13, 2, 30, 7, 35, 40, 33, 20, 26, 34, 40, 13, 29, 40, 29, 9, 20, 30, 21, 19, 11, 36, 27, 30, 25, 24, 36, 1, 2, 19, 7, 18, 17, 1, 7, 6, 30, 10, 22, 7, 16, 5, 34, 7, 39, 37, 16, 25, 8, 19, 19, 31, 22, 26, 7, 13, 9, 10, 8, 4, 14, 21, 23, 19, 35, 37, 31, 24, 13, 38, 6, 29, 16, 16, 19, 21, 2, 12, 34, 37, 36, 15, 34, 15, 30, 13, 40, 26, 38, 21, 17, 6, 37, 3, 25, 35, 22, 19, 11, 1, 28, 16, 19, 33, 7, 12, 16, 27, 18, 26, 40, 25, 28, 39, 39, 24, 16, 31, 16, 39, 20, 4, 6, 24, 11, 33, 16, 12, 15, 29, 22, 35, 23, 7, 19, 1, 24, 31, 17, 19, 35, 10, 5, 33, 3, 14, 6, 6, 17, 37, 20, 2, 14, 27, 9, 17, 1, 37, 15, 8, 9, 9, 13, 29, 1, 37, 26, 24, 31, 3, 28, 36, 16, 18, 4, 25, 21, 24, 10, 12, 19, 11, 17, 30, 16, 23, 31, 35, 3, 33, 20, 13, 9, 3, 1, 33, 40, 16, 2, 17, 33, 31, 26, 17, 23, 28, 11, 13, 31, 17, 32, 23, 21, 29, 32, 39, 14, 11, 28, 2, 6, 11, 22, 21, 1, 37, 38, 35, 22, 33, 8, 26, 2, 4, 26, 36, 3, 29, 1, 17, 12, 22, 4, 10, 21, 14, 3, 40, 14, 19, 11, 3, 8, 36, 29, 23, 8, 13, 8, 24, 1, 20, 1, 30, 28, 40, 14, 19, 31, 25, 23, 34, 16, 18, 26, 26, 28, 35, 40, 31, 1, 19, 33, 2, 12, 3, 17, 38, 23, 22, 37, 36, 35, 4, 32, 9, 22, 22, 18, 34, 40, 20, 19, 10, 24, 33, 4, 2, 6, 40, 13, 39, 21, 40, 1, 2, 7, 3, 19, 40, 12, 36, 19, 2, 17, 7, 11, 15, 9, 18, 4, 12, 35, 9, 15, 30, 7, 24, 40, 31, 14, 33, 7, 36, 21, 9, 16, 31, 29, 31, 37, 16, 13, 36, 4, 30, 15, 39, 15, 28, 35, 17, 6, 30, 18, 5, 29, 10, 34, 34, 35, 20, 7, 17, 1, 34, 6, 38, 18, 14, 3, 4, 13, 26, 31, 9, 36, 13, 1, 1, 1, 12, 8, 38, 12, 36, 18, 20, 27, 17, 36, 3, 31, 6, 16, 13, 14, 37, 35, 16, 10, 11, 19, 30, 30, 2, 36, 23, 16, 3, 3, 16, 8, 2, 18, 37, 3, 32, 7, 34, 28, 27, 18, 15, 16, 32, 32, 2, 12, 9, 8, 38, 22, 9, 26, 24, 4, 19, 7, 3, 28, 35, 9, 18, 34, 4, 15, 10, 23, 23, 13, 26, 28, 15, 22, 27, 3, 39, 7, 1, 38, 10, 2] 5796.936970950876 3600011.261971
-- 
Instance 4
seed: 1464138334743
--
SHC: [8, 5, 15, 16, 28, 29, 1, 35, 12, 15, 39, 10, 6, 39, 5, 28, 6, 24, 10, 4, 2, 17, 37, 34, 11, 32, 5, 37, 18, 5, 37, 2, 21, 25, 11, 38, 37, 37, 20, 7, 13, 39, 21, 25, 1, 40, 16, 13, 25, 25, 1, 20, 24, 11, 20, 17, 13, 13, 6, 28, 29, 40, 20, 2, 11, 15, 30, 10, 38, 26, 5, 11, 13, 34, 21, 1, 25, 7, 23, 6, 31, 4, 7, 5, 1, 36, 36, 33, 31, 22, 1, 36, 23, 28, 16, 4, 7, 34, 35, 16, 27, 1, 17, 1, 7, 3, 32, 19, 34, 25, 13, 27, 13, 1, 6, 10, 39, 9, 24, 31, 30, 8, 26, 34, 20, 29, 21, 29, 28, 30, 14, 37, 15, 38, 34, 30, 8, 6, 5, 22, 32, 25, 14, 7, 38, 30, 11, 24, 31, 14, 36, 21, 13, 5, 7, 2, 16, 14, 24, 23, 14, 23, 26, 29, 40, 12, 6, 23, 34, 31, 14, 36, 38, 37, 39, 16, 39, 3, 33, 10, 14, 31, 29, 40, 25, 28, 10, 23, 22, 37, 19, 7, 34, 34, 24, 3, 32, 32, 32, 22, 4, 27, 8, 1, 18, 15, 10, 1, 35, 12, 37, 29, 20, 16, 13, 5, 13, 30, 5, 6, 13, 36, 12, 23, 27, 21, 15, 4, 12, 22, 4, 9, 15, 37, 6, 18, 22, 36, 37, 22, 22, 20, 19, 20, 2, 20, 12, 30, 29, 16, 4, 2, 28, 24, 13, 2, 38, 35, 25, 27, 33, 10, 6, 2, 25, 9, 37, 26, 39, 16, 35, 3, 29, 32, 30, 20, 10, 32, 38, 33, 6, 15, 2, 32, 35, 4, 28, 21, 22, 10, 2, 5, 25, 23, 34, 15, 22, 28, 9, 30, 18, 30, 16, 12, 30, 2, 19, 1, 15, 24, 11, 33, 35, 30, 16, 27, 37, 14, 28, 29, 7, 26, 24, 29, 33, 3, 21, 2, 33, 24, 38, 10, 1, 12, 32, 13, 37, 20, 38, 6, 7, 24, 24, 1, 25, 18, 8, 24, 30, 16, 10, 31, 14, 31, 29, 32, 1, 40, 33, 25, 30, 27, 31, 33, 1, 4, 23, 18, 22, 30, 9, 33, 28, 11, 30, 39, 19, 6, 23, 26, 18, 7, 24, 16, 30, 29, 22, 25, 32, 19, 20, 29, 10, 17, 8, 15, 30, 27, 18, 15, 26, 30, 12, 9, 36, 31, 19, 13, 5, 30, 17, 38, 21, 23, 17, 11, 36, 9, 6, 37, 32, 31, 17, 39, 24, 12, 7, 33, 20, 28, 19, 40, 30, 6, 40, 32, 25, 13, 37, 25, 20, 14, 1, 23, 27, 3, 32, 19, 27, 14, 10, 7, 40, 26, 20, 7, 21, 26, 30, 35, 14, 37, 8, 17, 5, 25, 25, 7, 40, 12, 6, 22, 27, 2, 36, 10, 32, 25, 2, 30, 39, 8, 37, 28, 19, 6, 1, 2, 28, 31, 9, 24, 2, 24, 20, 38, 36, 20, 36, 11] 5658.765468852787 3600147.94351
SA: [25, 15, 12, 32, 22, 8, 10, 10, 4, 11, 30, 32, 9, 12, 22, 20, 28, 13, 3, 11, 6, 9, 6, 29, 20, 11, 40, 17, 6, 14, 27, 22, 10, 15, 15, 5, 34, 38, 32, 14, 27, 13, 37, 31, 36, 16, 20, 16, 11, 7, 6, 12, 25, 4, 4, 19, 17, 38, 39, 2, 21, 5, 25, 38, 8, 36, 35, 38, 16, 10, 36, 29, 36, 15, 8, 35, 8, 11, 22, 5, 32, 32, 26, 2, 19, 25, 1, 13, 13, 28, 3, 7, 7, 15, 29, 20, 38, 29, 35, 21, 21, 7, 4, 12, 3, 1, 33, 22, 39, 40, 17, 35, 16, 37, 6, 18, 21, 13, 1, 19, 22, 29, 19, 12, 7, 37, 13, 9, 30, 2, 33, 30, 15, 4, 2, 7, 12, 1, 38, 25, 21, 14, 14, 19, 35, 19, 22, 35, 8, 16, 31, 26, 2, 32, 30, 8, 14, 18, 4, 31, 11, 38, 12, 10, 13, 26, 7, 21, 29, 31, 32, 16, 10, 37, 4, 13, 12, 6, 7, 2, 12, 10, 25, 27, 37, 2, 16, 28, 35, 26, 21, 22, 25, 40, 9, 8, 5, 8, 2, 32, 19, 11, 13, 12, 28, 22, 22, 24, 22, 37, 16, 16, 10, 32, 5, 13, 20, 22, 5, 1, 32, 14, 10, 16, 19, 23, 17, 34, 39, 25, 14, 37, 17, 1, 7, 7, 9, 6, 18, 9, 40, 21, 13, 20, 35, 36, 33, 37, 20, 2, 38, 9, 25, 6, 6, 21, 23, 14, 39, 9, 6, 27, 35, 38, 25, 13, 38, 5, 20, 1, 4, 38, 38, 30, 12, 2, 30, 29, 17, 4, 37, 9, 32, 39, 23, 25, 23, 34, 20, 23, 23, 3, 33, 20, 15, 15, 17, 13, 36, 11, 17, 19, 25, 32, 23, 27, 13, 2, 35, 13, 26, 15, 19, 16, 36, 37, 21, 8, 36, 4, 39, 8, 37, 2, 25, 14, 10, 12, 5, 9, 24, 35, 27, 18, 18, 21, 15, 27, 2, 5, 26, 8, 16, 39, 22, 22, 26, 1, 26, 5, 36, 9, 14, 32, 9, 3, 40, 1, 29, 21, 25, 14, 23, 31, 32, 13, 34, 36, 29, 26, 3, 25, 18, 20, 26, 22, 19, 9, 4, 5, 35, 4, 32, 40, 31, 26, 27, 17, 18, 39, 20, 19, 11, 38, 23, 24, 32, 16, 33, 39, 30, 18, 29, 5, 19, 20, 37, 38, 36, 1, 39, 3, 16, 20, 17, 12, 31, 36, 16, 19, 17, 17, 10, 37, 1, 34, 17, 9, 29, 7, 16, 35, 14, 10, 15, 12, 32, 25, 39, 30, 18, 36, 17, 17, 4, 2, 30, 6, 1, 4, 27, 30, 39, 27, 29, 34, 28, 28, 23, 31, 36, 38, 34, 30, 6, 31, 37, 4, 2, 18, 22, 20, 39, 5, 1, 35, 2, 16, 26, 17, 25, 11, 7, 36, 9, 32, 26, 3, 30, 20, 16, 40, 29, 37, 37, 31, 34, 9, 18, 17] 4851.928110356344 3604901.878185
CLO: [35, 14, 7, 24, 18, 34, 13, 9, 26, 34, 2, 19, 32, 15, 23, 31, 35, 38, 12, 9, 1, 21, 24, 1, 23, 17, 38, 30, 25, 26, 31, 34, 23, 35, 38, 38, 23, 10, 25, 2, 8, 40, 1, 25, 21, 29, 20, 23, 15, 3, 2, 16, 6, 5, 12, 7, 38, 5, 40, 31, 21, 31, 25, 2, 21, 13, 12, 27, 12, 7, 37, 2, 16, 6, 7, 3, 1, 6, 27, 2, 15, 6, 16, 17, 2, 21, 33, 37, 33, 3, 28, 24, 18, 27, 22, 23, 7, 14, 20, 21, 2, 31, 4, 35, 39, 33, 2, 31, 16, 38, 30, 31, 14, 2, 3, 24, 19, 1, 19, 7, 28, 24, 28, 35, 3, 20, 9, 3, 28, 26, 10, 22, 29, 36, 18, 36, 24, 13, 19, 15, 26, 25, 1, 22, 24, 36, 14, 25, 10, 22, 29, 18, 36, 7, 24, 22, 22, 37, 29, 26, 5, 23, 27, 11, 11, 20, 27, 38, 24, 13, 33, 1, 2, 12, 9, 4, 10, 8, 38, 39, 38, 6, 21, 2, 12, 29, 33, 35, 21, 30, 16, 15, 32, 38, 3, 8, 38, 2, 18, 7, 17, 30, 30, 7, 37, 26, 40, 14, 31, 17, 22, 40, 2, 31, 30, 17, 32, 30, 19, 39, 21, 5, 21, 10, 8, 6, 21, 33, 3, 18, 21, 18, 25, 12, 30, 33, 31, 15, 11, 26, 3, 4, 19, 14, 9, 28, 36, 5, 5, 38, 11, 38, 34, 5, 34, 6, 33, 9, 37, 34, 5, 17, 31, 28, 11, 18, 14, 18, 8, 7, 23, 11, 10, 21, 16, 23, 32, 8, 27, 26, 5, 32, 28, 12, 40, 11, 21, 24, 39, 4, 9, 39, 18, 17, 12, 16, 36, 5, 17, 26, 13, 14, 6, 15, 25, 39, 18, 37, 35, 18, 23, 27, 30, 8, 10, 37, 26, 8, 32, 27, 7, 19, 34, 20, 28, 40, 24, 35, 30, 33, 28, 17, 13, 16, 37, 38, 27, 23, 13, 37, 13, 31, 4, 36, 4, 36, 35, 39, 37, 4, 4, 28, 12, 1, 14, 28, 32, 17, 31, 40, 15, 1, 19, 3, 2, 2, 33, 5, 36, 16, 36, 32, 36, 40, 38, 2, 33, 22, 16, 7, 5, 8, 15, 6, 10, 11, 33, 5, 10, 24, 30, 3, 35, 18, 1, 27, 30, 22, 28, 7, 8, 15, 19, 11, 34, 22, 33, 32, 35, 3, 24, 33, 14, 2, 20, 13, 30, 4, 6, 17, 5, 33, 37, 1, 4, 39, 34, 27, 29, 18, 20, 17, 4, 8, 31, 25, 28, 8, 18, 10, 14, 14, 20, 37, 19, 37, 7, 14, 11, 2, 34, 34, 39, 32, 39, 5, 16, 14, 19, 25, 26, 33, 35, 14, 3, 39, 20, 17, 14, 33, 35, 29, 4, 12, 35, 33, 26, 29, 4, 28, 21, 6, 33, 14, 34, 10, 18, 12, 26, 32, 8, 7, 2, 39, 39, 10, 33, 31, 29, 14] 5266.206138464943 3600342.342958
-- 
Instance 5
seed: 1464149194961
--
SHC: [36, 39, 7, 5, 19, 9, 34, 27, 30, 39, 3, 1, 33, 32, 31, 32, 39, 15, 21, 2, 29, 10, 15, 6, 35, 14, 11, 17, 8, 24, 5, 12, 33, 3, 20, 11, 13, 14, 6, 25, 8, 9, 32, 8, 34, 9, 29, 6, 3, 27, 18, 27, 38, 37, 20, 23, 7, 32, 7, 8, 18, 18, 13, 17, 18, 39, 7, 8, 2, 32, 18, 13, 11, 4, 1, 23, 35, 34, 34, 11, 18, 9, 8, 19, 20, 7, 13, 15, 23, 13, 2, 24, 23, 19, 3, 32, 19, 8, 4, 28, 22, 2, 12, 19, 31, 36, 17, 40, 16, 38, 1, 35, 12, 29, 2, 15, 11, 35, 21, 28, 6, 9, 21, 20, 9, 33, 8, 11, 33, 33, 9, 29, 21, 1, 31, 15, 30, 22, 29, 40, 21, 23, 31, 19, 31, 12, 38, 18, 23, 38, 40, 25, 40, 33, 31, 33, 5, 31, 20, 39, 16, 30, 8, 12, 13, 25, 31, 14, 38, 13, 9, 11, 13, 9, 6, 37, 21, 17, 29, 9, 36, 36, 26, 18, 2, 24, 10, 10, 39, 8, 28, 33, 10, 28, 13, 22, 20, 6, 32, 34, 15, 37, 24, 12, 38, 2, 4, 24, 34, 16, 30, 7, 13, 9, 31, 26, 7, 19, 8, 28, 11, 25, 12, 27, 38, 29, 6, 25, 19, 4, 14, 8, 21, 18, 39, 8, 34, 36, 11, 27, 38, 37, 11, 1, 40, 24, 27, 39, 20, 4, 5, 27, 29, 13, 24, 11, 21, 15, 29, 11, 30, 30, 13, 4, 37, 33, 10, 18, 7, 13, 1, 14, 30, 29, 25, 10, 23, 14, 3, 4, 20, 25, 13, 17, 33, 10, 37, 35, 37, 14, 19, 13, 39, 9, 10, 3, 10, 5, 21, 22, 15, 14, 17, 37, 14, 3, 27, 15, 32, 15, 18, 13, 27, 37, 31, 5, 11, 2, 21, 9, 10, 20, 30, 37, 12, 17, 32, 31, 9, 26, 27, 26, 15, 35, 15, 26, 20, 27, 38, 12, 13, 7, 27, 14, 38, 5, 38, 33, 39, 26, 30, 5, 6, 7, 9, 39, 15, 18, 35, 22, 5, 21, 40, 7, 35, 40, 32, 11, 36, 17, 30, 4, 3, 18, 28, 3, 1, 35, 31, 25, 32, 22, 35, 35, 40, 2, 11, 38, 21, 23, 31, 2, 26, 9, 10, 12, 23, 15, 14, 11, 35, 2, 31, 19, 6, 11, 25, 16, 14, 29, 14, 2, 12, 2, 24, 39, 1, 10, 15, 5, 18, 21, 40, 33, 13, 34, 35, 2, 39, 40, 15, 29, 12, 25, 20, 30, 10, 30, 20, 17, 35, 22, 6, 32, 21, 26, 33, 1, 39, 1, 2, 37, 10, 8, 30, 29, 2, 4, 31, 8, 15, 7, 22, 39, 12, 35, 1, 1, 11, 26, 2, 2, 27, 27, 20, 22, 24, 25, 10, 4, 14, 21, 40, 21, 33, 36, 40, 4, 35, 4, 28, 15, 11, 16, 6, 20, 6, 2, 20, 7] 5392.633899791434 3600156.529241
SA: [22, 32, 4, 38, 22, 15, 23, 23, 19, 39, 1, 16, 20, 25, 11, 5, 13, 23, 33, 34, 2, 7, 33, 12, 30, 19, 32, 32, 18, 16, 33, 17, 16, 18, 1, 39, 39, 37, 25, 28, 3, 8, 23, 12, 34, 15, 36, 29, 4, 28, 13, 22, 15, 25, 31, 1, 27, 5, 35, 34, 12, 4, 8, 25, 21, 20, 1, 6, 5, 6, 19, 34, 37, 18, 8, 37, 30, 38, 31, 38, 40, 31, 16, 38, 13, 13, 16, 35, 13, 12, 4, 13, 19, 21, 27, 36, 12, 26, 27, 37, 16, 16, 18, 33, 36, 26, 6, 38, 29, 2, 39, 6, 19, 15, 20, 8, 10, 8, 36, 26, 30, 33, 39, 33, 12, 24, 10, 7, 30, 40, 6, 35, 34, 11, 4, 16, 35, 31, 31, 23, 16, 25, 37, 16, 17, 17, 16, 20, 33, 9, 30, 33, 3, 9, 1, 6, 5, 2, 1, 11, 1, 11, 1, 30, 18, 25, 21, 14, 36, 8, 40, 19, 34, 15, 25, 30, 20, 37, 24, 20, 27, 23, 3, 35, 12, 35, 19, 39, 35, 3, 7, 8, 33, 34, 37, 6, 11, 40, 37, 25, 15, 23, 2, 27, 39, 39, 10, 24, 21, 31, 32, 10, 23, 10, 33, 12, 5, 34, 17, 1, 3, 32, 38, 22, 1, 9, 30, 1, 5, 19, 40, 3, 32, 38, 31, 35, 33, 24, 11, 30, 10, 38, 36, 35, 20, 24, 16, 12, 14, 20, 18, 40, 34, 13, 5, 22, 31, 38, 31, 20, 19, 32, 13, 9, 36, 37, 30, 34, 13, 19, 20, 6, 36, 30, 38, 34, 11, 39, 1, 26, 31, 28, 33, 28, 21, 7, 23, 40, 27, 20, 26, 11, 8, 17, 37, 33, 19, 33, 26, 38, 3, 35, 27, 12, 25, 15, 7, 37, 23, 19, 36, 32, 31, 35, 5, 24, 20, 14, 35, 16, 23, 12, 25, 28, 34, 20, 31, 29, 32, 1, 37, 1, 7, 35, 21, 37, 39, 9, 15, 22, 25, 31, 36, 11, 1, 15, 8, 35, 37, 40, 2, 18, 21, 34, 33, 20, 37, 22, 40, 24, 10, 30, 7, 11, 27, 28, 22, 11, 22, 1, 39, 12, 8, 15, 1, 34, 1, 11, 30, 38, 15, 15, 35, 35, 29, 39, 25, 32, 17, 18, 17, 5, 37, 24, 2, 23, 19, 29, 6, 26, 7, 20, 2, 27, 4, 1, 7, 35, 31, 39, 38, 21, 33, 26, 26, 35, 37, 34, 12, 17, 28, 32, 2, 12, 21, 15, 6, 17, 6, 28, 2, 26, 27, 27, 34, 17, 37, 35, 10, 21, 13, 16, 34, 10, 10, 9, 9, 20, 21, 36, 40, 9, 22, 6, 29, 25, 28, 15, 8, 40, 23, 32, 4, 20, 16, 28, 15, 7, 16, 23, 17, 13, 35, 13, 14, 18, 14, 11, 5, 38, 11, 7, 1, 22, 18, 19, 29, 39, 36, 39, 30, 21, 30, 5, 1, 16, 38, 18, 33, 16] 4689.325817545636 3624930.802792
CLO: [12, 28, 31, 20, 15, 40, 5, 27, 14, 31, 17, 27, 17, 5, 6, 7, 35, 18, 2, 33, 6, 12, 5, 7, 37, 7, 7, 35, 22, 23, 29, 16, 3, 5, 34, 24, 4, 28, 31, 34, 34, 31, 39, 27, 2, 28, 17, 1, 20, 24, 10, 26, 7, 6, 22, 6, 11, 35, 35, 23, 2, 40, 34, 17, 11, 34, 11, 31, 37, 14, 21, 26, 29, 14, 39, 28, 28, 24, 5, 3, 32, 6, 10, 17, 13, 16, 38, 39, 40, 5, 20, 10, 32, 1, 35, 38, 1, 8, 7, 22, 22, 9, 35, 30, 35, 21, 5, 16, 28, 23, 23, 10, 5, 14, 29, 1, 38, 29, 40, 23, 35, 11, 22, 39, 30, 22, 27, 34, 1, 11, 32, 17, 4, 16, 6, 34, 15, 35, 23, 1, 29, 3, 18, 3, 2, 20, 33, 16, 22, 24, 40, 9, 22, 9, 36, 28, 39, 11, 6, 33, 22, 22, 19, 36, 2, 25, 25, 11, 6, 10, 40, 18, 26, 26, 2, 25, 12, 5, 8, 32, 23, 15, 35, 1, 13, 2, 4, 35, 28, 12, 25, 23, 29, 6, 28, 3, 11, 31, 25, 4, 35, 30, 19, 8, 33, 31, 36, 33, 32, 12, 40, 22, 38, 13, 5, 20, 14, 19, 25, 1, 26, 29, 7, 9, 10, 22, 39, 25, 37, 14, 33, 1, 19, 4, 30, 39, 14, 29, 35, 30, 11, 20, 35, 14, 24, 22, 8, 28, 3, 7, 6, 10, 4, 40, 20, 34, 24, 10, 16, 19, 36, 18, 5, 38, 26, 24, 27, 35, 11, 26, 12, 12, 33, 23, 39, 6, 8, 6, 10, 23, 24, 11, 3, 34, 1, 32, 5, 30, 4, 8, 10, 5, 26, 14, 2, 32, 20, 13, 24, 7, 29, 25, 18, 23, 8, 34, 6, 10, 9, 9, 39, 1, 3, 34, 28, 28, 22, 1, 29, 25, 34, 10, 35, 27, 36, 24, 27, 10, 12, 23, 23, 16, 25, 6, 2, 28, 10, 27, 21, 24, 1, 34, 34, 28, 6, 9, 4, 21, 38, 18, 33, 40, 21, 20, 38, 31, 15, 3, 29, 8, 12, 11, 5, 3, 10, 4, 30, 38, 11, 15, 40, 14, 28, 7, 15, 14, 21, 27, 13, 33, 4, 40, 12, 30, 34, 27, 30, 34, 38, 35, 11, 31, 3, 29, 22, 33, 4, 25, 37, 17, 40, 34, 19, 35, 28, 11, 11, 2, 38, 37, 3, 36, 22, 21, 19, 40, 29, 10, 32, 27, 39, 4, 34, 33, 4, 8, 22, 9, 19, 16, 32, 40, 37, 5, 25, 1, 39, 2, 33, 29, 35, 34, 2, 25, 16, 23, 1, 16, 1, 22, 9, 40, 8, 18, 13, 29, 31, 9, 33, 5, 3, 13, 22, 20, 30, 19, 40, 38, 31, 14, 30, 25, 40, 15, 14, 30, 28, 24, 2, 20, 3, 34, 27, 12, 19, 17, 40, 4, 28, 11, 3, 27, 9, 12, 40, 27, 22, 33, 27, 23] 5630.459545449452 3600293.333391
-- 
Instance 6
seed: 1464160087718
--
SHC: [19, 15, 6, 12, 24, 20, 2, 25, 19, 21, 7, 4, 4, 34, 4, 1, 25, 9, 34, 19, 23, 39, 21, 7, 19, 21, 19, 39, 11, 16, 21, 36, 32, 32, 10, 6, 39, 23, 26, 12, 6, 34, 14, 38, 33, 14, 26, 30, 16, 29, 27, 35, 9, 36, 11, 27, 9, 12, 22, 24, 31, 22, 24, 19, 31, 17, 29, 14, 32, 6, 4, 37, 16, 32, 33, 6, 24, 16, 21, 39, 23, 28, 5, 27, 15, 7, 28, 29, 38, 4, 14, 1, 14, 4, 26, 4, 32, 15, 2, 31, 8, 39, 18, 32, 5, 8, 27, 29, 11, 35, 3, 1, 15, 10, 35, 22, 6, 38, 21, 34, 2, 35, 23, 23, 27, 38, 8, 21, 38, 37, 6, 29, 28, 4, 18, 8, 1, 24, 9, 3, 14, 20, 15, 30, 30, 9, 34, 33, 35, 35, 24, 15, 26, 22, 22, 13, 9, 39, 31, 1, 19, 39, 13, 6, 6, 34, 39, 35, 26, 30, 30, 19, 21, 15, 14, 7, 23, 39, 14, 31, 8, 27, 3, 33, 17, 16, 31, 8, 22, 4, 34, 21, 5, 18, 18, 3, 3, 13, 29, 28, 20, 9, 24, 25, 12, 40, 18, 23, 23, 23, 26, 37, 2, 25, 17, 26, 4, 30, 38, 35, 36, 25, 21, 2, 8, 25, 3, 18, 7, 17, 8, 7, 20, 2, 25, 19, 31, 18, 40, 18, 33, 14, 19, 15, 5, 11, 38, 31, 6, 10, 40, 19, 40, 18, 4, 20, 31, 16, 9, 31, 6, 25, 36, 24, 29, 40, 5, 34, 18, 18, 13, 20, 2, 38, 29, 8, 36, 19, 15, 13, 3, 26, 28, 20, 22, 35, 35, 31, 22, 27, 19, 5, 3, 18, 5, 3, 3, 27, 9, 4, 32, 4, 4, 21, 21, 21, 19, 28, 5, 22, 38, 6, 7, 25, 36, 17, 2, 31, 22, 7, 10, 39, 3, 33, 28, 24, 40, 20, 19, 15, 9, 13, 7, 12, 9, 17, 30, 31, 2, 40, 19, 16, 9, 40, 24, 36, 2, 22, 16, 11, 18, 24, 6, 23, 14, 22, 12, 7, 32, 7, 9, 17, 1, 8, 25, 6, 40, 12, 26, 38, 29, 24, 9, 13, 35, 21, 23, 22, 16, 16, 12, 19, 10, 6, 38, 39, 7, 25, 30, 34, 17, 24, 39, 20, 20, 18, 20, 37, 21, 11, 20, 40, 33, 15, 21, 8, 40, 19, 18, 19, 4, 35, 10, 35, 2, 30, 31, 35, 27, 29, 39, 15, 39, 35, 35, 28, 39, 39, 34, 14, 29, 20, 33, 8, 34, 33, 9, 6, 20, 28, 21, 7, 26, 34, 14, 31, 30, 26, 29, 24, 22, 7, 36, 32, 14, 4, 1, 21, 29, 33, 40, 5, 34, 36, 12, 19, 36, 27, 26, 27, 19, 22, 3, 23, 38, 18, 19, 10, 26, 39, 18, 17, 35, 11, 39, 10, 2, 23, 4, 4, 19, 23, 26, 6, 18, 15, 34, 19, 22, 25] 5414.048524147827 3600008.063822
SA: [26, 3, 1, 20, 34, 9, 36, 2, 6, 10, 28, 12, 30, 30, 7, 9, 14, 11, 20, 9, 7, 7, 14, 23, 11, 10, 25, 13, 13, 2, 11, 31, 21, 26, 9, 17, 12, 24, 12, 14, 15, 33, 10, 40, 19, 15, 7, 28, 35, 13, 13, 15, 36, 6, 4, 14, 24, 30, 12, 15, 19, 17, 28, 9, 37, 38, 6, 27, 40, 38, 14, 5, 34, 1, 4, 26, 28, 8, 37, 39, 28, 24, 32, 4, 31, 15, 31, 17, 11, 33, 34, 37, 23, 6, 14, 12, 16, 4, 36, 10, 9, 4, 24, 10, 38, 18, 36, 32, 2, 13, 3, 24, 18, 11, 19, 25, 34, 14, 8, 40, 7, 10, 1, 34, 28, 32, 22, 11, 29, 31, 4, 35, 33, 36, 5, 16, 25, 26, 38, 28, 31, 13, 11, 30, 5, 34, 19, 40, 16, 23, 37, 35, 38, 8, 36, 7, 31, 7, 3, 6, 16, 8, 21, 37, 25, 12, 4, 6, 14, 6, 27, 19, 34, 27, 3, 8, 2, 9, 15, 27, 30, 39, 22, 33, 24, 39, 11, 40, 25, 14, 25, 24, 27, 25, 21, 21, 25, 29, 23, 26, 19, 33, 35, 23, 13, 26, 6, 17, 4, 3, 32, 5, 34, 40, 8, 9, 20, 2, 28, 34, 25, 30, 19, 23, 34, 35, 31, 39, 3, 22, 1, 40, 35, 13, 28, 2, 3, 34, 2, 6, 9, 17, 25, 12, 38, 20, 31, 3, 31, 8, 10, 20, 38, 39, 17, 18, 15, 7, 34, 28, 20, 21, 28, 28, 35, 12, 12, 20, 20, 27, 32, 21, 19, 3, 9, 22, 4, 10, 35, 38, 2, 23, 32, 30, 33, 2, 19, 20, 19, 29, 27, 20, 3, 38, 32, 21, 28, 11, 1, 26, 16, 21, 5, 13, 8, 16, 5, 26, 27, 16, 40, 25, 31, 11, 29, 38, 27, 35, 9, 33, 10, 27, 22, 24, 17, 22, 6, 16, 5, 37, 19, 14, 36, 39, 1, 6, 21, 39, 39, 20, 15, 21, 19, 29, 32, 32, 4, 13, 9, 6, 40, 29, 21, 9, 26, 37, 32, 2, 34, 4, 28, 27, 26, 19, 19, 30, 23, 12, 10, 5, 5, 21, 16, 35, 2, 33, 30, 7, 23, 19, 34, 40, 40, 2, 34, 9, 8, 30, 26, 17, 34, 15, 21, 36, 6, 15, 38, 15, 1, 7, 37, 16, 36, 26, 12, 32, 29, 7, 14, 13, 13, 38, 6, 17, 38, 25, 35, 24, 7, 19, 1, 10, 27, 5, 23, 13, 11, 28, 7, 15, 24, 5, 28, 12, 10, 15, 15, 13, 15, 27, 21, 5, 8, 25, 38, 5, 2, 12, 40, 16, 5, 1, 38, 15, 3, 35, 8, 19, 10, 1, 23, 35, 27, 10, 22, 3, 18, 26, 15, 2, 15, 18, 26, 38, 9, 31, 39, 13, 29, 26, 35, 7, 14, 32, 13, 7, 35, 11, 2, 40, 37, 13, 38, 9, 32, 8, 4, 17, 9, 14] 4770.505757639603 3601304.473164
CLO: [26, 14, 16, 34, 21, 36, 20, 33, 21, 27, 36, 29, 21, 28, 8, 32, 27, 38, 2, 16, 22, 16, 7, 34, 38, 24, 28, 32, 23, 33, 15, 21, 29, 10, 6, 12, 7, 16, 15, 33, 2, 36, 6, 31, 2, 34, 36, 1, 8, 33, 34, 36, 11, 20, 2, 1, 37, 32, 38, 1, 33, 15, 32, 16, 19, 16, 37, 28, 33, 37, 31, 31, 8, 11, 29, 32, 14, 25, 17, 1, 35, 22, 30, 1, 35, 3, 19, 17, 38, 39, 25, 35, 35, 25, 13, 30, 20, 40, 34, 30, 5, 39, 14, 7, 10, 28, 23, 4, 12, 7, 18, 4, 7, 32, 8, 9, 3, 25, 14, 21, 37, 19, 7, 26, 9, 28, 24, 24, 23, 5, 23, 14, 24, 2, 9, 40, 27, 19, 39, 7, 32, 16, 20, 7, 16, 25, 37, 26, 6, 19, 38, 17, 30, 30, 30, 10, 9, 3, 30, 13, 26, 27, 2, 40, 16, 27, 20, 35, 1, 4, 25, 22, 23, 38, 11, 38, 17, 28, 3, 30, 17, 27, 24, 2, 29, 37, 24, 39, 12, 18, 2, 30, 15, 31, 6, 24, 2, 13, 10, 4, 30, 10, 17, 27, 28, 23, 18, 4, 24, 15, 3, 19, 39, 39, 7, 36, 14, 4, 35, 13, 1, 30, 25, 18, 28, 25, 31, 18, 9, 12, 16, 31, 39, 34, 28, 19, 20, 38, 22, 29, 15, 28, 22, 3, 36, 19, 1, 10, 4, 22, 26, 32, 25, 31, 31, 3, 19, 17, 25, 18, 18, 36, 17, 25, 32, 40, 5, 26, 34, 24, 34, 38, 3, 5, 12, 28, 21, 25, 23, 8, 21, 24, 17, 37, 1, 1, 7, 5, 25, 26, 9, 15, 16, 18, 2, 37, 13, 24, 21, 12, 2, 7, 4, 35, 24, 39, 37, 24, 13, 31, 8, 12, 28, 6, 13, 38, 7, 2, 30, 13, 34, 40, 9, 20, 23, 33, 31, 32, 10, 4, 40, 6, 33, 9, 29, 23, 10, 4, 2, 13, 33, 16, 38, 7, 12, 4, 40, 40, 12, 14, 24, 14, 10, 14, 23, 15, 17, 5, 28, 14, 3, 28, 3, 40, 2, 26, 12, 7, 29, 5, 38, 22, 20, 9, 38, 7, 2, 14, 24, 16, 6, 11, 40, 37, 29, 17, 6, 23, 10, 11, 36, 34, 36, 1, 37, 37, 18, 36, 35, 38, 5, 20, 13, 22, 2, 21, 27, 24, 18, 7, 32, 16, 8, 28, 27, 22, 31, 13, 18, 1, 22, 6, 3, 2, 1, 40, 24, 20, 36, 5, 31, 1, 6, 14, 3, 11, 24, 32, 26, 22, 25, 37, 28, 37, 31, 14, 29, 4, 28, 22, 23, 9, 11, 2, 15, 13, 37, 5, 34, 1, 36, 16, 3, 35, 36, 30, 12, 24, 1, 30, 7, 27, 17, 2, 24, 20, 40, 36, 9, 28, 24, 23, 17, 4, 13, 3, 10, 29, 6, 27, 21, 34, 15, 25, 29, 17, 10, 26, 28, 1] 5442.45908303161 3600215.392133
-- 
Instance 7
seed: 1464170938376
--
SHC: [31, 30, 34, 9, 8, 27, 24, 5, 3, 37, 2, 11, 17, 5, 7, 10, 22, 32, 21, 32, 35, 21, 29, 4, 17, 20, 24, 36, 34, 18, 34, 27, 16, 7, 39, 15, 28, 9, 31, 36, 3, 10, 31, 24, 35, 1, 39, 12, 27, 14, 39, 36, 40, 22, 8, 20, 4, 9, 13, 30, 32, 21, 23, 4, 26, 32, 40, 14, 19, 21, 39, 17, 7, 28, 18, 29, 15, 8, 2, 9, 35, 15, 24, 12, 32, 37, 37, 19, 26, 37, 32, 18, 27, 30, 32, 17, 34, 29, 17, 29, 22, 21, 12, 7, 17, 40, 22, 29, 18, 40, 34, 19, 26, 22, 27, 38, 9, 30, 26, 5, 17, 5, 30, 12, 15, 33, 33, 38, 34, 27, 30, 14, 12, 35, 1, 26, 37, 17, 7, 21, 15, 3, 37, 7, 13, 32, 28, 11, 36, 31, 17, 30, 19, 37, 19, 31, 31, 33, 30, 7, 39, 22, 20, 21, 31, 28, 3, 14, 23, 27, 18, 24, 19, 6, 28, 24, 22, 32, 21, 18, 7, 37, 31, 10, 22, 7, 28, 8, 40, 20, 26, 24, 29, 40, 6, 8, 11, 21, 14, 31, 35, 19, 17, 19, 25, 21, 14, 39, 18, 2, 33, 37, 3, 5, 40, 13, 20, 26, 35, 2, 13, 4, 2, 29, 16, 40, 32, 25, 29, 35, 21, 10, 38, 13, 26, 34, 6, 4, 6, 2, 5, 27, 5, 17, 28, 9, 39, 12, 27, 15, 15, 10, 35, 39, 26, 11, 29, 39, 26, 4, 8, 2, 14, 18, 10, 27, 33, 17, 14, 39, 23, 39, 36, 30, 23, 18, 6, 6, 18, 34, 6, 20, 25, 28, 37, 39, 39, 28, 22, 19, 22, 7, 33, 15, 3, 26, 4, 12, 16, 27, 28, 26, 30, 2, 25, 24, 28, 11, 39, 39, 19, 19, 1, 28, 36, 3, 16, 25, 33, 30, 8, 31, 1, 12, 36, 2, 25, 40, 8, 33, 21, 29, 36, 16, 7, 15, 33, 36, 15, 1, 12, 10, 39, 3, 31, 24, 20, 13, 31, 25, 8, 4, 32, 24, 13, 15, 12, 1, 28, 32, 26, 24, 19, 2, 3, 23, 21, 19, 9, 35, 4, 15, 16, 26, 9, 22, 30, 23, 20, 19, 39, 27, 23, 2, 32, 33, 28, 6, 21, 15, 15, 10, 13, 21, 31, 31, 5, 1, 6, 25, 35, 3, 39, 34, 28, 22, 23, 32, 33, 26, 4, 36, 19, 19, 34, 4, 38, 10, 28, 3, 37, 39, 40, 17, 9, 26, 27, 8, 21, 20, 12, 20, 5, 15, 13, 6, 15, 40, 35, 30, 4, 16, 31, 18, 21, 37, 36, 23, 12, 37, 1, 18, 5, 39, 1, 36, 13, 30, 21, 40, 8, 18, 28, 34, 25, 12, 17, 38, 34, 30, 26, 34, 11, 5, 25, 26, 9, 5, 35, 38, 24, 31, 37, 25, 35, 25, 23, 40, 40, 10, 33, 4, 17, 24, 10, 15, 5, 8, 15, 31] 5818.278035609995 3600096.734459
SA: [24, 29, 10, 13, 40, 25, 18, 2, 1, 22, 25, 25, 32, 29, 20, 33, 31, 20, 14, 39, 24, 11, 24, 4, 10, 19, 23, 33, 20, 5, 7, 38, 17, 27, 3, 33, 32, 32, 6, 18, 40, 36, 27, 25, 11, 2, 6, 15, 7, 26, 8, 40, 13, 30, 5, 37, 29, 5, 16, 6, 17, 40, 18, 15, 24, 7, 32, 30, 22, 5, 10, 29, 28, 38, 31, 38, 35, 18, 18, 38, 37, 40, 11, 35, 38, 31, 15, 13, 7, 7, 9, 26, 30, 14, 29, 5, 10, 3, 29, 1, 27, 2, 18, 1, 39, 1, 23, 21, 38, 15, 14, 14, 16, 37, 27, 10, 20, 37, 8, 33, 2, 21, 29, 4, 12, 2, 27, 16, 10, 4, 11, 38, 16, 8, 39, 32, 17, 28, 14, 34, 39, 22, 39, 5, 11, 38, 32, 23, 2, 18, 18, 11, 4, 4, 13, 33, 5, 6, 34, 40, 27, 14, 14, 37, 13, 13, 13, 19, 21, 34, 12, 27, 29, 4, 6, 17, 26, 37, 39, 34, 5, 32, 36, 23, 31, 14, 14, 1, 10, 39, 37, 36, 33, 34, 2, 28, 9, 19, 31, 23, 10, 34, 25, 34, 3, 5, 20, 14, 14, 16, 14, 8, 36, 8, 30, 3, 18, 39, 3, 8, 9, 1, 36, 17, 16, 28, 39, 21, 10, 22, 17, 15, 15, 38, 25, 30, 32, 21, 32, 31, 6, 2, 13, 26, 36, 21, 38, 13, 15, 34, 33, 16, 17, 30, 3, 26, 5, 21, 12, 19, 19, 34, 33, 20, 22, 22, 23, 25, 19, 18, 15, 13, 27, 21, 8, 11, 6, 31, 12, 40, 22, 38, 3, 10, 33, 13, 38, 37, 2, 1, 28, 24, 18, 8, 35, 19, 28, 24, 29, 22, 11, 33, 8, 17, 5, 19, 19, 14, 35, 1, 13, 34, 5, 36, 36, 26, 10, 24, 26, 34, 35, 17, 3, 29, 30, 23, 19, 20, 11, 35, 26, 32, 14, 35, 11, 15, 35, 13, 36, 16, 15, 33, 34, 10, 12, 8, 20, 19, 15, 24, 12, 11, 39, 1, 2, 23, 40, 38, 11, 11, 38, 3, 37, 28, 28, 26, 37, 25, 8, 35, 37, 6, 20, 24, 21, 7, 16, 9, 24, 20, 7, 31, 23, 27, 33, 1, 29, 35, 31, 36, 26, 16, 5, 31, 5, 25, 18, 22, 3, 20, 7, 27, 39, 14, 37, 30, 35, 23, 17, 36, 39, 22, 6, 19, 10, 13, 17, 14, 34, 20, 17, 39, 29, 15, 4, 8, 11, 7, 10, 31, 13, 20, 32, 19, 30, 14, 33, 8, 22, 8, 7, 31, 24, 32, 12, 28, 33, 11, 22, 18, 23, 3, 11, 12, 2, 24, 24, 14, 27, 6, 40, 36, 34, 3, 18, 15, 14, 31, 10, 22, 26, 20, 9, 17, 33, 18, 32, 34, 15, 24, 14, 1, 25, 22, 10, 2, 36, 32, 27, 21, 40, 25, 26, 12, 20, 3, 21, 38, 1, 24] 4950.182772918126 3618545.708569
CLO: [8, 19, 22, 30, 19, 14, 35, 24, 14, 40, 32, 18, 9, 12, 8, 33, 5, 7, 25, 16, 36, 30, 17, 9, 2, 19, 21, 39, 32, 33, 36, 35, 25, 40, 7, 17, 22, 35, 12, 15, 12, 6, 32, 18, 5, 24, 1, 12, 8, 4, 6, 22, 10, 30, 38, 37, 29, 39, 13, 20, 32, 37, 29, 15, 38, 2, 29, 23, 32, 40, 21, 6, 14, 30, 25, 33, 34, 9, 36, 37, 16, 33, 5, 39, 33, 22, 29, 36, 23, 40, 33, 34, 3, 24, 19, 25, 18, 23, 23, 26, 14, 24, 35, 26, 1, 12, 24, 18, 28, 19, 38, 15, 5, 10, 19, 7, 31, 37, 36, 34, 6, 25, 20, 5, 5, 30, 1, 40, 25, 31, 6, 15, 4, 10, 19, 38, 23, 38, 33, 34, 38, 18, 17, 6, 24, 2, 28, 14, 22, 5, 37, 18, 6, 31, 27, 32, 25, 36, 11, 5, 16, 4, 2, 18, 22, 7, 15, 31, 23, 5, 31, 15, 38, 26, 10, 15, 35, 21, 3, 12, 4, 4, 30, 40, 8, 38, 33, 1, 38, 36, 12, 22, 26, 29, 13, 15, 32, 28, 29, 8, 18, 40, 38, 1, 6, 32, 38, 13, 20, 9, 21, 21, 27, 29, 33, 17, 21, 34, 11, 18, 11, 15, 10, 7, 11, 24, 14, 1, 21, 6, 31, 37, 29, 25, 12, 38, 19, 39, 39, 5, 15, 24, 29, 38, 31, 37, 28, 40, 19, 14, 5, 24, 7, 39, 40, 34, 31, 40, 31, 6, 26, 23, 11, 3, 5, 29, 26, 35, 24, 3, 18, 34, 14, 39, 24, 27, 38, 6, 17, 25, 22, 22, 34, 8, 39, 9, 26, 22, 35, 2, 36, 33, 11, 6, 27, 37, 5, 40, 31, 10, 19, 40, 4, 32, 7, 17, 25, 16, 34, 37, 12, 9, 20, 40, 22, 20, 13, 6, 20, 4, 10, 18, 2, 6, 4, 12, 13, 8, 10, 29, 36, 8, 22, 10, 7, 12, 37, 35, 37, 25, 24, 31, 5, 27, 24, 14, 30, 9, 30, 34, 22, 18, 32, 28, 13, 7, 32, 14, 20, 31, 15, 17, 8, 9, 14, 21, 9, 33, 13, 1, 7, 2, 12, 23, 28, 20, 14, 5, 14, 3, 30, 5, 24, 4, 34, 34, 15, 12, 12, 8, 11, 38, 16, 24, 12, 33, 39, 6, 20, 20, 25, 38, 4, 7, 26, 1, 14, 7, 27, 24, 25, 35, 25, 24, 34, 29, 3, 3, 32, 14, 28, 7, 40, 34, 33, 13, 39, 3, 5, 24, 6, 8, 39, 39, 15, 27, 37, 9, 38, 25, 18, 12, 21, 37, 10, 2, 36, 1, 7, 17, 40, 2, 4, 13, 22, 6, 6, 13, 27, 5, 3, 6, 10, 9, 2, 32, 5, 12, 2, 11, 18, 5, 31, 5, 34, 14, 31, 3, 11, 21, 35, 1, 28, 28, 8, 24, 40, 15, 20, 35, 4, 2, 6, 6, 35, 36, 15, 36, 34, 12] 5404.140049690111 3600152.358658
-- 
Instance 8
seed: 1464181803571
--
SHC: [17, 11, 27, 38, 26, 6, 18, 6, 14, 22, 7, 2, 16, 20, 35, 38, 29, 12, 24, 2, 22, 36, 5, 39, 27, 31, 36, 24, 17, 2, 24, 19, 15, 16, 20, 39, 3, 4, 33, 8, 20, 31, 39, 21, 27, 10, 39, 19, 14, 26, 28, 26, 2, 38, 20, 37, 19, 20, 14, 15, 26, 21, 2, 1, 27, 32, 15, 40, 31, 37, 37, 19, 28, 39, 16, 10, 39, 36, 37, 2, 33, 25, 36, 37, 3, 14, 26, 38, 32, 2, 18, 34, 14, 15, 40, 10, 15, 37, 2, 5, 10, 13, 35, 2, 13, 3, 36, 27, 16, 15, 9, 38, 17, 13, 14, 37, 38, 16, 12, 37, 4, 21, 36, 19, 16, 11, 15, 2, 9, 25, 40, 10, 25, 40, 22, 26, 17, 32, 1, 6, 40, 30, 16, 3, 32, 2, 21, 15, 30, 22, 22, 7, 36, 19, 33, 24, 20, 22, 11, 14, 27, 8, 5, 3, 39, 27, 11, 31, 15, 39, 2, 30, 30, 29, 14, 15, 3, 35, 37, 40, 39, 29, 19, 7, 12, 14, 35, 11, 15, 35, 23, 34, 10, 13, 13, 28, 1, 9, 14, 28, 30, 23, 27, 38, 27, 24, 6, 3, 4, 30, 26, 18, 38, 3, 33, 34, 8, 3, 32, 26, 4, 22, 32, 33, 26, 37, 36, 1, 10, 14, 34, 5, 3, 17, 32, 32, 29, 36, 5, 6, 32, 13, 33, 19, 22, 2, 1, 35, 12, 30, 35, 8, 40, 19, 26, 39, 7, 12, 30, 30, 22, 23, 36, 7, 3, 38, 38, 2, 32, 12, 6, 18, 37, 36, 28, 13, 28, 5, 2, 7, 27, 32, 32, 32, 14, 15, 40, 33, 13, 22, 32, 23, 18, 6, 24, 22, 24, 29, 23, 38, 22, 28, 39, 11, 16, 1, 33, 22, 11, 26, 38, 33, 11, 29, 11, 8, 27, 37, 39, 3, 31, 14, 5, 8, 25, 26, 17, 21, 23, 4, 17, 11, 14, 25, 33, 34, 5, 22, 35, 33, 32, 13, 9, 30, 22, 17, 32, 19, 34, 17, 35, 40, 3, 18, 33, 21, 8, 4, 12, 25, 36, 31, 7, 13, 25, 6, 19, 38, 13, 16, 30, 9, 22, 24, 8, 33, 9, 11, 11, 13, 23, 28, 23, 13, 12, 36, 10, 26, 10, 18, 29, 37, 3, 25, 37, 39, 21, 31, 39, 40, 19, 3, 14, 12, 33, 33, 23, 31, 1, 23, 33, 25, 23, 12, 16, 5, 13, 32, 14, 3, 12, 31, 7, 6, 8, 31, 31, 15, 6, 24, 2, 8, 36, 35, 23, 37, 37, 19, 34, 36, 17, 24, 13, 21, 21, 19, 26, 37, 3, 36, 40, 13, 33, 39, 39, 23, 6, 21, 25, 32, 7, 22, 15, 1, 37, 20, 22, 39, 16, 2, 12, 11, 28, 12, 19, 20, 6, 9, 19, 40, 11, 26, 16, 2, 13, 38, 17, 21, 3, 22, 8, 22, 12, 12, 28, 15, 12, 9, 5, 8] 5317.573537899182 3600011.523399
SA: [30, 8, 23, 37, 11, 16, 25, 13, 8, 27, 15, 14, 24, 15, 36, 23, 21, 12, 23, 10, 8, 28, 38, 25, 28, 30, 30, 17, 2, 12, 33, 25, 35, 29, 10, 39, 5, 13, 7, 3, 16, 18, 31, 18, 37, 9, 12, 38, 8, 4, 22, 19, 21, 9, 37, 20, 31, 3, 36, 28, 35, 38, 23, 28, 24, 26, 28, 34, 15, 35, 37, 18, 11, 5, 28, 5, 6, 3, 34, 21, 11, 5, 8, 20, 37, 28, 24, 17, 8, 30, 30, 8, 19, 12, 40, 37, 21, 30, 9, 24, 6, 6, 12, 15, 34, 31, 33, 12, 8, 38, 24, 26, 36, 19, 14, 28, 39, 25, 3, 27, 12, 3, 37, 40, 39, 10, 26, 22, 33, 4, 3, 37, 35, 25, 5, 9, 34, 26, 13, 18, 40, 22, 6, 21, 3, 35, 13, 16, 1, 23, 35, 2, 6, 23, 36, 29, 39, 18, 28, 9, 17, 25, 19, 28, 25, 21, 31, 37, 10, 40, 17, 26, 17, 20, 31, 20, 5, 19, 4, 23, 34, 12, 7, 21, 38, 6, 25, 10, 8, 22, 14, 29, 4, 2, 14, 27, 29, 18, 19, 14, 12, 18, 31, 32, 3, 11, 5, 14, 27, 34, 35, 39, 19, 22, 23, 31, 9, 8, 37, 22, 17, 31, 38, 8, 18, 1, 16, 7, 15, 32, 29, 34, 12, 33, 16, 35, 22, 26, 19, 26, 25, 36, 14, 21, 15, 11, 2, 35, 5, 23, 35, 34, 4, 35, 15, 1, 40, 20, 26, 25, 32, 13, 7, 9, 25, 25, 25, 34, 18, 25, 3, 32, 28, 1, 29, 34, 13, 5, 24, 6, 30, 23, 14, 35, 1, 36, 10, 6, 13, 17, 11, 15, 25, 11, 16, 1, 1, 30, 31, 27, 22, 36, 25, 5, 30, 36, 5, 14, 24, 27, 12, 35, 8, 39, 10, 19, 1, 21, 33, 15, 33, 17, 4, 39, 30, 4, 12, 34, 29, 26, 40, 39, 39, 35, 8, 10, 35, 13, 6, 22, 28, 12, 17, 24, 3, 31, 12, 23, 35, 1, 23, 16, 16, 10, 19, 38, 6, 10, 20, 2, 31, 20, 13, 20, 35, 35, 40, 32, 28, 6, 30, 16, 11, 34, 5, 7, 30, 32, 40, 16, 5, 22, 30, 26, 36, 1, 20, 12, 18, 7, 7, 25, 20, 14, 13, 35, 1, 13, 37, 5, 14, 40, 37, 6, 14, 6, 22, 4, 2, 9, 28, 7, 2, 23, 14, 40, 26, 32, 33, 30, 19, 18, 3, 2, 9, 21, 4, 1, 16, 27, 11, 4, 7, 12, 35, 24, 31, 31, 15, 22, 33, 32, 7, 12, 23, 37, 17, 8, 28, 31, 39, 38, 22, 40, 30, 37, 4, 19, 36, 35, 12, 5, 13, 29, 17, 13, 3, 30, 37, 29, 34, 26, 32, 12, 36, 19, 30, 28, 30, 28, 36, 15, 36, 8, 1, 36, 32, 4, 33, 11, 6, 1, 32, 13, 13, 5, 37, 37, 4, 40] 4707.629924465795 3606592.209664
CLO: [6, 31, 39, 2, 6, 10, 37, 34, 27, 31, 19, 16, 17, 5, 19, 25, 40, 5, 13, 16, 25, 12, 3, 31, 7, 34, 9, 7, 25, 37, 10, 20, 36, 19, 5, 23, 2, 18, 15, 25, 35, 6, 2, 25, 27, 22, 10, 27, 21, 27, 32, 6, 5, 7, 16, 39, 35, 13, 37, 7, 19, 19, 13, 6, 25, 33, 7, 26, 36, 37, 8, 16, 4, 12, 20, 6, 38, 30, 26, 10, 36, 15, 17, 7, 9, 30, 22, 10, 2, 20, 8, 28, 40, 2, 26, 23, 18, 39, 7, 22, 14, 21, 29, 35, 18, 39, 39, 8, 15, 17, 22, 26, 1, 20, 34, 27, 21, 29, 11, 3, 16, 8, 36, 17, 5, 6, 15, 3, 12, 40, 3, 24, 4, 7, 1, 22, 9, 26, 31, 22, 9, 3, 11, 32, 32, 14, 10, 35, 35, 23, 33, 5, 1, 39, 15, 36, 30, 3, 6, 7, 9, 9, 22, 4, 5, 15, 26, 30, 37, 10, 6, 3, 16, 8, 29, 30, 5, 34, 34, 7, 40, 26, 4, 38, 9, 5, 13, 15, 30, 12, 35, 5, 39, 13, 5, 13, 38, 17, 35, 13, 2, 10, 34, 17, 18, 35, 16, 34, 4, 28, 7, 35, 7, 40, 18, 18, 20, 36, 32, 24, 9, 23, 36, 27, 24, 33, 35, 16, 29, 9, 6, 33, 20, 39, 31, 14, 25, 2, 32, 7, 25, 30, 14, 10, 37, 22, 21, 35, 15, 11, 14, 38, 36, 38, 19, 36, 35, 8, 36, 32, 3, 11, 25, 5, 32, 19, 15, 30, 9, 15, 16, 9, 16, 39, 19, 4, 21, 1, 34, 30, 28, 11, 18, 19, 11, 23, 38, 4, 23, 38, 4, 18, 15, 10, 33, 21, 28, 37, 24, 13, 31, 39, 29, 4, 37, 8, 16, 19, 12, 19, 29, 24, 32, 18, 17, 9, 25, 28, 31, 40, 37, 40, 40, 10, 10, 36, 24, 13, 33, 23, 13, 6, 5, 23, 35, 37, 36, 15, 19, 13, 5, 25, 2, 36, 39, 12, 37, 27, 3, 34, 39, 18, 31, 25, 26, 4, 2, 12, 3, 18, 5, 5, 18, 22, 27, 1, 32, 22, 33, 39, 23, 11, 13, 39, 12, 14, 22, 36, 28, 22, 4, 37, 29, 24, 16, 29, 1, 3, 27, 13, 14, 14, 39, 19, 28, 17, 33, 26, 25, 21, 24, 29, 24, 25, 8, 9, 1, 2, 15, 22, 10, 13, 25, 17, 34, 20, 38, 9, 22, 28, 16, 20, 5, 23, 35, 15, 38, 2, 37, 6, 25, 13, 24, 12, 27, 2, 1, 2, 11, 12, 7, 7, 17, 22, 29, 10, 6, 36, 12, 9, 31, 26, 38, 13, 3, 32, 16, 34, 4, 14, 3, 8, 26, 2, 13, 33, 11, 3, 28, 40, 39, 16, 3, 18, 7, 34, 29, 12, 29, 3, 21, 24, 23, 37, 8, 5, 13, 37, 19, 9, 18, 9, 22, 22, 40, 40, 2, 7, 36, 15] 5387.823943995542 3600265.191662
-- 
Instance 9
seed: 1464192661752
--
SHC: [10, 11, 36, 10, 36, 34, 34, 6, 23, 31, 36, 25, 22, 37, 34, 12, 14, 1, 29, 13, 23, 26, 10, 19, 24, 27, 39, 5, 38, 34, 9, 8, 9, 34, 32, 39, 3, 6, 15, 37, 29, 21, 17, 6, 39, 2, 32, 11, 36, 38, 27, 12, 32, 31, 15, 32, 15, 1, 15, 8, 20, 17, 29, 26, 10, 30, 29, 2, 2, 12, 33, 18, 34, 1, 17, 25, 22, 36, 14, 2, 14, 2, 36, 27, 28, 15, 2, 6, 8, 32, 7, 29, 18, 36, 3, 14, 3, 35, 31, 30, 40, 7, 18, 34, 4, 15, 16, 32, 40, 3, 25, 36, 27, 17, 12, 31, 40, 37, 38, 33, 23, 40, 19, 23, 4, 32, 8, 24, 22, 5, 10, 25, 22, 35, 22, 16, 37, 35, 22, 22, 8, 4, 21, 6, 34, 23, 7, 2, 15, 8, 40, 4, 16, 32, 32, 26, 39, 7, 31, 35, 32, 7, 26, 6, 35, 4, 34, 9, 26, 24, 6, 39, 11, 3, 37, 27, 11, 31, 2, 25, 20, 5, 36, 36, 22, 28, 32, 10, 14, 23, 13, 27, 22, 7, 20, 8, 32, 15, 34, 9, 23, 19, 14, 31, 4, 21, 37, 8, 2, 38, 8, 16, 31, 17, 5, 21, 39, 15, 1, 11, 38, 27, 22, 21, 10, 23, 35, 4, 27, 15, 34, 19, 8, 16, 4, 10, 39, 4, 20, 8, 25, 40, 28, 20, 40, 34, 16, 1, 5, 38, 21, 25, 10, 40, 37, 29, 9, 19, 19, 8, 39, 40, 5, 12, 28, 3, 35, 12, 17, 39, 26, 8, 37, 17, 37, 7, 36, 25, 24, 23, 38, 13, 26, 8, 39, 9, 40, 38, 23, 25, 24, 13, 1, 31, 8, 15, 22, 39, 11, 17, 21, 12, 5, 20, 34, 4, 28, 30, 32, 24, 35, 17, 4, 16, 11, 20, 8, 2, 8, 13, 16, 27, 30, 16, 12, 14, 31, 25, 2, 1, 34, 21, 32, 34, 24, 6, 3, 31, 6, 30, 23, 10, 3, 19, 20, 11, 21, 25, 9, 23, 36, 5, 31, 31, 10, 29, 13, 19, 21, 21, 11, 21, 19, 20, 29, 27, 9, 5, 22, 36, 40, 33, 38, 27, 12, 17, 2, 9, 10, 3, 39, 13, 38, 3, 34, 39, 22, 8, 6, 10, 7, 6, 11, 23, 2, 10, 24, 22, 34, 3, 30, 32, 12, 13, 24, 8, 27, 2, 18, 39, 16, 30, 29, 23, 27, 18, 20, 7, 16, 13, 38, 13, 40, 21, 32, 3, 27, 11, 14, 8, 7, 28, 14, 30, 8, 28, 18, 35, 4, 30, 40, 17, 33, 30, 23, 9, 30, 23, 32, 29, 19, 16, 15, 10, 5, 1, 20, 28, 26, 11, 26, 19, 5, 14, 28, 20, 15, 36, 31, 11, 35, 18, 24, 11, 11, 16, 34, 32, 36, 29, 27, 11, 19, 29, 21, 37, 18, 39, 12, 31, 12, 30, 9, 6, 32, 18, 26, 36, 5, 7] 5462.700375487946 3600138.555372
SA: [28, 24, 30, 37, 22, 29, 33, 37, 35, 29, 1, 35, 11, 3, 37, 23, 27, 7, 21, 8, 39, 29, 4, 8, 34, 25, 11, 9, 16, 39, 22, 30, 38, 29, 21, 29, 26, 4, 38, 23, 34, 3, 8, 14, 21, 8, 28, 23, 32, 10, 2, 37, 30, 5, 16, 39, 33, 8, 26, 22, 14, 13, 38, 6, 11, 11, 24, 6, 26, 40, 14, 26, 32, 6, 37, 35, 17, 7, 28, 37, 21, 32, 14, 19, 36, 35, 15, 7, 3, 36, 37, 7, 40, 3, 4, 24, 31, 24, 17, 17, 23, 15, 11, 35, 14, 23, 25, 21, 2, 10, 25, 30, 19, 38, 4, 33, 1, 23, 15, 28, 27, 39, 12, 28, 2, 17, 13, 27, 31, 30, 30, 31, 9, 14, 6, 13, 31, 15, 36, 3, 13, 26, 15, 32, 15, 7, 19, 25, 30, 10, 24, 18, 6, 37, 30, 38, 33, 5, 31, 37, 12, 29, 31, 15, 23, 40, 16, 32, 24, 38, 10, 7, 8, 16, 29, 36, 27, 37, 15, 12, 23, 31, 20, 3, 36, 31, 23, 5, 25, 29, 28, 22, 31, 36, 35, 40, 31, 35, 34, 22, 31, 8, 2, 37, 33, 23, 14, 27, 22, 7, 31, 17, 40, 10, 32, 30, 34, 12, 8, 6, 18, 5, 5, 14, 3, 39, 11, 10, 36, 27, 12, 3, 3, 7, 10, 16, 16, 18, 23, 17, 28, 34, 21, 13, 7, 13, 40, 30, 1, 5, 37, 5, 26, 30, 4, 25, 1, 13, 22, 26, 17, 22, 24, 16, 2, 33, 15, 24, 21, 23, 8, 1, 27, 35, 39, 33, 31, 29, 1, 17, 35, 9, 39, 36, 38, 3, 37, 40, 12, 6, 35, 16, 33, 12, 34, 19, 10, 19, 9, 33, 33, 14, 3, 39, 14, 9, 35, 26, 24, 12, 14, 11, 18, 1, 26, 24, 3, 18, 17, 19, 10, 2, 10, 16, 10, 4, 13, 9, 11, 21, 29, 34, 29, 7, 6, 31, 28, 30, 15, 10, 6, 3, 8, 23, 19, 29, 38, 19, 37, 7, 32, 35, 8, 35, 14, 31, 29, 38, 7, 27, 34, 33, 30, 11, 10, 15, 39, 19, 16, 37, 23, 23, 18, 11, 9, 39, 18, 13, 8, 5, 14, 32, 27, 19, 31, 16, 7, 34, 26, 19, 16, 38, 29, 40, 27, 34, 21, 7, 36, 25, 12, 8, 17, 38, 39, 23, 25, 37, 3, 34, 20, 25, 10, 3, 39, 12, 13, 12, 17, 20, 11, 13, 13, 17, 9, 3, 24, 24, 36, 23, 22, 40, 21, 28, 31, 13, 7, 13, 17, 13, 17, 2, 18, 27, 19, 30, 2, 6, 37, 12, 14, 33, 23, 3, 30, 13, 5, 22, 6, 16, 36, 13, 29, 37, 18, 9, 37, 40, 15, 20, 32, 10, 9, 40, 26, 38, 31, 7, 9, 23, 22, 26, 20, 35, 2, 18, 7, 28, 24, 32, 31, 35, 1, 30, 1, 28, 28, 5, 32, 9] 4852.528353828843 3610089.837938
CLO: [28, 24, 32, 9, 10, 36, 3, 28, 6, 26, 17, 27, 29, 4, 18, 2, 30, 22, 10, 6, 26, 2, 26, 20, 13, 4, 27, 16, 9, 5, 33, 21, 4, 30, 8, 19, 30, 2, 30, 27, 9, 22, 5, 11, 4, 21, 34, 4, 22, 27, 39, 40, 4, 19, 33, 10, 15, 36, 31, 38, 21, 38, 1, 23, 2, 18, 7, 15, 34, 24, 6, 33, 14, 28, 12, 18, 33, 6, 29, 30, 14, 1, 4, 7, 40, 6, 7, 25, 29, 5, 7, 25, 32, 9, 3, 11, 34, 18, 32, 26, 28, 33, 39, 34, 27, 2, 19, 25, 40, 27, 5, 12, 3, 19, 14, 7, 11, 6, 16, 4, 21, 37, 25, 37, 23, 34, 29, 4, 16, 25, 32, 15, 38, 18, 29, 25, 11, 2, 21, 27, 12, 17, 39, 18, 23, 7, 32, 10, 33, 32, 40, 9, 7, 39, 25, 38, 38, 14, 12, 7, 40, 19, 10, 26, 20, 6, 27, 11, 2, 6, 39, 13, 26, 12, 15, 20, 24, 40, 39, 6, 30, 23, 18, 26, 8, 14, 18, 40, 40, 24, 18, 32, 22, 27, 26, 23, 12, 17, 31, 4, 28, 19, 28, 17, 17, 39, 25, 37, 1, 10, 38, 14, 5, 40, 36, 12, 27, 16, 16, 8, 35, 29, 21, 35, 23, 31, 5, 19, 8, 1, 27, 8, 37, 11, 36, 5, 3, 39, 25, 34, 38, 8, 17, 39, 22, 7, 32, 34, 39, 16, 33, 17, 16, 14, 31, 12, 22, 2, 30, 25, 12, 23, 21, 27, 17, 27, 24, 12, 6, 15, 2, 23, 20, 16, 37, 27, 11, 8, 12, 2, 9, 25, 37, 32, 29, 23, 13, 6, 7, 8, 17, 5, 14, 18, 7, 24, 37, 23, 8, 19, 19, 20, 34, 16, 5, 21, 5, 24, 26, 4, 26, 14, 4, 25, 35, 23, 14, 19, 11, 22, 30, 21, 3, 36, 40, 4, 22, 12, 36, 12, 27, 5, 29, 33, 20, 8, 31, 11, 22, 33, 28, 7, 39, 35, 11, 11, 31, 36, 22, 34, 21, 17, 39, 21, 32, 9, 38, 1, 22, 35, 1, 12, 28, 30, 33, 3, 11, 21, 13, 38, 11, 35, 29, 16, 31, 13, 20, 3, 12, 26, 3, 40, 7, 16, 14, 20, 3, 8, 6, 14, 27, 39, 18, 20, 10, 10, 10, 30, 36, 25, 2, 26, 9, 17, 16, 30, 14, 32, 10, 29, 7, 22, 23, 16, 29, 33, 40, 14, 32, 6, 34, 22, 25, 10, 11, 1, 7, 38, 30, 29, 12, 25, 29, 35, 34, 15, 34, 10, 24, 7, 34, 29, 27, 19, 22, 31, 19, 24, 7, 23, 27, 21, 30, 14, 4, 9, 22, 5, 31, 5, 7, 12, 13, 16, 7, 5, 13, 9, 14, 39, 24, 39, 6, 7, 37, 13, 21, 16, 4, 17, 33, 26, 33, 3, 31, 10, 24, 11, 32, 14, 23, 11, 14, 16, 4, 4, 13, 28, 35, 4] 5171.040815838634 3600159.984986
-- Summary -- 
*SHC*
Found PNE: 0/10
Approx Average: 5574.982423431093
*SA*
Found PNE: 0/10
Approx Average: 4850.361015081432
*CLO*
Found PNE: 0/10
Approx Average: 5473.5544670607
