Number of instances: 10
Game: Normal Form Game
Players: 10
Actions: 10
Metaheuristics time: 600
-- 
Instance 0
seed: 1463994763759
--
SHC: [5, 6, 2, 2, 5, 2, 3, 8, 9, 4] 16.218307303842693 600002.137752
SA: [1, 7, 8, 9, 5, 1, 1, 7, 10, 8] 0.0 46624.660484
CLO: [1, 7, 8, 9, 5, 1, 1, 7, 10, 8] 0.0 5268.908328
-- 
Instance 1
seed: 1463996087832
--
SHC: [9, 5, 7, 9, 5, 6, 1, 1, 1, 9] 0.0 46043.725612
SA: [9, 5, 7, 9, 5, 6, 1, 1, 1, 9] 0.0 19104.058733
CLO: [9, 8, 10, 5, 4, 7, 9, 1, 1, 9] 0.0 14533.869477
-- 
Instance 2
seed: 1463996249780
--
SHC: [9, 8, 4, 2, 1, 9, 9, 5, 7, 5] 4.727567043885188 600000.020628
SA: [9, 8, 4, 2, 1, 9, 9, 5, 7, 5] 4.727567043885188 600000.536239
CLO: [9, 8, 4, 2, 1, 9, 9, 5, 7, 5] 4.727567043885188 600000.077514
-- 
Instance 3
seed: 1463999904831
--
SHC: [5, 6, 9, 7, 5, 1, 7, 2, 8, 2] 0.27268854648946217 600000.01593
SA: [5, 6, 9, 7, 5, 1, 7, 2, 8, 2] 0.27268854648946217 600000.167766
CLO: [5, 6, 9, 7, 5, 1, 7, 2, 8, 2] 0.27268854648946217 600000.111324
-- 
Instance 4
seed: 1464003557322
--
SHC: [5, 10, 9, 3, 6, 5, 10, 1, 3, 1] 11.715162247554247 600000.010316
SA: [4, 8, 2, 1, 4, 9, 4, 1, 10, 7] 0.0 109605.037227
CLO: [4, 8, 2, 1, 4, 9, 4, 1, 10, 7] 0.0 82854.404001
-- 
Instance 5
seed: 1464005165034
--
SHC: [10, 7, 2, 3, 5, 9, 3, 7, 9, 6] 10.136220337847561 600000.020652
SA: [8, 2, 1, 1, 2, 8, 3, 9, 4, 1] 8.454114358441643 600000.523439
CLO: [8, 2, 1, 1, 2, 8, 3, 9, 4, 1] 8.454114358441643 600000.026021
-- 
Instance 6
seed: 1464008816186
--
SHC: [10, 9, 1, 4, 7, 10, 9, 8, 9, 4] 0.0 336662.366183
SA: [10, 9, 1, 4, 7, 10, 9, 8, 9, 4] 0.0 136960.536042
CLO: [10, 9, 1, 4, 7, 10, 9, 8, 9, 4] 0.0 4383.582909
-- 
Instance 7
seed: 1464009785978
--
SHC: [7, 6, 4, 1, 6, 7, 3, 3, 5, 6] 0.0 401665.471934
SA: [7, 6, 4, 1, 6, 7, 3, 3, 5, 6] 0.0 54495.816176
CLO: [7, 6, 4, 1, 6, 7, 3, 3, 5, 6] 0.0 53120.668229
-- 
Instance 8
seed: 1464010819109
--
SHC: [10, 6, 2, 6, 10, 9, 1, 9, 5, 8] 15.557669299656823 600000.011672
SA: [10, 6, 2, 6, 10, 9, 1, 9, 5, 8] 15.557669299656823 600000.295039
CLO: [10, 6, 2, 6, 10, 9, 1, 9, 5, 8] 15.557669299656823 600000.034542
-- 
Instance 9
seed: 1464014470974
--
SHC: [3, 9, 2, 8, 2, 1, 3, 3, 8, 10] 0.0 236130.087332
SA: [3, 9, 2, 8, 2, 1, 3, 3, 8, 10] 0.0 154665.315716
CLO: [3, 5, 8, 10, 7, 7, 2, 1, 6, 2] 0.0 25423.355122
-- Summary -- 
*SHC*
Found PNE: 4/10
Found Time: 255125.412765ms
Approx Average: 9.771269129879329
*SA*
Found PNE: 6/10
Found Time: 86909.237396ms
Approx Average: 7.253009812118279
*CLO*
Found PNE: 6/10
Found Time: 30930.798011ms
Approx Average: 7.253009812118279
