Number of instances: 10
Game: Normal Form Game
Players: 50
Actions: 400
Metaheuristics time: 3600
-- 
Instance 0
seed: 1464094856406
--
SHC: [141, 185, 335, 166, 312, 183, 265, 158, 258, 216, 216, 165, 272, 105, 97, 368, 47, 45, 346, 75, 127, 123, 105, 138, 289, 268, 60, 188, 164, 182, 313, 193, 256, 286, 78, 284, 215, 283, 285, 363, 277, 101, 205, 147, 211, 310, 335, 13, 254, 382] 1287.1997015099842 3600040.315661
SA: [93, 183, 352, 194, 163, 292, 173, 57, 110, 124, 8, 58, 101, 342, 368, 23, 295, 229, 111, 282, 291, 136, 70, 297, 238, 349, 98, 207, 301, 225, 302, 106, 155, 350, 205, 136, 286, 340, 135, 42, 55, 101, 213, 149, 20, 83, 34, 99, 78, 291] 1172.1054664660076 3602957.098227
CLO: [377, 211, 252, 67, 306, 122, 320, 255, 304, 381, 264, 253, 372, 170, 100, 194, 269, 384, 197, 340, 188, 1, 122, 300, 163, 19, 374, 175, 84, 17, 152, 273, 320, 118, 276, 171, 261, 147, 170, 7, 364, 377, 217, 367, 308, 262, 354, 251, 64, 335] 1176.5559625641188 3600015.719736
-- 
Instance 1
seed: 1464105758071
--
SHC: [16, 60, 384, 239, 316, 14, 297, 59, 21, 371, 355, 2, 250, 207, 222, 238, 288, 179, 399, 267, 397, 398, 201, 98, 363, 220, 363, 351, 145, 92, 300, 378, 12, 192, 23, 226, 84, 77, 226, 244, 252, 338, 95, 27, 304, 246, 351, 74, 256, 247] 1322.271206322554 3600001.812721
SA: [293, 152, 12, 82, 207, 136, 6, 239, 30, 183, 349, 168, 171, 6, 183, 174, 105, 392, 7, 242, 355, 208, 286, 79, 245, 390, 256, 19, 263, 381, 362, 362, 127, 105, 4, 395, 88, 87, 189, 381, 244, 202, 289, 395, 379, 287, 300, 209, 200, 88] 1269.6285864363185 3602015.259797
CLO: [259, 139, 382, 246, 73, 306, 141, 270, 111, 383, 310, 249, 124, 275, 151, 134, 332, 86, 71, 287, 142, 191, 181, 255, 148, 135, 166, 85, 56, 217, 164, 140, 369, 396, 322, 263, 197, 156, 320, 169, 10, 278, 58, 241, 132, 96, 387, 394, 336, 378] 1120.5763971059794 3600014.981198
-- 
Instance 2
seed: 1464116619545
--
SHC: [30, 155, 2, 316, 96, 185, 382, 353, 296, 121, 122, 64, 309, 174, 17, 275, 194, 168, 247, 56, 396, 187, 316, 73, 95, 274, 56, 12, 39, 140, 87, 259, 6, 132, 51, 102, 99, 94, 398, 115, 344, 77, 102, 18, 361, 322, 383, 58, 208, 63] 1287.017188257493 3600016.5753
SA: [238, 85, 3, 363, 153, 371, 279, 100, 217, 377, 312, 192, 346, 188, 216, 90, 37, 297, 50, 178, 93, 135, 378, 345, 317, 335, 172, 220, 83, 173, 44, 351, 147, 203, 89, 15, 393, 250, 135, 202, 253, 221, 105, 355, 275, 371, 390, 341, 324, 150] 1207.9948461207998 3601774.65047
CLO: [279, 132, 313, 313, 321, 196, 90, 197, 130, 319, 263, 135, 378, 75, 152, 76, 180, 332, 176, 350, 8, 305, 357, 98, 107, 289, 359, 277, 136, 6, 180, 34, 389, 121, 118, 111, 66, 157, 140, 358, 91, 248, 95, 13, 195, 257, 242, 102, 266, 196] 1098.4610604728568 3600002.218578
-- 
Instance 3
seed: 1464127458179
--
SHC: [49, 100, 195, 310, 124, 23, 60, 274, 92, 83, 61, 186, 294, 236, 50, 48, 281, 145, 361, 53, 252, 320, 389, 230, 259, 374, 121, 358, 89, 137, 259, 255, 296, 277, 216, 268, 356, 144, 1, 61, 40, 216, 12, 167, 66, 96, 223, 79, 223, 307] 1166.3503498510192 3600009.799531
SA: [395, 330, 340, 148, 367, 201, 265, 126, 197, 228, 304, 173, 204, 246, 203, 352, 66, 172, 14, 220, 130, 244, 25, 106, 156, 115, 271, 69, 12, 255, 189, 400, 213, 109, 136, 372, 182, 209, 83, 283, 146, 241, 360, 364, 269, 225, 250, 120, 31, 234] 1210.940093386628 3602224.284576
CLO: [211, 134, 147, 161, 115, 116, 304, 24, 142, 303, 370, 316, 317, 359, 115, 167, 110, 93, 325, 56, 282, 147, 294, 294, 229, 284, 175, 161, 147, 29, 291, 263, 49, 393, 299, 370, 297, 168, 137, 65, 214, 315, 296, 48, 134, 357, 86, 127, 161, 47] 1152.5680955532805 3600031.622423
-- 
Instance 4
seed: 1464138308864
--
SHC: [390, 264, 123, 33, 62, 104, 39, 361, 59, 324, 215, 235, 40, 33, 126, 216, 365, 336, 397, 120, 222, 112, 228, 129, 103, 372, 285, 307, 347, 69, 75, 130, 177, 117, 235, 333, 336, 281, 76, 69, 57, 94, 379, 26, 309, 214, 151, 77, 278, 374] 1357.1352165325388 3600027.981408
SA: [47, 86, 92, 245, 185, 45, 100, 133, 106, 3, 271, 98, 11, 127, 388, 158, 138, 143, 159, 152, 152, 120, 285, 256, 315, 323, 183, 154, 85, 361, 28, 192, 114, 343, 347, 368, 222, 41, 69, 368, 219, 218, 393, 244, 337, 317, 23, 251, 20, 109] 1164.7163667212578 3601324.067796
CLO: [6, 63, 117, 384, 6, 176, 229, 321, 109, 95, 35, 382, 66, 43, 38, 263, 263, 205, 287, 328, 221, 354, 46, 148, 108, 337, 30, 191, 342, 286, 372, 223, 189, 88, 150, 25, 147, 45, 17, 75, 146, 78, 352, 300, 94, 284, 314, 109, 1, 71] 1248.8400275646297 3600003.074235
-- 
Instance 5
seed: 1464149154103
--
SHC: [142, 57, 237, 370, 180, 9, 116, 168, 348, 176, 214, 53, 215, 162, 76, 200, 31, 397, 172, 188, 167, 340, 137, 232, 277, 129, 303, 214, 89, 213, 35, 87, 378, 220, 333, 332, 299, 90, 36, 381, 132, 295, 173, 271, 81, 73, 280, 191, 229, 146] 1278.7947961476925 3600038.545488
SA: [71, 82, 249, 28, 395, 30, 230, 6, 342, 13, 213, 387, 396, 167, 323, 137, 359, 317, 166, 163, 243, 186, 167, 387, 183, 40, 92, 100, 331, 400, 14, 242, 20, 79, 32, 318, 196, 262, 353, 42, 149, 68, 370, 377, 62, 198, 234, 392, 228, 55] 1177.1576458213592 3603557.553889
CLO: [299, 287, 85, 392, 198, 338, 154, 135, 118, 378, 202, 316, 46, 38, 301, 359, 146, 198, 347, 67, 282, 315, 394, 58, 177, 158, 98, 259, 342, 335, 157, 113, 393, 279, 378, 115, 152, 387, 98, 309, 96, 156, 145, 51, 257, 114, 259, 215, 179, 136] 1096.7965424059364 3600017.54511
-- 
Instance 6
seed: 1464159990250
--
SHC: [301, 324, 326, 250, 307, 236, 261, 310, 121, 326, 389, 42, 103, 392, 223, 377, 213, 178, 377, 397, 44, 166, 331, 33, 319, 303, 92, 99, 367, 15, 185, 393, 92, 381, 263, 335, 156, 256, 264, 204, 309, 15, 90, 274, 365, 107, 152, 1, 96, 343] 1269.9605164150105 3600003.475535
SA: [178, 286, 277, 201, 207, 152, 380, 186, 227, 7, 33, 240, 21, 303, 184, 57, 118, 97, 151, 179, 166, 76, 375, 219, 25, 286, 336, 198, 74, 144, 322, 23, 18, 48, 250, 130, 1, 160, 395, 137, 288, 343, 58, 35, 397, 87, 129, 212, 317, 209] 1211.961141248823 3603399.930815
CLO: [364, 394, 42, 215, 396, 73, 256, 224, 319, 14, 265, 134, 201, 184, 99, 59, 346, 235, 18, 216, 317, 118, 390, 387, 219, 303, 369, 279, 93, 391, 37, 98, 373, 254, 400, 272, 378, 359, 169, 45, 276, 366, 110, 106, 4, 238, 28, 89, 337, 17] 1379.8242510372288 3600022.794046
-- 
Instance 7
seed: 1464170831187
--
SHC: [311, 245, 271, 232, 385, 293, 42, 151, 278, 159, 63, 4, 317, 76, 201, 249, 374, 360, 6, 331, 302, 47, 363, 73, 49, 136, 87, 279, 205, 302, 17, 27, 105, 249, 230, 124, 285, 300, 345, 2, 255, 301, 211, 160, 42, 12, 377, 70, 11, 47] 1340.8316683266842 3600035.502438
SA: [189, 280, 126, 242, 185, 248, 129, 136, 234, 238, 159, 291, 31, 355, 253, 69, 317, 297, 31, 224, 43, 110, 188, 312, 202, 346, 204, 182, 350, 388, 86, 268, 81, 94, 242, 329, 356, 191, 10, 29, 254, 153, 374, 337, 202, 99, 119, 72, 277, 258] 1185.067863262483 3603715.69589
CLO: [267, 198, 343, 248, 234, 287, 291, 105, 258, 221, 377, 77, 218, 276, 372, 373, 272, 227, 2, 366, 67, 318, 261, 38, 384, 16, 193, 50, 124, 360, 354, 339, 334, 324, 201, 373, 255, 372, 175, 86, 27, 232, 12, 336, 328, 281, 9, 290, 387, 368] 1171.3071828529437 3600015.385759
-- 
Instance 8
seed: 1464181667438
--
SHC: [318, 289, 71, 251, 119, 75, 164, 239, 35, 156, 273, 87, 159, 255, 146, 197, 152, 398, 337, 210, 142, 309, 174, 41, 221, 15, 171, 195, 224, 95, 323, 210, 29, 396, 147, 347, 167, 311, 265, 253, 314, 353, 145, 239, 276, 65, 295, 133, 222, 53] 1329.1459510887157 3600020.979061
SA: [139, 301, 206, 2, 97, 57, 293, 55, 299, 92, 235, 240, 187, 171, 39, 2, 195, 151, 371, 97, 236, 249, 188, 135, 316, 95, 30, 8, 126, 161, 262, 34, 48, 71, 394, 235, 234, 282, 133, 118, 342, 323, 58, 12, 192, 261, 371, 301, 365, 372] 1264.0243606650183 3604609.859036
CLO: [211, 343, 193, 4, 214, 82, 326, 131, 196, 209, 3, 192, 26, 88, 105, 301, 82, 239, 97, 350, 188, 5, 323, 111, 34, 380, 179, 40, 366, 43, 78, 397, 305, 330, 140, 340, 219, 372, 279, 86, 390, 183, 127, 291, 400, 153, 124, 253, 357, 320] 1182.5287785641624 3600024.240166
-- 
Instance 9
seed: 1464192504440
--
SHC: [253, 9, 8, 255, 310, 131, 272, 126, 395, 39, 369, 201, 114, 102, 362, 329, 145, 374, 388, 325, 292, 174, 304, 124, 265, 266, 34, 135, 34, 290, 396, 48, 296, 104, 397, 194, 15, 173, 29, 291, 193, 164, 53, 156, 355, 3, 262, 45, 130, 126] 1210.5856756320231 3600015.057088
SA: [337, 134, 161, 115, 51, 105, 240, 199, 38, 269, 344, 323, 220, 124, 52, 358, 100, 373, 110, 150, 104, 333, 358, 71, 122, 250, 105, 44, 298, 226, 373, 45, 306, 362, 369, 131, 346, 48, 69, 319, 70, 275, 115, 140, 275, 61, 82, 291, 168, 67] 1265.995440754803 3601941.054346
CLO: [184, 313, 27, 14, 392, 278, 382, 299, 142, 127, 129, 258, 82, 153, 124, 302, 288, 184, 93, 130, 81, 52, 390, 354, 287, 49, 102, 356, 308, 254, 121, 318, 100, 283, 222, 118, 383, 52, 123, 232, 218, 100, 23, 312, 356, 216, 114, 268, 21, 38] 1157.551457128529 3600031.453248
-- Summary -- 
*SHC*
Found PNE: 0/10
Approx Average: 1284.9292270083715
*SA*
Found PNE: 0/10
Approx Average: 1212.9591810883499
*CLO*
Found PNE: 0/10
Approx Average: 1178.5009755249669
