Number of instances: 10
Game: Normal Form Game
Players: 50
Actions: 100
Metaheuristics time: 3600
-- 
Instance 0
seed: 1464094856409
--
SHC: [33, 49, 72, 43, 50, 59, 100, 42, 74, 7, 95, 65, 92, 72, 40, 53, 54, 63, 65, 73, 77, 64, 18, 89, 34, 50, 6, 95, 2, 68, 73, 30, 45, 42, 78, 3, 95, 93, 9, 100, 18, 32, 36, 38, 2, 91, 42, 23, 89, 54] 920.9847611838719 3600007.128132
SA: [25, 53, 76, 20, 81, 94, 53, 27, 41, 5, 31, 82, 100, 68, 46, 32, 42, 73, 46, 10, 96, 10, 54, 35, 26, 66, 21, 10, 74, 85, 85, 22, 22, 93, 95, 18, 72, 65, 13, 100, 6, 89, 14, 8, 8, 35, 69, 12, 52, 46] 947.3940201865297 3600826.208912
CLO: [4, 52, 69, 74, 99, 64, 32, 59, 21, 86, 74, 86, 92, 37, 46, 43, 21, 12, 33, 35, 14, 52, 84, 52, 19, 44, 18, 3, 82, 65, 91, 17, 25, 6, 96, 15, 85, 72, 81, 8, 21, 54, 58, 55, 28, 21, 51, 84, 40, 52] 848.566873932005 3600003.491278
-- 
Instance 1
seed: 1464105739813
--
SHC: [1, 87, 74, 14, 77, 28, 39, 35, 77, 48, 71, 22, 71, 78, 90, 82, 23, 63, 64, 96, 16, 55, 41, 88, 74, 11, 22, 25, 65, 74, 58, 94, 82, 16, 37, 18, 78, 78, 89, 100, 28, 14, 28, 64, 1, 67, 10, 70, 34, 49] 962.3602394383782 3600006.755253
SA: [2, 50, 53, 61, 63, 69, 82, 64, 11, 82, 39, 47, 47, 36, 48, 20, 94, 8, 40, 48, 77, 2, 15, 2, 31, 32, 77, 4, 65, 96, 13, 11, 10, 3, 85, 47, 98, 5, 76, 93, 7, 22, 50, 67, 86, 31, 67, 64, 44, 48] 985.7868367208738 3600136.530411
CLO: [77, 70, 24, 56, 51, 4, 83, 95, 25, 60, 82, 48, 62, 54, 30, 63, 82, 32, 36, 73, 50, 44, 43, 45, 79, 95, 93, 69, 79, 27, 10, 53, 63, 45, 97, 49, 49, 68, 72, 40, 12, 63, 40, 84, 54, 21, 99, 17, 13, 31] 834.0278800137023 3600002.853651
-- 
Instance 2
seed: 1464116599467
--
SHC: [63, 75, 100, 9, 42, 17, 7, 98, 71, 69, 51, 18, 64, 42, 18, 57, 97, 49, 30, 44, 77, 26, 27, 69, 38, 88, 12, 18, 84, 47, 49, 21, 41, 29, 10, 53, 54, 80, 76, 45, 33, 89, 66, 90, 18, 9, 19, 91, 92, 95] 1036.4379501697676 3600001.440583
SA: [46, 55, 90, 96, 40, 10, 69, 18, 47, 42, 24, 34, 63, 1, 85, 13, 20, 18, 20, 17, 73, 1, 74, 76, 50, 34, 58, 7, 77, 20, 29, 20, 65, 97, 84, 83, 55, 94, 30, 4, 30, 27, 37, 92, 48, 88, 81, 52, 81, 43] 1006.1628152194335 3600052.73417
CLO: [15, 65, 73, 100, 39, 35, 24, 100, 100, 39, 45, 40, 41, 52, 16, 48, 80, 58, 33, 34, 36, 88, 15, 97, 70, 37, 11, 11, 48, 47, 42, 39, 13, 5, 28, 55, 40, 17, 17, 17, 57, 13, 52, 70, 72, 39, 68, 52, 47, 17] 862.9162391727673 3600005.874906
-- 
Instance 3
seed: 1464127485910
--
SHC: [75, 83, 75, 43, 84, 43, 60, 1, 30, 36, 16, 57, 56, 56, 95, 14, 12, 39, 55, 82, 42, 51, 93, 7, 5, 79, 43, 3, 51, 22, 64, 52, 10, 60, 12, 7, 10, 92, 5, 87, 18, 85, 14, 99, 46, 94, 99, 99, 95, 10] 981.3432319077548 3600007.389917
SA: [75, 17, 95, 36, 57, 86, 63, 92, 94, 83, 37, 45, 34, 2, 63, 67, 66, 12, 31, 37, 22, 91, 31, 32, 48, 30, 90, 7, 79, 31, 12, 60, 74, 58, 2, 97, 37, 38, 81, 49, 83, 79, 84, 10, 9, 34, 70, 31, 25, 12] 1007.3044607723107 3600435.404399
CLO: [57, 65, 34, 29, 12, 53, 17, 9, 74, 64, 24, 61, 48, 82, 23, 62, 84, 43, 65, 26, 50, 38, 37, 71, 56, 90, 38, 43, 26, 38, 55, 70, 31, 97, 64, 96, 60, 37, 24, 44, 60, 90, 28, 69, 54, 36, 53, 70, 25, 42] 865.1046791966817 3600004.097461
-- 
Instance 4
seed: 1464138384782
--
SHC: [46, 77, 88, 17, 66, 57, 95, 55, 46, 28, 37, 45, 90, 12, 3, 99, 37, 57, 65, 55, 22, 95, 27, 8, 80, 65, 72, 6, 49, 5, 84, 37, 29, 53, 76, 66, 19, 54, 94, 74, 3, 85, 52, 32, 79, 97, 38, 41, 86, 90] 1023.159963312009 3600001.15861
SA: [32, 73, 76, 22, 59, 37, 2, 3, 93, 34, 18, 39, 9, 30, 85, 69, 44, 59, 33, 96, 47, 13, 29, 66, 15, 44, 99, 82, 71, 88, 96, 3, 67, 55, 73, 35, 82, 74, 62, 69, 28, 26, 100, 58, 36, 82, 42, 58, 59, 12] 1010.4835981117882 3601156.740954
CLO: [50, 44, 88, 71, 40, 66, 35, 29, 76, 14, 54, 6, 94, 94, 67, 87, 50, 5, 40, 63, 29, 97, 18, 92, 95, 3, 5, 13, 10, 77, 88, 52, 49, 2, 60, 29, 35, 16, 13, 21, 56, 85, 10, 81, 31, 42, 21, 89, 25, 88] 778.4549749858157 3600008.57777
-- 
Instance 5
seed: 1464149286074
--
SHC: [20, 34, 42, 45, 6, 10, 66, 47, 76, 90, 90, 100, 29, 2, 38, 30, 23, 3, 99, 68, 26, 58, 49, 52, 94, 32, 99, 8, 58, 59, 41, 62, 37, 18, 24, 39, 33, 22, 37, 93, 20, 54, 68, 100, 13, 68, 24, 57, 54, 1] 908.3931877483187 3600003.271382
SA: [47, 59, 100, 57, 84, 25, 100, 79, 56, 77, 93, 9, 41, 47, 40, 33, 8, 10, 22, 39, 43, 16, 15, 44, 61, 99, 66, 72, 82, 22, 37, 61, 25, 96, 18, 5, 66, 65, 74, 10, 73, 50, 82, 79, 9, 40, 79, 70, 37, 75] 1001.306502177988 3600499.927793
CLO: [21, 32, 86, 18, 59, 6, 60, 87, 98, 12, 42, 72, 62, 56, 27, 35, 99, 80, 89, 10, 58, 42, 1, 81, 16, 87, 23, 56, 65, 82, 32, 33, 36, 26, 47, 60, 55, 63, 12, 58, 66, 53, 17, 71, 94, 52, 56, 96, 84, 20] 806.1821642648116 3600001.829831
-- 
Instance 6
seed: 1464160185448
--
SHC: [90, 52, 95, 26, 28, 19, 33, 63, 41, 70, 43, 18, 42, 4, 2, 60, 82, 23, 9, 80, 70, 60, 56, 33, 96, 91, 78, 58, 30, 79, 41, 15, 68, 30, 94, 97, 35, 34, 16, 98, 17, 50, 7, 56, 93, 8, 78, 10, 25, 64] 848.0760901825219 3600002.647903
SA: [25, 4, 13, 24, 4, 7, 68, 36, 80, 29, 88, 66, 15, 45, 20, 23, 97, 42, 48, 75, 40, 76, 67, 90, 25, 39, 60, 79, 99, 20, 45, 78, 7, 53, 29, 81, 59, 88, 53, 53, 29, 69, 74, 44, 60, 69, 38, 27, 84, 29] 956.6230594799302 3600083.867591
CLO: [51, 37, 63, 55, 8, 99, 52, 76, 14, 72, 98, 74, 14, 24, 12, 31, 18, 51, 65, 90, 53, 69, 57, 14, 41, 77, 60, 24, 52, 70, 87, 11, 35, 70, 92, 68, 11, 36, 74, 50, 63, 71, 58, 12, 18, 8, 68, 82, 53, 15] 827.4989780987843 3600001.946058
-- 
Instance 7
seed: 1464171077008
--
SHC: [90, 37, 89, 31, 24, 43, 65, 61, 90, 92, 86, 1, 29, 63, 25, 22, 82, 7, 65, 24, 53, 32, 15, 39, 17, 83, 90, 29, 53, 59, 51, 8, 43, 17, 18, 46, 52, 69, 78, 2, 26, 77, 2, 71, 62, 77, 31, 9, 43, 92] 960.8240563992481 3600006.487889
SA: [70, 22, 27, 54, 72, 78, 41, 77, 18, 13, 78, 20, 71, 66, 31, 9, 75, 54, 72, 53, 48, 12, 79, 15, 28, 16, 79, 47, 72, 56, 1, 84, 3, 100, 36, 22, 11, 61, 6, 75, 43, 39, 7, 47, 88, 89, 22, 94, 32, 62] 1005.973567873369 3600597.677671
CLO: [50, 3, 67, 13, 19, 29, 69, 88, 78, 87, 50, 74, 34, 87, 23, 47, 66, 58, 78, 86, 6, 59, 16, 82, 51, 9, 99, 29, 56, 4, 34, 36, 80, 40, 74, 59, 86, 98, 72, 46, 84, 37, 40, 76, 61, 20, 17, 57, 19, 76] 838.4407547687415 3600006.735983
-- 
Instance 8
seed: 1464181933186
--
SHC: [89, 51, 100, 21, 80, 86, 1, 71, 62, 81, 37, 9, 21, 25, 48, 79, 80, 14, 39, 42, 75, 15, 41, 16, 47, 17, 63, 2, 53, 13, 34, 73, 63, 45, 67, 84, 73, 67, 75, 34, 45, 64, 15, 15, 79, 86, 44, 84, 60, 51] 909.4462978912018 3600006.206182
SA: [87, 52, 42, 62, 83, 23, 90, 8, 27, 9, 56, 5, 3, 97, 94, 54, 78, 37, 9, 58, 23, 44, 20, 12, 64, 48, 79, 6, 98, 83, 36, 9, 36, 52, 43, 46, 80, 45, 74, 62, 44, 97, 23, 20, 65, 34, 49, 76, 84, 55] 982.0934243469743 3600364.150364
CLO: [37, 55, 10, 62, 98, 78, 68, 47, 44, 18, 43, 66, 28, 90, 99, 24, 63, 73, 94, 44, 37, 47, 20, 34, 76, 94, 71, 33, 51, 85, 38, 81, 52, 60, 6, 70, 75, 83, 35, 6, 78, 23, 56, 81, 99, 68, 71, 92, 51, 39] 788.9795857375755 3600001.322147
-- 
Instance 9
seed: 1464192819630
--
SHC: [24, 52, 61, 2, 76, 20, 98, 53, 30, 38, 63, 15, 7, 84, 78, 70, 16, 65, 30, 94, 57, 50, 94, 38, 58, 49, 49, 50, 37, 95, 21, 53, 13, 98, 100, 69, 23, 31, 47, 80, 40, 33, 53, 23, 94, 42, 99, 89, 82, 3] 948.8982666403122 3600004.457151
SA: [47, 13, 14, 22, 63, 78, 58, 42, 49, 6, 99, 94, 37, 14, 92, 9, 95, 16, 87, 73, 21, 26, 39, 95, 62, 82, 25, 79, 1, 29, 31, 53, 10, 17, 74, 98, 84, 46, 25, 2, 15, 18, 6, 84, 89, 22, 54, 77, 83, 11] 954.7556364251612 3600077.136372
CLO: [69, 75, 9, 79, 94, 80, 82, 58, 88, 74, 45, 47, 11, 73, 80, 61, 2, 10, 69, 5, 90, 16, 97, 16, 53, 34, 20, 10, 41, 20, 93, 40, 16, 54, 24, 72, 61, 17, 49, 17, 17, 46, 22, 100, 92, 87, 60, 87, 52, 22] 741.3959739209802 3600004.091537
-- Summary -- 
*SHC*
Found PNE: 0/10
Approx Average: 949.9924044873384
*SA*
Found PNE: 0/10
Approx Average: 985.7883921314358
*CLO*
Found PNE: 0/10
Approx Average: 819.1568104091866
