Number of instances: 10
Game: Normal Form Game
Players: 100
Actions: 100
Metaheuristics time: 600
-- 
Instance 0
seed: 1463994766865
--
SHC: [31, 70, 98, 29, 93, 87, 99, 87, 57, 59, 42, 52, 59, 61, 34, 34, 53, 42, 80, 31, 67, 92, 68, 52, 52, 57, 48, 14, 90, 57, 16, 90, 29, 90, 23, 65, 100, 40, 34, 11, 51, 97, 85, 2, 7, 99, 68, 3, 82, 20, 12, 52, 83, 90, 86, 21, 64, 79, 91, 97, 96, 64, 9, 81, 76, 56, 20, 69, 99, 55, 62, 47, 33, 65, 42, 75, 27, 69, 6, 5, 2, 42, 51, 43, 20, 44, 68, 14, 82, 7, 32, 2, 70, 54, 39, 95, 30, 43, 11, 2] 2107.079012456746 600007.844723
SA: [10, 55, 92, 85, 20, 63, 31, 78, 89, 25, 13, 65, 94, 91, 73, 88, 60, 43, 43, 58, 78, 4, 77, 96, 69, 57, 68, 4, 7, 3, 10, 45, 100, 89, 32, 49, 30, 27, 90, 17, 29, 98, 12, 22, 43, 39, 4, 58, 93, 90, 2, 63, 50, 84, 72, 40, 72, 34, 86, 74, 42, 46, 76, 60, 92, 78, 92, 61, 70, 50, 25, 25, 52, 50, 19, 62, 18, 4, 22, 4, 2, 98, 12, 36, 86, 4, 87, 98, 26, 95, 71, 92, 38, 48, 85, 13, 38, 3, 69, 35] 1766.8572054470364 601874.223013
CLO: [30, 74, 49, 75, 36, 2, 71, 11, 59, 10, 44, 62, 63, 91, 34, 97, 7, 65, 17, 31, 55, 79, 77, 98, 54, 43, 92, 70, 6, 46, 28, 88, 67, 23, 19, 38, 87, 57, 90, 53, 10, 10, 50, 42, 44, 53, 99, 89, 40, 38, 56, 75, 64, 36, 24, 53, 83, 40, 65, 99, 4, 92, 86, 13, 12, 16, 43, 33, 70, 70, 63, 60, 43, 70, 33, 37, 59, 5, 51, 10, 26, 11, 30, 38, 50, 36, 45, 43, 69, 80, 43, 61, 39, 27, 21, 99, 12, 86, 43, 33] 2012.0635683444762 600024.895889
-- 
Instance 1
seed: 1463996594415
--
SHC: [52, 11, 82, 96, 88, 88, 53, 47, 8, 61, 89, 36, 90, 68, 8, 5, 64, 26, 19, 48, 6, 95, 65, 9, 39, 73, 63, 15, 8, 62, 29, 91, 16, 67, 46, 65, 88, 33, 97, 100, 64, 41, 7, 76, 99, 44, 42, 85, 15, 58, 29, 82, 75, 13, 73, 5, 88, 92, 33, 21, 16, 51, 41, 17, 7, 42, 98, 29, 96, 48, 74, 97, 20, 25, 38, 61, 68, 88, 27, 21, 74, 18, 56, 2, 47, 86, 5, 94, 87, 70, 85, 47, 32, 6, 74, 1, 80, 43, 1, 96] 1844.6993688752773 600011.226395
SA: [90, 57, 66, 34, 23, 46, 28, 89, 37, 88, 99, 52, 37, 2, 22, 38, 44, 10, 95, 90, 89, 79, 71, 9, 6, 41, 55, 92, 10, 18, 17, 53, 21, 33, 57, 83, 9, 73, 5, 12, 83, 48, 27, 7, 42, 45, 25, 59, 40, 97, 92, 48, 63, 23, 9, 41, 16, 26, 94, 16, 17, 29, 47, 17, 44, 29, 5, 47, 92, 16, 71, 53, 46, 95, 60, 62, 74, 18, 45, 53, 55, 24, 14, 49, 1, 4, 49, 95, 39, 78, 52, 59, 90, 25, 36, 51, 79, 74, 25, 8] 1837.864352232905 601921.684022
CLO: [26, 90, 69, 12, 35, 97, 19, 22, 85, 16, 48, 76, 11, 23, 40, 42, 8, 92, 9, 35, 37, 96, 45, 99, 40, 57, 16, 32, 1, 37, 98, 41, 81, 16, 38, 84, 7, 64, 61, 70, 70, 53, 15, 29, 26, 71, 29, 59, 96, 93, 80, 30, 94, 18, 38, 47, 76, 9, 81, 67, 56, 36, 98, 39, 51, 70, 52, 83, 68, 46, 91, 34, 25, 8, 59, 26, 46, 6, 38, 30, 98, 93, 21, 79, 12, 64, 71, 19, 61, 8, 50, 61, 45, 89, 94, 30, 62, 56, 3, 63] 1880.7236352606578 600008.00662
-- 
Instance 2
seed: 1463998413044
--
SHC: [63, 79, 78, 65, 4, 8, 99, 4, 15, 83, 11, 84, 74, 26, 81, 96, 83, 41, 24, 85, 9, 97, 28, 19, 89, 40, 64, 34, 5, 3, 27, 45, 97, 66, 35, 23, 85, 96, 27, 69, 60, 35, 16, 30, 6, 39, 99, 32, 6, 32, 11, 64, 22, 14, 23, 50, 58, 52, 38, 14, 54, 62, 40, 65, 86, 2, 85, 21, 12, 13, 98, 8, 10, 3, 71, 34, 31, 52, 61, 85, 84, 59, 40, 86, 62, 50, 29, 46, 26, 73, 11, 54, 30, 65, 28, 97, 81, 31, 91, 67] 1879.7070221258148 600019.68718
SA: [53, 41, 77, 51, 61, 7, 34, 61, 36, 79, 43, 30, 74, 50, 66, 38, 100, 71, 85, 34, 98, 7, 55, 86, 51, 68, 39, 85, 58, 11, 55, 5, 9, 31, 98, 24, 5, 20, 20, 18, 51, 63, 94, 52, 48, 71, 90, 53, 46, 42, 59, 55, 19, 68, 44, 56, 65, 60, 20, 53, 61, 59, 94, 41, 66, 67, 48, 37, 11, 85, 7, 30, 21, 79, 5, 41, 39, 79, 95, 78, 13, 56, 65, 46, 11, 1, 53, 63, 72, 99, 45, 91, 100, 83, 49, 2, 42, 13, 44, 38] 1749.8588016982421 601738.824209
CLO: [33, 30, 9, 36, 42, 49, 18, 79, 55, 97, 54, 100, 66, 13, 73, 37, 78, 82, 18, 69, 9, 67, 74, 93, 12, 14, 19, 28, 58, 71, 21, 3, 37, 5, 34, 1, 57, 7, 52, 24, 15, 30, 25, 64, 56, 64, 8, 52, 75, 43, 97, 16, 47, 86, 56, 34, 23, 37, 12, 55, 45, 30, 13, 51, 62, 36, 67, 63, 24, 81, 72, 31, 7, 12, 60, 91, 93, 63, 99, 96, 37, 61, 66, 18, 32, 90, 87, 76, 83, 72, 67, 81, 90, 47, 87, 90, 37, 95, 60, 6] 2006.5077427246292 600007.256759
-- 
Instance 3
seed: 1464000228380
--
SHC: [1, 41, 45, 53, 70, 57, 86, 57, 73, 3, 44, 38, 12, 33, 74, 49, 22, 51, 83, 98, 7, 56, 54, 29, 9, 26, 22, 42, 1, 35, 85, 52, 40, 20, 62, 11, 97, 20, 92, 19, 20, 15, 3, 28, 48, 99, 84, 25, 20, 6, 15, 71, 34, 46, 8, 59, 43, 54, 59, 97, 67, 7, 11, 40, 58, 12, 58, 7, 85, 54, 2, 26, 46, 83, 9, 33, 17, 61, 86, 93, 51, 20, 44, 41, 3, 21, 92, 60, 17, 43, 30, 42, 64, 1, 85, 50, 47, 80, 17, 85] 2104.47460461623 600020.010879
SA: [73, 61, 78, 52, 55, 63, 75, 76, 69, 48, 79, 17, 41, 56, 13, 27, 72, 2, 78, 42, 69, 12, 21, 64, 21, 14, 39, 88, 78, 71, 86, 16, 81, 33, 94, 34, 76, 51, 75, 17, 51, 94, 8, 79, 36, 50, 6, 37, 10, 67, 81, 37, 12, 88, 18, 13, 25, 61, 65, 59, 28, 37, 56, 89, 56, 91, 72, 88, 90, 10, 70, 20, 73, 53, 68, 79, 32, 7, 94, 80, 72, 10, 6, 96, 7, 14, 13, 78, 14, 84, 68, 86, 78, 93, 49, 94, 62, 47, 43, 36] 1835.0876240633386 600044.758539
CLO: [54, 60, 23, 22, 19, 52, 59, 88, 5, 66, 18, 13, 92, 46, 33, 38, 96, 50, 4, 32, 53, 33, 80, 50, 57, 83, 86, 61, 37, 19, 57, 98, 48, 30, 24, 58, 33, 39, 45, 95, 68, 48, 18, 4, 78, 82, 30, 1, 10, 77, 66, 1, 67, 71, 3, 37, 23, 31, 6, 50, 5, 12, 44, 74, 59, 8, 68, 57, 88, 79, 86, 22, 2, 7, 10, 99, 24, 69, 46, 63, 95, 15, 57, 74, 59, 9, 98, 6, 49, 92, 68, 92, 7, 42, 43, 68, 40, 75, 83, 74] 1837.172652204608 600016.677643
-- 
Instance 4
seed: 1464002038962
--
SHC: [62, 11, 99, 87, 90, 22, 79, 65, 11, 83, 16, 30, 37, 44, 25, 84, 84, 4, 37, 16, 82, 18, 53, 7, 86, 80, 67, 64, 30, 52, 61, 55, 89, 66, 73, 52, 33, 9, 55, 50, 57, 85, 32, 75, 97, 82, 38, 84, 70, 98, 71, 12, 92, 43, 7, 53, 11, 35, 30, 44, 53, 43, 59, 83, 38, 77, 84, 57, 97, 57, 87, 20, 53, 63, 31, 92, 59, 58, 14, 58, 79, 25, 47, 26, 18, 67, 45, 92, 26, 17, 13, 13, 72, 73, 52, 62, 53, 22, 91, 33] 1978.978594543961 600004.963886
SA: [92, 1, 76, 11, 91, 49, 21, 75, 6, 48, 96, 58, 84, 97, 87, 7, 90, 50, 45, 98, 51, 60, 66, 98, 21, 25, 84, 3, 43, 38, 20, 21, 35, 24, 38, 28, 6, 37, 51, 57, 70, 91, 28, 98, 75, 41, 36, 35, 12, 96, 86, 72, 70, 78, 22, 43, 37, 19, 59, 36, 10, 56, 17, 1, 60, 74, 93, 49, 91, 13, 61, 63, 10, 64, 63, 73, 27, 51, 4, 86, 76, 43, 6, 98, 69, 90, 88, 34, 48, 91, 62, 78, 96, 60, 58, 88, 33, 80, 64, 10] 1755.2927354543351 600153.242389
CLO: [89, 54, 48, 67, 14, 1, 96, 50, 8, 82, 45, 15, 61, 54, 25, 34, 67, 24, 62, 19, 72, 2, 68, 1, 59, 35, 51, 49, 43, 83, 1, 85, 32, 54, 33, 66, 33, 61, 91, 98, 68, 46, 38, 60, 50, 23, 45, 8, 60, 22, 15, 56, 57, 100, 67, 100, 43, 76, 40, 75, 16, 7, 15, 8, 32, 15, 40, 46, 48, 56, 70, 81, 16, 88, 91, 56, 17, 91, 10, 89, 100, 98, 62, 90, 63, 87, 78, 66, 43, 29, 2, 29, 80, 38, 65, 58, 71, 69, 31, 56] 1962.523496841578 600011.757773
-- 
Instance 5
seed: 1464003850199
--
SHC: [67, 12, 41, 81, 86, 39, 71, 70, 49, 12, 42, 58, 14, 49, 46, 14, 76, 82, 60, 100, 54, 34, 11, 52, 89, 91, 82, 78, 40, 37, 3, 17, 38, 59, 23, 79, 69, 89, 21, 91, 78, 9, 34, 65, 6, 74, 34, 44, 71, 43, 33, 30, 48, 49, 60, 64, 100, 48, 8, 96, 86, 79, 86, 15, 7, 20, 76, 77, 23, 91, 19, 84, 74, 55, 3, 37, 82, 14, 92, 27, 47, 22, 63, 10, 80, 1, 21, 28, 12, 87, 16, 58, 86, 31, 93, 46, 77, 40, 21, 67] 2146.761123159028 600021.052982
SA: [34, 15, 86, 10, 78, 38, 68, 100, 73, 93, 61, 28, 11, 80, 4, 92, 53, 21, 94, 5, 66, 31, 57, 59, 52, 63, 59, 76, 85, 79, 15, 25, 45, 19, 63, 68, 83, 64, 100, 37, 27, 4, 23, 11, 4, 79, 12, 55, 74, 53, 33, 91, 10, 97, 25, 89, 58, 66, 80, 12, 89, 86, 68, 50, 66, 14, 35, 92, 27, 11, 41, 60, 60, 5, 50, 46, 10, 83, 35, 33, 42, 91, 14, 89, 100, 32, 57, 65, 7, 19, 26, 43, 19, 19, 27, 78, 87, 9, 60, 52] 1852.2108791486635 600259.077843
CLO: [73, 53, 65, 41, 61, 39, 4, 17, 60, 83, 37, 9, 82, 13, 10, 25, 91, 47, 74, 50, 96, 5, 38, 75, 25, 58, 84, 75, 92, 27, 37, 99, 76, 77, 73, 31, 59, 33, 5, 10, 6, 84, 39, 65, 56, 22, 97, 76, 98, 10, 23, 79, 83, 10, 82, 33, 65, 31, 92, 16, 38, 41, 69, 7, 56, 58, 33, 16, 92, 21, 65, 29, 54, 31, 43, 75, 52, 29, 39, 11, 5, 29, 65, 57, 52, 41, 75, 82, 66, 76, 74, 60, 70, 35, 80, 74, 46, 92, 80, 1] 2069.6391362956283 600017.6529
-- 
Instance 6
seed: 1464005664491
--
SHC: [81, 42, 89, 27, 91, 50, 53, 53, 98, 26, 42, 21, 5, 45, 30, 52, 3, 79, 65, 5, 10, 23, 61, 81, 63, 57, 87, 61, 30, 95, 9, 37, 91, 60, 92, 61, 46, 79, 91, 2, 27, 55, 9, 70, 78, 11, 5, 65, 61, 65, 99, 53, 76, 34, 61, 54, 89, 48, 15, 23, 98, 12, 57, 35, 48, 44, 91, 26, 66, 28, 5, 45, 15, 68, 92, 43, 37, 75, 38, 72, 79, 75, 71, 78, 74, 50, 91, 24, 64, 14, 17, 71, 97, 24, 56, 5, 71, 90, 12, 80] 1972.0222762514707 600026.368103
SA: [45, 61, 28, 28, 15, 58, 59, 35, 5, 59, 54, 9, 32, 48, 54, 91, 4, 29, 40, 22, 43, 26, 59, 77, 97, 43, 47, 75, 82, 37, 89, 50, 32, 38, 64, 75, 75, 74, 31, 61, 69, 2, 36, 1, 29, 41, 24, 32, 22, 93, 11, 3, 32, 3, 50, 82, 36, 99, 37, 65, 26, 61, 79, 62, 32, 25, 30, 99, 55, 10, 21, 60, 87, 90, 80, 68, 82, 53, 50, 40, 55, 7, 21, 77, 83, 15, 30, 14, 19, 38, 95, 73, 10, 52, 22, 40, 83, 82, 53, 85] 1742.872910518947 601567.78933
CLO: [19, 24, 10, 73, 45, 24, 91, 12, 30, 4, 74, 77, 14, 54, 84, 27, 76, 61, 28, 82, 63, 40, 76, 94, 30, 56, 40, 1, 83, 46, 9, 88, 83, 40, 43, 47, 87, 91, 56, 73, 90, 62, 2, 50, 63, 50, 87, 71, 34, 79, 86, 93, 18, 67, 32, 53, 23, 98, 23, 28, 28, 21, 28, 3, 99, 6, 15, 42, 15, 10, 80, 39, 25, 78, 41, 26, 52, 69, 70, 35, 7, 41, 3, 32, 47, 59, 98, 42, 16, 88, 11, 87, 55, 27, 100, 22, 53, 25, 21, 10] 1935.2073089519213 600001.833492
-- 
Instance 7
seed: 1464007478769
--
SHC: [56, 26, 2, 92, 54, 56, 30, 13, 91, 13, 46, 68, 37, 85, 10, 64, 52, 74, 93, 20, 70, 68, 64, 59, 99, 13, 37, 49, 86, 8, 41, 39, 99, 51, 56, 35, 47, 89, 85, 99, 45, 82, 70, 72, 63, 77, 94, 36, 82, 78, 17, 97, 31, 2, 29, 37, 4, 84, 83, 50, 30, 69, 34, 99, 21, 75, 52, 69, 10, 85, 2, 62, 16, 90, 23, 11, 95, 64, 44, 6, 50, 89, 55, 38, 20, 74, 34, 52, 86, 94, 32, 26, 26, 42, 55, 18, 59, 68, 5, 92] 2062.949176996471 600018.448521
SA: [54, 58, 24, 11, 88, 13, 69, 21, 78, 78, 16, 81, 45, 5, 77, 100, 64, 7, 77, 51, 63, 98, 7, 18, 51, 69, 23, 25, 29, 53, 9, 34, 81, 76, 27, 51, 48, 25, 32, 96, 35, 23, 16, 15, 10, 49, 20, 8, 38, 14, 60, 58, 8, 40, 16, 32, 86, 30, 15, 18, 56, 95, 19, 45, 50, 3, 32, 68, 36, 60, 14, 69, 100, 44, 14, 1, 85, 78, 73, 65, 53, 6, 61, 100, 24, 38, 83, 95, 25, 32, 49, 28, 88, 71, 91, 6, 81, 19, 11, 44] 1823.1419559759686 603074.21641
CLO: [20, 71, 39, 41, 83, 8, 25, 82, 73, 41, 36, 70, 27, 65, 5, 12, 42, 91, 33, 54, 89, 41, 45, 54, 96, 86, 56, 30, 91, 29, 79, 88, 74, 15, 26, 77, 65, 27, 82, 30, 43, 16, 87, 11, 52, 34, 84, 93, 73, 19, 12, 77, 30, 99, 67, 36, 65, 78, 62, 48, 97, 35, 45, 40, 31, 8, 78, 14, 52, 42, 10, 13, 97, 24, 70, 31, 26, 52, 37, 55, 61, 74, 50, 89, 4, 28, 23, 80, 77, 10, 36, 47, 70, 100, 54, 53, 91, 43, 39, 14] 1895.7186769169448 600000.057478
-- 
Instance 8
seed: 1464009292442
--
SHC: [18, 58, 41, 32, 100, 15, 70, 81, 18, 19, 51, 45, 18, 3, 36, 29, 15, 29, 78, 95, 75, 13, 72, 61, 51, 40, 79, 18, 65, 21, 33, 63, 96, 27, 79, 89, 32, 65, 33, 37, 9, 80, 21, 93, 51, 57, 84, 89, 96, 6, 48, 57, 25, 52, 16, 2, 68, 74, 95, 36, 15, 9, 58, 12, 85, 22, 80, 8, 47, 1, 25, 4, 26, 88, 23, 61, 19, 52, 49, 12, 100, 65, 49, 88, 69, 18, 90, 85, 53, 52, 67, 36, 93, 46, 12, 63, 13, 46, 7, 99] 1900.8161888794998 600013.845737
SA: [38, 66, 78, 85, 69, 25, 75, 87, 39, 67, 15, 57, 53, 19, 21, 99, 64, 47, 32, 43, 100, 59, 39, 67, 57, 59, 14, 41, 86, 23, 18, 62, 32, 9, 46, 17, 79, 27, 21, 71, 43, 66, 35, 73, 82, 70, 95, 53, 83, 90, 92, 3, 90, 13, 100, 71, 94, 2, 90, 73, 54, 12, 46, 66, 46, 82, 1, 43, 14, 8, 77, 76, 98, 80, 64, 92, 32, 14, 8, 100, 12, 3, 86, 13, 60, 90, 79, 54, 20, 85, 34, 81, 27, 61, 21, 77, 6, 3, 62, 86] 1809.6013446059144 601862.580799
CLO: [47, 50, 30, 75, 75, 8, 39, 46, 48, 90, 86, 71, 14, 38, 60, 30, 72, 5, 24, 76, 63, 45, 10, 41, 76, 22, 34, 100, 91, 89, 38, 65, 83, 98, 78, 13, 76, 77, 68, 70, 45, 58, 76, 65, 31, 88, 88, 57, 71, 94, 21, 9, 82, 53, 70, 35, 34, 78, 78, 28, 55, 47, 77, 2, 30, 10, 21, 34, 51, 81, 95, 67, 28, 25, 53, 85, 11, 32, 55, 62, 5, 98, 30, 76, 38, 100, 32, 10, 56, 29, 82, 18, 45, 93, 49, 48, 2, 19, 77, 35] 1943.5053053744823 600017.955575
-- 
Instance 9
seed: 1464011103257
--
SHC: [23, 93, 33, 49, 100, 23, 50, 23, 7, 92, 55, 44, 83, 53, 73, 40, 6, 34, 19, 61, 25, 10, 42, 8, 54, 65, 77, 35, 33, 81, 85, 28, 23, 85, 35, 93, 62, 43, 29, 42, 2, 34, 91, 71, 38, 99, 18, 44, 18, 85, 63, 23, 80, 92, 35, 95, 34, 96, 46, 62, 20, 86, 34, 77, 77, 28, 22, 23, 95, 82, 7, 19, 84, 2, 44, 99, 45, 38, 9, 4, 55, 83, 11, 49, 29, 77, 13, 6, 42, 82, 32, 2, 49, 59, 25, 13, 41, 6, 27, 8] 1969.4984343054125 600002.482246
SA: [72, 84, 74, 36, 89, 73, 86, 39, 38, 70, 94, 35, 90, 30, 42, 96, 77, 73, 67, 33, 86, 12, 88, 61, 80, 100, 40, 46, 82, 65, 73, 29, 70, 91, 98, 29, 3, 24, 92, 63, 33, 51, 92, 18, 10, 74, 67, 16, 81, 18, 79, 66, 94, 81, 21, 70, 75, 30, 48, 81, 5, 13, 40, 7, 87, 91, 4, 83, 84, 50, 51, 97, 46, 31, 81, 99, 85, 32, 2, 38, 73, 15, 4, 28, 44, 47, 83, 53, 68, 62, 30, 63, 54, 61, 59, 28, 55, 69, 93, 4] 1705.8391133587527 602174.263785
CLO: [94, 2, 20, 71, 66, 5, 66, 72, 81, 100, 97, 71, 51, 69, 5, 71, 93, 82, 17, 52, 30, 37, 97, 79, 86, 29, 58, 49, 33, 84, 56, 65, 4, 29, 78, 47, 85, 11, 8, 66, 79, 4, 38, 81, 23, 75, 85, 60, 62, 74, 93, 33, 62, 73, 16, 63, 11, 50, 33, 7, 16, 16, 17, 86, 31, 36, 1, 67, 88, 52, 34, 3, 61, 73, 59, 92, 22, 95, 42, 89, 24, 56, 85, 91, 11, 34, 20, 48, 7, 80, 92, 11, 51, 43, 35, 99, 31, 96, 57, 24] 1971.6753565782633 600008.093939
-- Summary -- 
*SHC*
Found PNE: 0/10
Approx Average: 1996.698580220991
*SA*
Found PNE: 0/10
Approx Average: 1787.8626922504106
*CLO*
Found PNE: 0/10
Approx Average: 1951.473687949319
