Number of instances: 10
Game: Normal Form Game
Players: 10
Actions: 100
Metaheuristics time: 600
-- 
Instance 0
seed: 1463994763766
--
SHC: [65, 50, 74, 8, 75, 34, 60, 9, 62, 27] 156.95954017722806 600003.004369
SA: [42, 22, 64, 13, 39, 9, 11, 92, 10, 36] 206.21335394250747 600010.626251
CLO: [16, 64, 62, 67, 29, 92, 20, 48, 74, 43] 127.5439721800031 600000.079233
-- 
Instance 1
seed: 1463996583405
--
SHC: [92, 19, 72, 57, 29, 8, 78, 91, 31, 65] 167.18468518445343 600000.024895
SA: [7, 88, 35, 51, 52, 73, 67, 77, 14, 22] 181.43737814547518 600015.412241
CLO: [72, 80, 2, 10, 64, 28, 64, 35, 19, 62] 130.29507350962228 600000.082726
-- 
Instance 2
seed: 1463998402485
--
SHC: [79, 77, 68, 44, 39, 49, 30, 91, 51, 98] 114.45283983878545 600000.150307
SA: [76, 32, 12, 48, 16, 42, 46, 52, 25, 86] 182.3884064403458 600016.424214
CLO: [74, 74, 38, 6, 1, 79, 74, 46, 50, 14] 95.92333073726257 600000.039041
-- 
Instance 3
seed: 1464000221347
--
SHC: [6, 9, 74, 75, 72, 47, 45, 53, 46, 8] 108.02608308636417 600000.018056
SA: [73, 88, 81, 86, 84, 6, 60, 73, 5, 71] 184.38895226532944 600012.878934
CLO: [40, 2, 63, 39, 98, 64, 56, 1, 31, 40] 145.69986011373345 600000.156541
-- 
Instance 4
seed: 1464002040195
--
SHC: [47, 34, 30, 39, 78, 35, 44, 93, 66, 33] 157.2844263052378 600000.073945
SA: [52, 97, 8, 79, 43, 2, 15, 99, 60, 44] 177.28200462277766 600001.734505
CLO: [5, 63, 18, 61, 7, 13, 85, 17, 29, 20] 112.19715152832867 600000.129221
-- 
Instance 5
seed: 1464003859036
--
SHC: [80, 64, 71, 17, 12, 63, 41, 31, 89, 2] 124.32061988696557 600000.042254
SA: [75, 66, 2, 71, 74, 8, 6, 36, 26, 41] 189.89265410705235 600016.905414
CLO: [65, 34, 58, 36, 29, 6, 2, 38, 90, 18] 121.71970069340236 600000.048206
-- 
Instance 6
seed: 1464005677867
--
SHC: [57, 87, 80, 49, 74, 59, 3, 64, 37, 66] 138.7358563660011 600000.085757
SA: [85, 18, 32, 63, 8, 4, 100, 64, 59, 85] 167.84645662776177 600012.980797
CLO: [47, 78, 68, 54, 79, 70, 14, 32, 65, 47] 149.08537571602704 600000.018687
-- 
Instance 7
seed: 1464007496678
--
SHC: [87, 16, 9, 54, 58, 11, 33, 47, 49, 56] 128.50679134786301 600000.041349
SA: [18, 21, 49, 30, 65, 41, 30, 33, 24, 53] 193.7812780125309 600009.301424
CLO: [90, 67, 48, 21, 4, 80, 65, 96, 69, 10] 115.3031356899395 600000.122634
-- 
Instance 8
seed: 1464009315456
--
SHC: [84, 28, 76, 69, 50, 57, 24, 18, 91, 60] 153.53501263486544 600000.013635
SA: [45, 74, 44, 35, 41, 79, 52, 2, 96, 13] 197.7836357756638 600015.936502
CLO: [41, 49, 44, 37, 56, 63, 43, 13, 78, 73] 133.19598636093104 600000.121016
-- 
Instance 9
seed: 1464011134259
--
SHC: [23, 89, 71, 82, 18, 12, 72, 45, 51, 17] 142.21116444678307 600000.054514
SA: [44, 14, 15, 7, 6, 93, 73, 55, 62, 95] 183.20576510373286 600011.375378
CLO: [65, 21, 38, 10, 41, 67, 99, 43, 49, 75] 132.07727209008135 600000.030407
-- Summary -- 
*SHC*
Found PNE: 0/10
Approx Average: 139.1217019274547
*SA*
Found PNE: 0/10
Approx Average: 186.4219885043177
*CLO*
Found PNE: 0/10
Approx Average: 126.30408586193315
