Number of instances: 10
Game: Normal Form Game
Players: 10
Actions: 200
Metaheuristics time: 600
-- 
Instance 0
seed: 1463994763764
--
SHC: [134, 94, 70, 53, 108, 164, 191, 111, 17, 114] 190.26464576655394 600003.320004
SA: [55, 17, 70, 3, 49, 54, 29, 82, 153, 183] 234.45463919301253 600017.887566
CLO: [78, 20, 139, 127, 65, 169, 29, 44, 126, 177] 154.84239244554533 600000.347634
-- 
Instance 1
seed: 1463996581780
--
SHC: [92, 172, 164, 85, 181, 186, 176, 23, 36, 125] 185.51227070897153 600000.14108
SA: [168, 35, 94, 103, 174, 30, 10, 122, 110, 189] 229.15160665525016 600026.671385
CLO: [161, 42, 142, 93, 16, 73, 168, 96, 59, 145] 182.24444087782433 600000.023103
-- 
Instance 2
seed: 1463998400781
--
SHC: [136, 53, 46, 20, 60, 30, 142, 97, 33, 91] 187.5557221502477 600000.320028
SA: [54, 125, 55, 8, 85, 71, 163, 22, 118, 147] 215.86244062420081 600046.876125
CLO: [79, 42, 172, 24, 183, 129, 35, 91, 121, 45] 152.14309469848507 600000.303657
-- 
Instance 3
seed: 1464000219466
--
SHC: [20, 189, 37, 45, 70, 145, 15, 55, 51, 166] 184.63743839270225 600000.298044
SA: [103, 175, 139, 38, 32, 172, 66, 62, 102, 114] 242.64387222052613 600037.478791
CLO: [170, 171, 147, 42, 50, 62, 10, 184, 10, 83] 178.6461939128131 600000.33023
-- 
Instance 4
seed: 1464002038135
--
SHC: [126, 18, 65, 106, 36, 157, 30, 163, 135, 140] 177.96046657265126 600000.262045
SA: [42, 51, 31, 119, 28, 176, 133, 122, 62, 73] 252.96927774379327 600002.189494
CLO: [66, 76, 184, 38, 169, 165, 188, 30, 167, 165] 140.14510098632348 600000.262376
-- 
Instance 5
seed: 1464003856823
--
SHC: [42, 39, 63, 154, 53, 116, 111, 122, 160, 168] 172.88826380774742 600000.148652
SA: [167, 27, 33, 176, 8, 11, 74, 106, 101, 53] 255.53559844430265 600033.776706
CLO: [129, 151, 95, 99, 155, 69, 75, 146, 137, 26] 167.34160243937362 600000.110317
-- 
Instance 6
seed: 1464005675528
--
SHC: [104, 161, 124, 176, 77, 152, 169, 26, 39, 93] 191.54753562784842 600000.168431
SA: [50, 69, 173, 93, 99, 61, 103, 126, 138, 154] 228.0786861641216 600014.762557
CLO: [44, 196, 186, 130, 132, 89, 77, 100, 86, 116] 178.51583514864808 600000.025177
-- 
Instance 7
seed: 1464007494178
--
SHC: [37, 13, 185, 153, 75, 65, 30, 52, 103, 34] 185.05895327682924 600000.159127
SA: [188, 155, 158, 149, 186, 119, 101, 115, 95, 93] 258.7278018988009 600008.052701
CLO: [3, 189, 99, 29, 45, 103, 66, 135, 146, 48] 121.35708974188708 600000.20865
-- 
Instance 8
seed: 1464009312787
--
SHC: [169, 150, 72, 97, 108, 32, 104, 21, 146, 146] 202.1012154802869 600000.205658
SA: [58, 174, 162, 31, 53, 125, 174, 112, 5, 11] 273.43381630707825 600035.562584
CLO: [8, 89, 56, 193, 44, 56, 54, 180, 58, 15] 148.12790731142786 600000.051828
-- 
Instance 9
seed: 1464011131455
--
SHC: [187, 108, 45, 53, 10, 147, 141, 115, 112, 152] 181.3222243271269 600000.383197
SA: [142, 181, 24, 12, 190, 164, 99, 175, 25, 79] 228.3921374827861 600016.894423
CLO: [103, 111, 172, 113, 57, 182, 91, 73, 14, 88] 175.2472056749911 600000.09197
-- Summary -- 
*SHC*
Found PNE: 0/10
Approx Average: 185.88487361109654
*SA*
Found PNE: 0/10
Approx Average: 241.92498767338725
*CLO*
Found PNE: 0/10
Approx Average: 159.86108632373194
