Number of instances: 10
Game: Normal Form Game
Players: 10
Actions: 500
Metaheuristics time: 600
-- 
Instance 0
seed: 1463994763769
--
SHC: [291, 378, 95, 492, 495, 428, 221, 94, 10, 413] 208.15135176370762 600003.556478
SA: [295, 116, 358, 334, 272, 413, 158, 322, 218, 71] 285.1756359605593 600011.976205
CLO: [408, 422, 319, 14, 228, 366, 484, 4, 247, 268] 183.22757458428907 600000.629167
-- 
Instance 1
seed: 1463996583161
--
SHC: [491, 466, 294, 310, 81, 299, 368, 263, 476, 260] 224.46854542320511 600000.605996
SA: [295, 265, 343, 439, 487, 377, 192, 87, 317, 361] 298.8186410721049 600023.748531
CLO: [303, 421, 95, 136, 7, 20, 295, 280, 48, 365] 216.00555862931523 600000.584772
-- 
Instance 2
seed: 1463998403948
--
SHC: [487, 297, 391, 448, 234, 271, 419, 479, 405, 2] 187.45564348035788 600000.59804
SA: [426, 316, 357, 290, 437, 383, 288, 318, 277, 103] 300.21679715286746 600097.435447
CLO: [168, 44, 76, 453, 133, 235, 477, 115, 203, 272] 238.65632078769073 600000.266757
-- 
Instance 3
seed: 1464000224474
--
SHC: [488, 54, 377, 110, 389, 18, 11, 260, 149, 317] 202.62163629837698 600000.356776
SA: [48, 403, 391, 224, 344, 185, 300, 294, 195, 109] 290.90466920623305 600038.649364
CLO: [469, 474, 464, 91, 243, 19, 301, 297, 438, 125] 230.81544291830892 600000.594221
-- 
Instance 4
seed: 1464002044899
--
SHC: [403, 189, 480, 41, 250, 349, 213, 451, 142, 416] 227.99635534454052 600001.13055
SA: [349, 116, 124, 374, 141, 138, 189, 55, 300, 348] 302.2361567993418 600011.900359
CLO: [289, 88, 356, 32, 27, 258, 39, 127, 296, 85] 224.32884176692568 600001.382554
-- 
Instance 5
seed: 1464003865465
--
SHC: [475, 278, 88, 179, 461, 382, 409, 183, 214, 17] 190.53246294091866 600000.373971
SA: [18, 425, 52, 140, 323, 421, 118, 110, 238, 376] 331.5684527751109 600086.59354
CLO: [368, 458, 268, 163, 132, 453, 64, 107, 203, 150] 200.97075704121852 600000.074625
-- 
Instance 6
seed: 1464005686094
--
SHC: [83, 32, 431, 151, 89, 450, 105, 284, 281, 225] 198.16843191912733 600000.487022
SA: [294, 88, 182, 197, 333, 313, 283, 246, 311, 182] 308.59047593362624 600109.504218
CLO: [384, 243, 53, 319, 28, 265, 463, 339, 331, 282] 224.58471162484545 600000.685318
-- 
Instance 7
seed: 1464007506695
--
SHC: [271, 371, 43, 147, 52, 147, 286, 107, 146, 475] 265.33069999638343 600000.495703
SA: [165, 58, 305, 355, 480, 270, 434, 66, 215, 57] 321.8792761764531 600024.477466
CLO: [331, 223, 430, 283, 78, 331, 115, 486, 321, 178] 193.39603899687535 600000.778377
-- 
Instance 8
seed: 1464009327012
--
SHC: [434, 165, 351, 27, 233, 271, 129, 173, 108, 202] 248.2140237050212 600000.707493
SA: [453, 308, 263, 178, 370, 130, 446, 99, 487, 378] 301.4701859256211 600159.064568
CLO: [311, 333, 403, 219, 19, 393, 362, 482, 192, 459] 216.70779599986832 600000.71086
-- 
Instance 9
seed: 1464011147670
--
SHC: [467, 254, 401, 457, 331, 264, 364, 166, 41, 452] 209.0931502970152 600000.514389
SA: [98, 314, 401, 367, 192, 361, 356, 152, 81, 470] 321.8226286388888 600017.224738
CLO: [483, 13, 91, 225, 8, 93, 146, 289, 252, 56] 215.60922069571802 600000.047313
-- Summary -- 
*SHC*
Found PNE: 0/10
Approx Average: 216.20323011686537
*SA*
Found PNE: 0/10
Approx Average: 306.2682919640806
*CLO*
Found PNE: 0/10
Approx Average: 214.43022630450554
