Number of instances: 10
Game: Normal Form Game
Players: 100
Actions: 200
Metaheuristics time: 3600
-- 
Instance 0
seed: 1464094856416
--
SHC: [118, 6, 121, 71, 69, 103, 78, 142, 33, 35, 8, 135, 46, 73, 43, 89, 5, 121, 10, 33, 141, 28, 102, 177, 29, 120, 108, 62, 83, 122, 170, 113, 194, 140, 127, 143, 83, 30, 132, 121, 73, 96, 91, 15, 72, 4, 90, 83, 33, 36, 148, 1, 69, 104, 116, 47, 139, 72, 183, 184, 168, 104, 117, 179, 130, 46, 139, 49, 49, 1, 158, 4, 187, 170, 11, 84, 26, 79, 114, 22, 107, 61, 1, 117, 94, 59, 53, 102, 141, 102, 148, 47, 67, 118, 102, 16, 107, 23, 93, 130] 2061.415864936699 3600063.866816
SA: [96, 147, 105, 146, 150, 107, 107, 157, 17, 193, 128, 144, 45, 143, 2, 70, 172, 141, 52, 23, 139, 3, 128, 186, 24, 101, 55, 139, 143, 117, 187, 185, 51, 25, 155, 72, 169, 84, 158, 58, 101, 80, 137, 101, 98, 48, 71, 119, 88, 155, 108, 143, 81, 108, 42, 151, 170, 188, 158, 184, 72, 131, 161, 52, 102, 43, 11, 78, 199, 13, 91, 16, 16, 147, 42, 178, 116, 154, 7, 129, 72, 107, 106, 60, 100, 50, 189, 178, 182, 44, 138, 66, 1, 57, 147, 10, 75, 68, 147, 187] 1951.633207535202 3607001.26308
CLO: [37, 128, 31, 94, 198, 76, 51, 8, 152, 45, 187, 76, 33, 104, 184, 34, 65, 117, 37, 128, 7, 96, 110, 78, 131, 83, 57, 139, 29, 56, 6, 148, 118, 133, 198, 191, 81, 38, 150, 46, 169, 29, 41, 173, 11, 7, 83, 187, 166, 3, 184, 196, 22, 26, 153, 173, 142, 101, 192, 120, 103, 191, 21, 75, 87, 142, 170, 135, 166, 183, 62, 158, 67, 90, 116, 24, 139, 150, 195, 27, 91, 21, 107, 106, 133, 61, 183, 174, 139, 70, 188, 17, 138, 83, 19, 20, 108, 166, 120, 82] 1828.9187807559783 3600000.193714
-- 
Instance 1
seed: 1464105754493
--
SHC: [58, 110, 19, 91, 40, 14, 190, 158, 142, 183, 74, 169, 123, 44, 37, 71, 6, 149, 104, 164, 175, 134, 111, 110, 141, 141, 177, 23, 63, 73, 64, 164, 142, 189, 127, 14, 59, 28, 83, 17, 91, 8, 167, 25, 102, 66, 143, 187, 81, 60, 145, 138, 25, 85, 12, 79, 117, 128, 22, 39, 40, 4, 198, 54, 46, 86, 162, 169, 24, 133, 141, 105, 136, 194, 153, 52, 105, 35, 170, 61, 19, 99, 1, 179, 115, 8, 95, 40, 129, 68, 129, 80, 59, 179, 119, 53, 6, 5, 175, 129] 1875.6174920472172 3600047.548434
SA: [88, 9, 187, 7, 167, 174, 194, 178, 167, 24, 40, 191, 43, 168, 37, 44, 150, 24, 63, 94, 146, 154, 164, 134, 23, 64, 83, 32, 66, 200, 92, 56, 100, 183, 153, 31, 149, 184, 154, 10, 58, 54, 132, 42, 144, 48, 180, 129, 44, 160, 140, 31, 116, 52, 200, 72, 94, 197, 190, 101, 33, 133, 4, 110, 69, 54, 172, 29, 69, 16, 167, 112, 72, 178, 116, 172, 175, 124, 85, 200, 94, 200, 107, 163, 129, 41, 169, 141, 164, 53, 178, 140, 94, 123, 5, 118, 72, 185, 135, 85] 1850.1874848910077 3600719.202789
CLO: [56, 101, 40, 48, 192, 185, 192, 97, 38, 170, 151, 9, 71, 69, 37, 154, 57, 28, 190, 176, 23, 30, 16, 97, 189, 111, 116, 95, 159, 165, 24, 155, 14, 17, 158, 23, 196, 27, 162, 109, 85, 199, 115, 200, 8, 57, 166, 105, 156, 107, 189, 73, 96, 145, 61, 90, 23, 196, 72, 187, 156, 12, 131, 187, 116, 181, 117, 7, 87, 125, 28, 137, 124, 67, 26, 59, 40, 111, 26, 167, 101, 133, 37, 181, 47, 135, 18, 25, 120, 187, 51, 13, 186, 22, 23, 173, 185, 159, 119, 11] 1971.058002138454 3600058.014975
-- 
Instance 2
seed: 1464116619165
--
SHC: [92, 155, 169, 86, 137, 171, 74, 67, 82, 174, 161, 116, 118, 71, 73, 35, 63, 109, 25, 198, 155, 125, 123, 164, 114, 117, 134, 74, 47, 38, 66, 85, 155, 5, 198, 65, 121, 72, 148, 72, 136, 84, 71, 87, 163, 13, 125, 186, 46, 99, 169, 176, 160, 191, 64, 137, 161, 175, 141, 171, 133, 13, 163, 106, 120, 14, 71, 34, 10, 134, 94, 7, 187, 28, 131, 104, 166, 91, 56, 148, 182, 73, 155, 65, 198, 33, 152, 169, 29, 12, 78, 5, 140, 190, 141, 184, 153, 153, 39, 65] 2060.11132899411 3600060.141714
SA: [6, 133, 126, 85, 187, 165, 103, 30, 168, 76, 113, 161, 86, 92, 179, 111, 182, 109, 159, 136, 124, 55, 118, 188, 26, 142, 103, 101, 191, 50, 27, 96, 183, 137, 177, 29, 2, 49, 142, 140, 130, 85, 191, 143, 79, 89, 10, 56, 24, 163, 44, 108, 143, 184, 199, 2, 76, 149, 73, 199, 156, 44, 130, 102, 109, 62, 54, 54, 100, 118, 193, 53, 126, 52, 19, 123, 110, 80, 23, 85, 169, 155, 74, 8, 197, 152, 145, 164, 46, 86, 186, 82, 184, 89, 99, 158, 58, 185, 105, 21] 1934.649824192687 3606117.927086
CLO: [17, 94, 182, 163, 69, 199, 64, 152, 117, 184, 149, 185, 126, 104, 52, 147, 86, 69, 109, 163, 148, 194, 117, 38, 33, 54, 39, 20, 18, 176, 65, 19, 54, 41, 194, 139, 67, 86, 33, 102, 91, 125, 35, 106, 27, 67, 10, 62, 188, 32, 134, 137, 28, 94, 164, 71, 1, 28, 38, 27, 189, 99, 93, 123, 187, 8, 137, 66, 168, 21, 182, 79, 45, 128, 149, 111, 30, 147, 96, 97, 183, 30, 164, 38, 145, 86, 110, 131, 155, 153, 136, 149, 61, 134, 109, 187, 197, 42, 127, 20] 1922.8260711915545 3600034.360806
-- 
Instance 3
seed: 1464127467793
--
SHC: [74, 198, 68, 135, 113, 94, 73, 3, 143, 23, 4, 27, 77, 197, 187, 82, 145, 105, 14, 146, 84, 100, 194, 116, 155, 143, 35, 17, 49, 173, 46, 160, 14, 107, 48, 63, 131, 24, 87, 94, 105, 168, 75, 189, 150, 196, 63, 49, 82, 179, 82, 78, 108, 26, 37, 189, 92, 180, 137, 124, 197, 158, 94, 96, 73, 18, 2, 177, 41, 102, 76, 140, 23, 138, 156, 75, 60, 104, 73, 46, 132, 25, 22, 119, 67, 97, 162, 145, 148, 148, 114, 49, 157, 83, 53, 142, 144, 127, 180, 193] 2057.9943505745396 3600061.55699
SA: [122, 61, 112, 93, 171, 68, 89, 106, 50, 136, 99, 33, 92, 130, 84, 169, 53, 64, 142, 23, 64, 66, 130, 121, 36, 128, 101, 88, 125, 39, 180, 26, 107, 174, 160, 192, 176, 12, 68, 130, 85, 70, 89, 130, 183, 138, 66, 186, 133, 85, 68, 164, 106, 188, 36, 179, 3, 187, 141, 29, 63, 164, 110, 75, 24, 188, 163, 12, 63, 167, 12, 103, 42, 177, 131, 111, 117, 59, 180, 99, 117, 149, 29, 82, 143, 85, 22, 160, 176, 132, 103, 49, 21, 63, 155, 109, 87, 31, 96, 126] 2003.3857454188956 3606017.428829
CLO: [123, 188, 62, 140, 173, 4, 16, 193, 114, 87, 185, 33, 23, 162, 83, 99, 82, 38, 27, 23, 130, 144, 56, 198, 172, 71, 105, 176, 31, 106, 19, 140, 111, 64, 29, 3, 32, 166, 29, 43, 54, 186, 16, 111, 127, 7, 73, 12, 21, 154, 50, 111, 153, 40, 27, 176, 180, 154, 96, 179, 92, 153, 23, 102, 118, 196, 129, 35, 89, 193, 133, 171, 76, 7, 99, 63, 179, 153, 28, 55, 107, 7, 163, 40, 137, 127, 48, 182, 109, 33, 81, 98, 193, 167, 30, 4, 10, 143, 92, 169] 2111.3243774928724 3600033.365852
-- 
Instance 4
seed: 1464138312599
--
SHC: [23, 107, 47, 72, 53, 156, 141, 180, 33, 64, 145, 104, 33, 132, 45, 183, 4, 82, 4, 24, 75, 131, 161, 74, 2, 63, 55, 189, 187, 100, 194, 56, 82, 113, 122, 79, 140, 158, 103, 67, 89, 58, 128, 139, 59, 160, 102, 168, 112, 72, 133, 88, 96, 165, 11, 156, 70, 80, 33, 66, 92, 152, 79, 80, 31, 195, 115, 102, 129, 86, 169, 182, 173, 136, 143, 115, 191, 184, 7, 3, 47, 99, 184, 185, 64, 133, 118, 197, 197, 58, 87, 120, 134, 68, 190, 165, 1, 7, 79, 41] 2141.6535268610714 3600060.348447
SA: [52, 79, 106, 156, 91, 133, 128, 108, 133, 191, 91, 6, 118, 17, 35, 11, 123, 45, 29, 154, 123, 104, 67, 17, 142, 24, 13, 180, 91, 37, 186, 191, 113, 48, 12, 171, 199, 173, 39, 94, 114, 193, 23, 146, 57, 76, 106, 152, 114, 25, 114, 197, 56, 107, 10, 198, 131, 187, 139, 22, 83, 42, 80, 159, 67, 100, 27, 179, 10, 103, 50, 15, 159, 94, 89, 127, 158, 41, 121, 127, 31, 6, 29, 134, 82, 15, 149, 199, 71, 154, 46, 15, 134, 21, 71, 86, 108, 100, 68, 107] 1886.0495154688128 3605007.390021
CLO: [18, 172, 135, 72, 60, 165, 104, 30, 194, 106, 57, 200, 151, 170, 120, 116, 94, 120, 80, 194, 15, 129, 71, 187, 92, 183, 102, 100, 22, 16, 146, 106, 169, 132, 125, 102, 32, 182, 154, 12, 191, 82, 20, 168, 35, 179, 81, 109, 176, 193, 40, 179, 199, 95, 76, 27, 66, 193, 36, 87, 53, 115, 89, 198, 194, 8, 42, 6, 138, 185, 80, 103, 123, 85, 54, 66, 194, 17, 28, 12, 103, 101, 81, 196, 79, 56, 190, 66, 33, 14, 16, 57, 57, 83, 173, 181, 2, 94, 116, 108] 2129.5984049798144 3600078.071444
-- 
Instance 5
seed: 1464149152003
--
SHC: [81, 170, 44, 145, 173, 182, 66, 122, 194, 120, 50, 26, 5, 24, 162, 95, 94, 194, 89, 35, 193, 96, 114, 121, 29, 110, 14, 101, 77, 180, 103, 71, 29, 27, 194, 157, 111, 118, 181, 147, 88, 79, 123, 45, 167, 61, 131, 136, 172, 131, 9, 74, 15, 116, 165, 20, 16, 80, 1, 2, 33, 127, 101, 97, 59, 129, 1, 13, 22, 93, 118, 77, 51, 129, 9, 77, 33, 193, 173, 131, 13, 108, 92, 110, 37, 75, 170, 23, 41, 192, 190, 190, 192, 143, 171, 86, 152, 69, 117, 77] 2021.610537368094 3600049.265515
SA: [43, 132, 48, 129, 123, 101, 118, 23, 188, 160, 148, 62, 67, 165, 163, 170, 28, 170, 96, 20, 184, 161, 83, 95, 159, 170, 75, 120, 172, 169, 101, 61, 160, 75, 197, 198, 74, 192, 4, 180, 3, 128, 133, 197, 175, 11, 108, 50, 136, 19, 1, 20, 7, 198, 15, 103, 60, 163, 173, 45, 130, 16, 128, 140, 74, 37, 134, 81, 21, 47, 189, 160, 153, 73, 95, 185, 20, 186, 193, 123, 192, 161, 16, 99, 92, 177, 22, 194, 128, 98, 179, 161, 99, 41, 191, 35, 69, 200, 150, 176] 1871.5991259059251 3606582.600767
CLO: [6, 99, 127, 84, 182, 181, 172, 42, 70, 194, 198, 62, 8, 64, 152, 40, 190, 66, 88, 4, 179, 16, 193, 118, 36, 31, 33, 159, 45, 153, 61, 155, 15, 64, 105, 142, 80, 28, 89, 154, 75, 134, 1, 133, 6, 112, 4, 115, 179, 129, 15, 184, 150, 159, 136, 41, 103, 96, 197, 105, 101, 150, 15, 99, 33, 155, 48, 188, 43, 84, 10, 174, 17, 174, 31, 12, 114, 31, 19, 9, 179, 103, 150, 187, 88, 54, 6, 26, 154, 171, 106, 168, 158, 155, 50, 72, 47, 154, 88, 176] 2078.513083251364 3600058.424548
-- 
Instance 6
seed: 1464160011935
--
SHC: [9, 66, 170, 178, 55, 79, 126, 28, 41, 44, 196, 89, 181, 20, 197, 51, 148, 95, 160, 20, 54, 57, 181, 33, 162, 103, 49, 181, 85, 172, 179, 83, 155, 6, 128, 5, 31, 127, 85, 138, 33, 149, 93, 167, 52, 95, 175, 81, 179, 170, 163, 194, 23, 178, 19, 135, 198, 55, 99, 142, 107, 96, 111, 133, 48, 13, 90, 43, 44, 189, 50, 182, 9, 27, 74, 183, 37, 138, 135, 107, 104, 189, 92, 174, 149, 89, 10, 198, 193, 9, 181, 89, 160, 88, 25, 20, 31, 180, 128, 194] 2088.9752334380346 3600028.180971
SA: [111, 49, 121, 192, 109, 15, 113, 77, 142, 14, 167, 111, 130, 55, 89, 50, 169, 196, 144, 27, 76, 185, 73, 58, 179, 193, 107, 47, 83, 153, 154, 98, 101, 28, 96, 47, 111, 141, 103, 196, 27, 4, 31, 96, 44, 137, 103, 58, 61, 2, 193, 53, 125, 149, 170, 71, 181, 11, 56, 87, 197, 80, 17, 22, 153, 120, 18, 172, 156, 88, 129, 30, 168, 86, 11, 131, 180, 139, 169, 87, 14, 166, 142, 135, 116, 82, 69, 105, 88, 151, 62, 132, 63, 29, 29, 39, 192, 66, 127, 158] 1796.4931036001792 3606352.804958
CLO: [60, 110, 141, 44, 183, 164, 57, 123, 108, 200, 39, 115, 169, 119, 121, 181, 137, 24, 154, 170, 64, 23, 119, 166, 129, 73, 72, 34, 77, 148, 156, 80, 117, 72, 45, 181, 150, 142, 112, 195, 109, 1, 128, 194, 67, 195, 142, 183, 23, 15, 41, 143, 31, 21, 15, 152, 80, 101, 157, 37, 67, 169, 25, 130, 101, 76, 161, 104, 172, 10, 159, 71, 8, 161, 84, 79, 36, 146, 14, 80, 190, 168, 127, 88, 97, 195, 106, 179, 6, 160, 46, 11, 51, 12, 15, 99, 125, 90, 157, 136] 2039.991625631841 3600028.075495
-- 
Instance 7
seed: 1464170851428
--
SHC: [152, 56, 40, 127, 87, 77, 29, 121, 100, 69, 60, 105, 85, 4, 141, 31, 108, 7, 154, 29, 146, 115, 129, 176, 3, 23, 69, 54, 69, 125, 83, 178, 43, 191, 151, 39, 23, 72, 95, 82, 187, 194, 106, 7, 144, 67, 173, 124, 96, 190, 70, 136, 125, 123, 130, 131, 195, 146, 9, 169, 93, 76, 30, 199, 26, 197, 178, 107, 166, 9, 58, 77, 41, 192, 47, 178, 92, 163, 147, 21, 138, 170, 153, 50, 131, 196, 131, 35, 100, 25, 150, 4, 31, 168, 96, 164, 183, 93, 186, 84] 2047.1221158959781 3600046.289791
SA: [137, 118, 120, 40, 72, 190, 75, 121, 153, 139, 177, 150, 131, 109, 72, 137, 131, 36, 120, 145, 24, 152, 79, 181, 153, 109, 146, 16, 157, 84, 197, 143, 198, 84, 175, 31, 89, 127, 38, 182, 64, 164, 74, 76, 31, 29, 10, 147, 76, 164, 150, 25, 125, 98, 194, 62, 108, 175, 140, 5, 113, 157, 48, 120, 150, 48, 83, 188, 187, 121, 131, 83, 98, 77, 29, 46, 135, 89, 187, 19, 184, 64, 178, 94, 172, 71, 41, 82, 27, 90, 165, 200, 110, 70, 52, 144, 82, 161, 146, 91] 1911.9518763889064 3603484.841746
CLO: [130, 4, 68, 164, 45, 49, 94, 169, 184, 91, 95, 156, 122, 42, 38, 87, 114, 64, 186, 171, 101, 23, 64, 134, 121, 120, 19, 25, 145, 87, 99, 127, 25, 173, 56, 67, 77, 173, 103, 10, 156, 182, 144, 13, 199, 123, 41, 73, 178, 100, 91, 103, 131, 151, 80, 189, 173, 28, 179, 63, 140, 73, 83, 33, 47, 46, 77, 122, 167, 115, 197, 112, 42, 61, 133, 65, 188, 98, 123, 41, 20, 108, 42, 29, 190, 98, 35, 180, 145, 150, 75, 74, 200, 137, 53, 19, 61, 87, 99, 130] 1898.4880166776466 3600016.009573
-- 
Instance 8
seed: 1464181687546
--
SHC: [200, 144, 133, 77, 106, 70, 136, 84, 33, 170, 95, 125, 196, 5, 56, 75, 66, 41, 78, 30, 198, 62, 140, 121, 67, 40, 93, 104, 6, 141, 17, 12, 43, 119, 84, 157, 77, 16, 105, 106, 118, 16, 20, 32, 91, 100, 93, 53, 8, 139, 169, 96, 10, 12, 122, 167, 9, 29, 38, 88, 75, 103, 93, 84, 55, 97, 4, 141, 43, 41, 21, 84, 150, 119, 82, 57, 4, 110, 56, 95, 154, 30, 157, 84, 26, 55, 22, 81, 171, 179, 2, 174, 197, 168, 48, 142, 79, 40, 135, 89] 2225.4143399739205 3600015.549583
SA: [143, 17, 172, 33, 72, 4, 42, 92, 4, 99, 121, 99, 188, 191, 7, 109, 150, 73, 92, 119, 125, 197, 43, 4, 59, 99, 17, 79, 11, 51, 86, 94, 5, 138, 38, 184, 144, 175, 23, 152, 4, 76, 171, 170, 153, 68, 195, 87, 67, 39, 47, 65, 122, 32, 176, 42, 129, 114, 160, 170, 189, 125, 153, 54, 36, 71, 191, 71, 111, 125, 138, 127, 107, 21, 132, 162, 11, 87, 198, 198, 1, 43, 140, 182, 79, 49, 63, 169, 154, 96, 100, 92, 39, 124, 73, 131, 186, 137, 189, 14] 1950.7213401674617 3605467.414692
CLO: [176, 137, 52, 3, 180, 190, 165, 38, 42, 55, 20, 51, 103, 34, 18, 185, 191, 1, 63, 83, 168, 4, 15, 53, 50, 49, 182, 17, 63, 167, 28, 126, 178, 10, 68, 93, 146, 44, 54, 71, 138, 145, 172, 174, 20, 29, 106, 186, 70, 28, 150, 140, 120, 197, 191, 105, 164, 188, 96, 136, 133, 163, 40, 12, 67, 164, 12, 51, 137, 189, 183, 188, 64, 65, 126, 144, 80, 177, 179, 122, 143, 179, 176, 108, 176, 35, 34, 139, 107, 46, 154, 179, 24, 96, 128, 113, 120, 74, 184, 54] 2030.3496519092037 3600026.810277
-- 
Instance 9
seed: 1464192524276
--
SHC: [21, 3, 118, 119, 115, 64, 102, 60, 175, 158, 8, 122, 91, 57, 67, 154, 165, 109, 163, 191, 60, 153, 150, 62, 38, 77, 118, 142, 130, 166, 141, 123, 196, 85, 73, 102, 22, 97, 126, 87, 147, 113, 186, 157, 154, 107, 98, 20, 167, 189, 183, 61, 57, 96, 58, 115, 111, 20, 135, 78, 93, 54, 189, 10, 62, 159, 68, 72, 82, 6, 8, 14, 110, 126, 170, 41, 192, 66, 57, 88, 116, 60, 14, 141, 16, 149, 182, 188, 129, 70, 48, 104, 122, 44, 66, 189, 165, 133, 19, 24] 2050.582958849406 3600023.981831
SA: [23, 31, 7, 64, 143, 125, 128, 165, 76, 186, 193, 160, 158, 143, 8, 181, 141, 81, 143, 12, 26, 167, 65, 66, 15, 41, 141, 135, 109, 47, 131, 199, 195, 92, 64, 192, 89, 68, 142, 98, 61, 160, 83, 152, 121, 187, 61, 57, 83, 106, 106, 161, 85, 35, 167, 85, 181, 46, 143, 65, 103, 18, 161, 170, 180, 89, 43, 9, 152, 85, 129, 67, 98, 200, 113, 143, 145, 148, 1, 72, 127, 100, 159, 45, 50, 88, 189, 156, 99, 131, 1, 142, 44, 60, 119, 87, 8, 39, 79, 163] 1941.3098256807075 3604176.220127
CLO: [144, 171, 76, 163, 136, 93, 147, 35, 31, 138, 130, 52, 64, 1, 167, 17, 115, 194, 57, 85, 57, 127, 196, 145, 198, 187, 151, 14, 194, 47, 149, 200, 154, 182, 135, 51, 45, 172, 95, 31, 113, 87, 79, 63, 102, 185, 112, 56, 147, 149, 106, 53, 107, 80, 121, 63, 182, 165, 161, 41, 180, 114, 185, 137, 7, 133, 181, 147, 58, 109, 21, 95, 149, 101, 9, 115, 99, 81, 104, 124, 6, 99, 35, 149, 199, 71, 136, 138, 157, 18, 156, 199, 20, 49, 166, 105, 134, 132, 102, 186] 2033.8170437450856 3600077.516326
-- Summary -- 
*SHC*
Found PNE: 0/10
Approx Average: 2063.049774893907
*SA*
Found PNE: 0/10
Approx Average: 1909.7981049249786
*CLO*
Found PNE: 0/10
Approx Average: 2004.4885057773815
