Number of instances: 10
Game: Normal Form Game
Players: 50
Actions: 100
Metaheuristics time: 600
-- 
Instance 0
seed: 1463994764009
--
SHC: [59, 65, 84, 61, 74, 31, 27, 61, 46, 59, 99, 74, 54, 77, 29, 47, 69, 81, 79, 49, 23, 44, 44, 17, 83, 83, 9, 96, 84, 21, 82, 4, 54, 38, 95, 15, 78, 25, 72, 23, 75, 48, 70, 94, 80, 72, 74, 18, 8, 89] 1070.413289550109 600005.480813
SA: [34, 77, 1, 35, 58, 80, 68, 71, 11, 1, 45, 27, 22, 55, 10, 67, 68, 10, 25, 48, 1, 97, 81, 73, 71, 42, 2, 69, 32, 11, 9, 37, 55, 14, 29, 22, 95, 36, 11, 22, 67, 49, 94, 86, 27, 80, 46, 38, 70, 19] 1028.7545157514535 600283.669357
CLO: [4, 99, 58, 79, 60, 56, 82, 34, 23, 70, 29, 74, 31, 64, 88, 1, 5, 76, 74, 9, 94, 50, 3, 16, 48, 75, 11, 29, 78, 100, 9, 24, 2, 67, 63, 73, 40, 25, 69, 44, 8, 3, 79, 25, 31, 78, 75, 38, 2, 53] 1017.1423659533261 600004.256242
-- 
Instance 1
seed: 1463996578385
--
SHC: [39, 66, 10, 10, 94, 16, 88, 83, 28, 63, 18, 81, 34, 37, 39, 81, 95, 39, 23, 56, 11, 33, 44, 62, 51, 70, 75, 95, 58, 41, 7, 54, 95, 89, 66, 17, 67, 16, 61, 37, 52, 94, 41, 30, 31, 64, 85, 98, 31, 73] 1055.400179553174 600003.449718
SA: [33, 68, 86, 75, 18, 49, 15, 56, 13, 52, 19, 96, 75, 65, 50, 72, 65, 80, 32, 51, 40, 82, 95, 69, 62, 19, 16, 86, 71, 64, 80, 26, 10, 10, 28, 18, 56, 11, 37, 6, 14, 19, 62, 70, 58, 96, 44, 82, 60, 90] 1035.6880269390613 600167.994401
CLO: [31, 1, 57, 23, 46, 70, 77, 57, 16, 72, 79, 48, 73, 15, 58, 36, 83, 86, 30, 18, 1, 92, 87, 20, 64, 82, 6, 5, 85, 94, 66, 86, 65, 34, 39, 75, 36, 22, 38, 100, 92, 52, 43, 23, 41, 91, 51, 80, 51, 72] 964.0389030676845 600001.274704
-- 
Instance 2
seed: 1463998400363
--
SHC: [12, 26, 72, 77, 90, 42, 23, 63, 80, 34, 14, 10, 88, 79, 58, 66, 75, 83, 45, 9, 35, 71, 64, 91, 93, 91, 30, 97, 82, 69, 4, 46, 49, 33, 97, 59, 22, 99, 34, 3, 88, 70, 55, 3, 26, 73, 58, 53, 21, 9] 992.4393875041008 600007.491509
SA: [48, 54, 43, 51, 39, 74, 77, 40, 87, 58, 38, 22, 86, 67, 50, 58, 42, 82, 24, 51, 92, 19, 39, 26, 6, 71, 30, 75, 56, 47, 76, 21, 54, 38, 41, 69, 64, 57, 55, 4, 43, 63, 20, 16, 82, 62, 90, 55, 26, 52] 1066.804071570812 600790.605492
CLO: [33, 91, 99, 92, 22, 14, 45, 44, 6, 29, 11, 100, 32, 42, 22, 56, 69, 59, 98, 43, 20, 27, 15, 20, 3, 72, 76, 2, 85, 42, 49, 59, 89, 99, 97, 27, 20, 93, 15, 12, 7, 93, 18, 99, 66, 24, 91, 69, 79, 43] 902.4584563147964 600004.082279
-- 
Instance 3
seed: 1464000218669
--
SHC: [83, 30, 31, 95, 98, 97, 62, 89, 21, 1, 98, 97, 47, 33, 96, 82, 8, 28, 76, 39, 11, 43, 35, 9, 57, 96, 18, 91, 59, 76, 61, 78, 88, 47, 28, 54, 99, 27, 38, 20, 56, 100, 40, 17, 32, 65, 54, 59, 28, 58] 1015.4509662630805 600000.801851
SA: [56, 86, 81, 94, 82, 92, 77, 26, 98, 7, 56, 90, 13, 67, 2, 26, 62, 67, 74, 96, 24, 21, 35, 21, 47, 34, 83, 35, 16, 50, 97, 29, 26, 79, 72, 6, 56, 22, 16, 3, 97, 4, 49, 59, 57, 69, 18, 84, 91, 52] 1068.4844477986398 600487.212401
CLO: [63, 91, 47, 71, 87, 78, 86, 31, 72, 19, 49, 98, 13, 60, 39, 87, 53, 74, 6, 11, 55, 64, 91, 15, 89, 56, 19, 100, 81, 10, 13, 87, 2, 6, 52, 66, 65, 51, 51, 50, 5, 51, 64, 16, 18, 2, 89, 29, 99, 66] 892.3664704233169 600000.423731
-- 
Instance 4
seed: 1464002036647
--
SHC: [46, 6, 28, 42, 2, 60, 52, 15, 1, 61, 60, 68, 4, 58, 94, 90, 24, 23, 37, 37, 21, 42, 91, 97, 63, 18, 68, 99, 27, 100, 55, 6, 33, 18, 82, 18, 5, 23, 38, 4, 37, 100, 65, 11, 12, 49, 89, 76, 86, 32] 1129.287300315908 600004.826947
SA: [8, 23, 83, 55, 96, 71, 51, 26, 79, 36, 48, 55, 1, 98, 62, 37, 21, 60, 66, 81, 23, 54, 35, 30, 87, 95, 68, 6, 80, 65, 39, 25, 48, 73, 46, 16, 57, 90, 49, 28, 51, 10, 60, 28, 91, 17, 4, 79, 21, 97] 983.5350827944967 600159.313105
CLO: [58, 72, 98, 95, 2, 25, 59, 75, 95, 18, 1, 43, 65, 13, 3, 24, 65, 49, 70, 55, 47, 38, 26, 68, 78, 24, 67, 36, 96, 100, 83, 39, 4, 21, 19, 72, 51, 84, 95, 73, 9, 22, 23, 36, 82, 94, 77, 84, 39, 9] 1032.0540595542186 600007.718405
-- 
Instance 5
seed: 1464003854376
--
SHC: [21, 20, 78, 23, 98, 86, 24, 56, 1, 46, 18, 85, 8, 3, 91, 71, 14, 89, 81, 54, 95, 69, 58, 76, 19, 6, 18, 22, 43, 95, 42, 96, 31, 21, 63, 24, 56, 35, 62, 70, 20, 24, 24, 97, 63, 72, 81, 6, 42, 47] 1121.6885414146118 600000.28718
SA: [62, 89, 54, 9, 28, 68, 34, 16, 99, 88, 21, 100, 89, 40, 48, 95, 77, 72, 54, 86, 64, 49, 48, 38, 90, 64, 92, 35, 20, 49, 34, 75, 41, 88, 68, 33, 31, 39, 3, 34, 28, 63, 33, 12, 30, 68, 71, 45, 19, 64] 1030.2745311613478 600478.203223
CLO: [25, 46, 13, 98, 7, 3, 76, 69, 68, 47, 59, 93, 20, 10, 97, 92, 92, 49, 49, 80, 87, 12, 14, 74, 55, 12, 46, 53, 8, 84, 69, 57, 28, 23, 81, 53, 81, 50, 89, 8, 99, 73, 91, 39, 43, 25, 68, 17, 4, 90] 930.0379798900867 600006.385149
-- 
Instance 6
seed: 1464005672405
--
SHC: [84, 40, 71, 5, 21, 81, 56, 81, 46, 55, 85, 31, 41, 65, 85, 46, 31, 40, 82, 18, 48, 67, 6, 26, 56, 6, 43, 10, 28, 75, 42, 46, 63, 25, 96, 81, 68, 77, 26, 28, 67, 66, 33, 12, 18, 81, 12, 73, 15, 91] 968.0192378598067 600003.893283
SA: [34, 37, 3, 74, 67, 85, 3, 19, 73, 45, 7, 55, 62, 83, 2, 100, 53, 25, 42, 27, 5, 89, 63, 61, 6, 93, 66, 27, 52, 36, 31, 94, 80, 94, 86, 52, 16, 28, 67, 63, 63, 30, 46, 79, 19, 4, 67, 98, 98, 7] 1068.2327522589876 600202.731987
CLO: [42, 75, 32, 69, 91, 84, 36, 35, 26, 6, 78, 77, 47, 96, 79, 94, 52, 78, 59, 25, 44, 25, 68, 7, 24, 38, 16, 57, 63, 12, 80, 98, 74, 26, 20, 20, 76, 95, 45, 55, 11, 64, 10, 54, 69, 17, 30, 63, 76, 13] 914.3847719393312 600004.768797
-- 
Instance 7
seed: 1464007490029
--
SHC: [35, 42, 3, 15, 41, 3, 98, 68, 33, 62, 37, 81, 20, 99, 32, 10, 93, 59, 68, 18, 5, 84, 78, 16, 66, 99, 9, 88, 72, 93, 95, 38, 31, 7, 11, 92, 7, 75, 6, 40, 12, 47, 36, 28, 57, 61, 1, 29, 35, 1] 1033.1552518870456 600002.498977
SA: [6, 74, 12, 2, 23, 97, 5, 71, 10, 42, 1, 28, 69, 30, 67, 22, 11, 69, 42, 65, 12, 70, 67, 92, 18, 82, 66, 68, 20, 31, 4, 93, 60, 77, 77, 60, 94, 42, 83, 57, 38, 74, 48, 27, 77, 81, 52, 18, 48, 68] 1015.4752929677643 600328.222281
CLO: [7, 58, 55, 100, 42, 28, 8, 82, 67, 87, 32, 73, 33, 46, 71, 19, 48, 5, 61, 97, 58, 69, 49, 96, 44, 26, 9, 78, 89, 87, 53, 33, 6, 24, 7, 16, 27, 6, 58, 6, 47, 54, 62, 36, 89, 77, 50, 45, 18, 73] 988.1462792443422 600006.767931
-- 
Instance 8
seed: 1464009308104
--
SHC: [51, 86, 14, 63, 79, 75, 93, 38, 46, 31, 97, 39, 25, 50, 91, 70, 37, 85, 28, 82, 54, 74, 34, 64, 69, 3, 72, 53, 60, 49, 15, 73, 6, 12, 71, 46, 69, 72, 13, 51, 13, 16, 89, 56, 15, 89, 97, 45, 87, 10] 1062.650427019414 600005.26126
SA: [50, 33, 87, 20, 93, 34, 14, 70, 56, 11, 62, 95, 26, 35, 39, 91, 17, 49, 97, 39, 14, 57, 42, 6, 36, 84, 30, 46, 74, 41, 96, 14, 76, 14, 99, 38, 62, 77, 98, 23, 81, 24, 94, 87, 14, 87, 31, 18, 70, 21] 1031.3223370217395 600029.544465
CLO: [26, 3, 99, 89, 8, 99, 34, 10, 56, 25, 28, 57, 52, 89, 46, 79, 46, 59, 85, 47, 50, 85, 27, 93, 38, 38, 37, 14, 30, 17, 40, 39, 98, 4, 41, 48, 4, 87, 76, 49, 59, 70, 73, 91, 86, 38, 80, 84, 14, 18] 939.292402316313 600006.724067
-- 
Instance 9
seed: 1464011126238
--
SHC: [70, 22, 35, 35, 57, 63, 13, 18, 93, 53, 10, 23, 85, 44, 90, 94, 68, 12, 85, 40, 45, 45, 40, 43, 25, 13, 85, 11, 74, 44, 73, 50, 61, 37, 74, 43, 80, 82, 51, 7, 44, 52, 76, 29, 100, 5, 21, 86, 97, 74] 988.5183782919344 600001.860749
SA: [1, 80, 8, 70, 4, 24, 53, 74, 4, 32, 61, 94, 53, 58, 38, 18, 16, 67, 8, 56, 26, 55, 55, 54, 98, 86, 11, 82, 48, 47, 13, 58, 89, 43, 29, 20, 62, 70, 1, 49, 58, 64, 92, 94, 50, 71, 70, 78, 26, 30] 1043.4667204509137 600142.535002
CLO: [48, 14, 20, 78, 10, 46, 35, 97, 68, 97, 89, 30, 25, 85, 47, 6, 32, 10, 33, 74, 33, 50, 62, 20, 61, 20, 73, 92, 68, 87, 48, 48, 55, 36, 54, 12, 76, 98, 75, 63, 32, 52, 44, 34, 92, 78, 34, 53, 4, 10] 961.4113083328176 600004.900224
-- Summary -- 
*SHC*
Found PNE: 0/10
Approx Average: 1043.7022959659184
*SA*
Found PNE: 0/10
Approx Average: 1037.2037778715217
*CLO*
Found PNE: 0/10
Approx Average: 954.1332997036234
