Number of instances: 10
Game: Normal Form Game
Players: 200
Actions: 50
Metaheuristics time: 3600
-- 
Instance 0
seed: 1464094856445
--
SHC: [48, 45, 42, 28, 5, 24, 34, 47, 6, 16, 42, 13, 1, 36, 45, 40, 45, 23, 17, 19, 44, 3, 46, 13, 37, 20, 35, 9, 46, 17, 30, 11, 15, 11, 45, 49, 8, 12, 17, 32, 35, 2, 27, 8, 13, 3, 13, 34, 4, 18, 30, 25, 25, 16, 27, 3, 27, 34, 48, 4, 33, 15, 40, 21, 46, 28, 21, 23, 41, 50, 49, 36, 42, 14, 26, 26, 2, 31, 25, 41, 48, 37, 13, 39, 39, 11, 21, 15, 26, 18, 34, 9, 6, 11, 32, 48, 49, 40, 45, 28, 23, 4, 35, 24, 22, 19, 35, 43, 7, 26, 4, 27, 17, 31, 33, 30, 30, 42, 29, 23, 2, 40, 36, 44, 15, 5, 22, 18, 37, 24, 21, 28, 31, 6, 1, 43, 4, 36, 40, 50, 45, 30, 5, 50, 47, 45, 19, 4, 37, 19, 5, 6, 1, 11, 15, 31, 19, 13, 30, 34, 40, 19, 22, 42, 7, 38, 41, 27, 45, 28, 16, 27, 13, 22, 37, 21, 14, 2, 43, 35, 24, 13, 49, 8, 43, 23, 8, 49, 22, 30, 35, 26, 26, 13, 39, 6, 20, 42, 8, 21] 2812.000130910154 3600032.581077
SA: [44, 45, 47, 26, 7, 31, 4, 22, 29, 19, 16, 42, 45, 50, 20, 41, 14, 13, 33, 4, 13, 20, 34, 25, 10, 36, 18, 15, 7, 42, 1, 7, 43, 13, 11, 7, 28, 36, 21, 6, 12, 6, 25, 12, 18, 9, 21, 2, 13, 16, 8, 35, 15, 41, 25, 22, 41, 26, 21, 23, 9, 18, 49, 47, 39, 28, 2, 32, 8, 34, 33, 33, 50, 36, 33, 29, 40, 43, 50, 12, 41, 2, 2, 7, 48, 48, 15, 4, 38, 4, 4, 2, 28, 45, 38, 14, 4, 26, 25, 9, 6, 5, 48, 44, 28, 14, 11, 32, 41, 37, 5, 38, 39, 45, 38, 32, 12, 25, 16, 31, 33, 17, 43, 43, 14, 22, 13, 7, 47, 26, 18, 23, 10, 15, 40, 15, 49, 26, 14, 26, 7, 48, 36, 14, 10, 29, 42, 27, 50, 20, 44, 48, 32, 38, 21, 13, 14, 14, 11, 49, 11, 37, 39, 20, 8, 41, 22, 33, 1, 42, 43, 18, 40, 20, 2, 36, 8, 50, 27, 34, 5, 27, 40, 40, 21, 6, 6, 23, 26, 1, 32, 33, 19, 44, 14, 19, 30, 14, 18, 23] 2652.308355111284 3601983.441444
CLO: [20, 15, 47, 50, 41, 8, 4, 24, 47, 2, 16, 3, 3, 15, 30, 41, 14, 43, 19, 27, 25, 38, 12, 40, 27, 36, 14, 10, 30, 26, 35, 9, 29, 29, 2, 14, 28, 8, 18, 42, 41, 12, 36, 19, 26, 15, 4, 39, 31, 10, 18, 5, 43, 22, 49, 5, 47, 49, 45, 20, 3, 31, 49, 10, 7, 2, 39, 26, 22, 32, 31, 41, 38, 37, 6, 10, 27, 43, 47, 31, 1, 43, 24, 39, 45, 6, 48, 14, 46, 49, 13, 6, 25, 41, 41, 7, 20, 47, 6, 11, 19, 48, 6, 50, 41, 32, 46, 2, 2, 10, 27, 4, 49, 31, 14, 3, 36, 11, 31, 16, 24, 2, 19, 10, 34, 13, 13, 7, 38, 41, 31, 11, 3, 11, 1, 41, 21, 11, 3, 45, 38, 34, 14, 11, 31, 46, 28, 32, 21, 20, 9, 15, 20, 3, 2, 48, 17, 39, 38, 10, 45, 39, 20, 38, 9, 18, 50, 1, 43, 34, 43, 24, 27, 5, 10, 11, 34, 1, 9, 38, 4, 11, 47, 34, 16, 23, 17, 31, 29, 45, 33, 17, 22, 33, 32, 34, 38, 45, 39, 42] 2686.500266577018 3600053.998661
-- 
Instance 1
seed: 1464105763900
--
SHC: [43, 23, 16, 38, 44, 5, 4, 37, 46, 42, 41, 34, 43, 13, 43, 21, 49, 44, 12, 42, 46, 48, 43, 21, 27, 50, 31, 37, 7, 42, 40, 39, 35, 6, 20, 32, 18, 15, 38, 31, 16, 44, 18, 46, 25, 10, 49, 35, 44, 23, 34, 50, 40, 26, 19, 18, 38, 2, 17, 50, 3, 6, 30, 33, 25, 28, 12, 46, 23, 45, 1, 22, 37, 37, 43, 5, 23, 25, 28, 12, 49, 18, 21, 33, 16, 10, 26, 39, 9, 32, 30, 24, 16, 31, 39, 10, 21, 13, 39, 27, 3, 32, 36, 46, 47, 20, 28, 24, 47, 18, 10, 31, 13, 17, 13, 29, 9, 47, 24, 2, 34, 5, 2, 28, 10, 15, 2, 27, 47, 29, 38, 17, 38, 30, 8, 21, 24, 13, 2, 4, 37, 43, 27, 26, 47, 27, 38, 17, 1, 14, 24, 19, 20, 43, 41, 10, 36, 39, 27, 21, 42, 16, 31, 24, 5, 26, 40, 45, 6, 10, 10, 21, 7, 33, 7, 22, 5, 9, 10, 23, 22, 23, 3, 39, 27, 4, 25, 5, 10, 41, 6, 26, 46, 6, 24, 25, 20, 32, 22, 42] 2612.6955553103267 3600050.199915
SA: [5, 10, 28, 46, 42, 25, 43, 13, 43, 29, 25, 50, 38, 32, 18, 42, 45, 27, 28, 42, 21, 44, 14, 7, 18, 3, 33, 27, 23, 47, 30, 17, 39, 30, 15, 12, 19, 28, 26, 50, 11, 8, 24, 34, 22, 34, 20, 44, 29, 9, 3, 27, 34, 12, 12, 24, 40, 44, 29, 9, 14, 11, 28, 10, 5, 3, 50, 27, 7, 50, 49, 41, 35, 27, 5, 42, 42, 40, 17, 39, 6, 49, 48, 1, 9, 38, 22, 43, 27, 26, 33, 7, 36, 50, 29, 33, 31, 25, 10, 31, 35, 4, 20, 2, 47, 9, 46, 2, 20, 42, 1, 27, 49, 11, 15, 48, 47, 46, 39, 7, 41, 7, 32, 38, 45, 4, 46, 5, 43, 15, 13, 16, 8, 32, 4, 45, 3, 42, 50, 47, 13, 3, 15, 14, 42, 5, 43, 16, 36, 37, 20, 28, 34, 27, 13, 17, 13, 29, 15, 36, 18, 6, 21, 31, 12, 47, 33, 35, 23, 13, 33, 42, 49, 15, 46, 36, 25, 40, 30, 16, 50, 26, 46, 3, 32, 36, 31, 50, 29, 22, 4, 12, 43, 8, 38, 25, 39, 24, 37, 3] 2766.1278090412216 3606351.782562
CLO: [28, 36, 24, 36, 21, 1, 10, 2, 20, 34, 1, 37, 37, 20, 14, 2, 18, 12, 34, 25, 2, 6, 40, 9, 32, 47, 12, 20, 2, 31, 38, 5, 24, 7, 11, 41, 3, 45, 7, 6, 4, 12, 24, 3, 5, 4, 16, 50, 39, 38, 9, 25, 26, 24, 39, 34, 31, 23, 48, 43, 32, 23, 11, 20, 20, 40, 30, 37, 45, 48, 26, 24, 18, 12, 39, 17, 40, 23, 28, 31, 31, 34, 19, 13, 41, 42, 7, 46, 25, 49, 47, 18, 34, 21, 43, 1, 9, 36, 44, 50, 23, 2, 16, 3, 15, 21, 17, 32, 32, 30, 5, 9, 5, 26, 1, 38, 6, 11, 45, 3, 4, 4, 40, 17, 4, 34, 17, 6, 11, 39, 13, 17, 23, 10, 47, 21, 12, 15, 38, 46, 36, 18, 30, 3, 21, 7, 30, 42, 5, 46, 28, 32, 33, 28, 12, 36, 28, 25, 10, 6, 45, 24, 29, 45, 8, 6, 15, 6, 41, 9, 15, 18, 31, 49, 43, 25, 6, 47, 17, 39, 29, 8, 36, 42, 47, 47, 29, 45, 10, 50, 10, 11, 15, 35, 37, 4, 7, 3, 23, 1] 2532.826037761608 3600041.140139
-- 
Instance 2
seed: 1464116657071
--
SHC: [24, 22, 12, 21, 48, 46, 24, 14, 7, 46, 29, 13, 33, 3, 31, 25, 7, 46, 34, 6, 50, 14, 41, 24, 1, 29, 23, 41, 33, 19, 17, 23, 9, 26, 49, 9, 23, 20, 24, 8, 10, 31, 12, 23, 26, 30, 32, 4, 45, 16, 9, 5, 14, 27, 16, 45, 26, 12, 35, 44, 34, 48, 14, 39, 17, 40, 43, 42, 29, 12, 23, 35, 23, 31, 16, 11, 41, 18, 32, 41, 43, 22, 32, 6, 12, 10, 1, 36, 48, 12, 22, 48, 10, 40, 12, 12, 30, 35, 50, 44, 14, 40, 8, 13, 43, 28, 11, 32, 17, 27, 30, 5, 2, 33, 41, 29, 10, 50, 24, 1, 2, 20, 22, 23, 2, 35, 15, 21, 4, 9, 30, 35, 47, 21, 14, 12, 1, 24, 15, 20, 36, 36, 38, 13, 35, 2, 19, 27, 43, 41, 50, 39, 11, 22, 17, 2, 45, 23, 4, 6, 46, 1, 30, 21, 10, 1, 41, 13, 36, 34, 12, 38, 32, 33, 33, 43, 35, 33, 24, 7, 45, 46, 36, 16, 15, 49, 34, 15, 47, 26, 49, 3, 28, 37, 5, 20, 20, 30, 4, 46] 2685.297904079486 3600046.61764
SA: [19, 17, 29, 9, 28, 43, 12, 11, 13, 1, 8, 47, 39, 16, 32, 11, 12, 32, 39, 34, 35, 50, 11, 34, 8, 45, 5, 1, 11, 13, 40, 48, 43, 38, 30, 8, 6, 36, 39, 9, 7, 8, 24, 28, 8, 2, 2, 2, 10, 17, 8, 4, 35, 33, 39, 10, 30, 17, 20, 36, 39, 10, 34, 14, 18, 18, 5, 5, 50, 12, 34, 24, 16, 18, 20, 36, 50, 34, 42, 37, 21, 21, 43, 14, 32, 12, 39, 18, 50, 26, 49, 19, 23, 12, 11, 40, 41, 15, 9, 34, 41, 17, 4, 29, 40, 49, 46, 28, 37, 6, 18, 34, 3, 24, 42, 30, 1, 48, 50, 24, 20, 15, 34, 8, 1, 25, 11, 4, 34, 33, 8, 39, 50, 46, 30, 47, 25, 8, 17, 16, 16, 36, 24, 18, 13, 11, 42, 47, 10, 41, 49, 19, 39, 11, 23, 48, 37, 14, 41, 4, 34, 40, 24, 7, 50, 31, 32, 45, 18, 8, 16, 5, 49, 21, 20, 36, 32, 3, 12, 43, 22, 5, 21, 38, 25, 30, 4, 22, 24, 24, 9, 6, 20, 34, 26, 48, 47, 5, 7, 1] 2706.723009043203 3602309.946314
CLO: [17, 25, 44, 11, 12, 46, 36, 46, 8, 36, 2, 37, 16, 27, 13, 16, 27, 27, 12, 43, 22, 11, 32, 23, 4, 5, 29, 42, 40, 16, 48, 47, 46, 4, 13, 22, 15, 15, 8, 30, 24, 32, 50, 44, 6, 49, 11, 6, 49, 29, 44, 39, 43, 50, 47, 29, 2, 26, 36, 25, 4, 29, 16, 44, 15, 17, 16, 50, 14, 30, 7, 29, 14, 41, 38, 23, 16, 39, 47, 6, 2, 28, 21, 22, 24, 48, 4, 19, 14, 16, 43, 16, 9, 26, 14, 49, 50, 49, 46, 6, 19, 5, 44, 28, 13, 47, 10, 18, 34, 26, 24, 28, 11, 33, 39, 6, 34, 6, 47, 13, 22, 46, 1, 6, 4, 50, 15, 2, 14, 15, 44, 7, 21, 7, 41, 31, 21, 26, 46, 8, 15, 47, 50, 39, 3, 2, 1, 23, 22, 46, 42, 49, 42, 21, 19, 35, 22, 20, 45, 21, 9, 28, 23, 33, 23, 48, 30, 6, 4, 35, 34, 36, 35, 10, 13, 5, 42, 33, 2, 41, 6, 9, 40, 26, 32, 13, 38, 33, 11, 42, 42, 39, 33, 24, 37, 6, 8, 23, 11, 2] 2553.508084963644 3600026.555591
-- 
Instance 3
seed: 1464127549605
--
SHC: [6, 35, 43, 13, 45, 7, 3, 21, 2, 11, 31, 40, 11, 13, 48, 37, 40, 17, 42, 41, 5, 27, 43, 31, 30, 21, 19, 26, 5, 49, 14, 35, 29, 12, 45, 26, 20, 5, 15, 9, 20, 49, 40, 25, 27, 24, 40, 35, 28, 25, 25, 29, 46, 36, 34, 25, 33, 21, 1, 41, 21, 15, 10, 24, 14, 41, 10, 2, 29, 10, 5, 28, 25, 18, 35, 17, 15, 1, 38, 31, 4, 28, 1, 42, 27, 20, 47, 1, 36, 19, 36, 10, 17, 9, 27, 20, 10, 47, 40, 35, 20, 33, 48, 49, 21, 9, 50, 42, 25, 36, 48, 2, 38, 28, 45, 42, 42, 16, 48, 30, 1, 35, 3, 35, 47, 11, 8, 26, 1, 11, 32, 19, 36, 4, 38, 46, 30, 30, 12, 14, 38, 4, 30, 6, 28, 33, 42, 14, 46, 33, 40, 32, 33, 27, 20, 11, 43, 4, 15, 48, 31, 41, 38, 27, 6, 1, 15, 5, 2, 49, 48, 26, 21, 29, 19, 10, 47, 10, 20, 45, 13, 14, 31, 30, 32, 23, 22, 29, 23, 34, 35, 21, 38, 3, 30, 28, 10, 9, 35, 12] 2848.5902413056647 3600029.082681
SA: [37, 37, 8, 7, 26, 18, 17, 5, 21, 15, 21, 40, 3, 21, 38, 24, 47, 9, 43, 13, 32, 27, 30, 6, 50, 23, 31, 13, 9, 47, 29, 21, 8, 26, 9, 49, 26, 41, 2, 34, 24, 41, 19, 49, 15, 35, 1, 8, 40, 19, 1, 30, 39, 31, 26, 11, 5, 19, 2, 27, 36, 7, 32, 34, 2, 7, 40, 44, 39, 31, 43, 35, 24, 11, 36, 27, 4, 36, 47, 28, 47, 36, 38, 47, 28, 5, 23, 15, 21, 46, 50, 23, 1, 36, 25, 11, 35, 37, 24, 28, 46, 12, 11, 28, 4, 41, 21, 32, 23, 19, 5, 14, 43, 10, 38, 18, 49, 18, 17, 29, 15, 33, 27, 20, 13, 1, 6, 47, 27, 29, 6, 21, 17, 28, 48, 4, 35, 31, 43, 8, 27, 37, 10, 37, 24, 38, 8, 18, 21, 47, 6, 32, 7, 47, 48, 40, 49, 13, 49, 11, 9, 22, 46, 6, 20, 14, 10, 2, 9, 28, 22, 47, 5, 31, 42, 5, 42, 26, 28, 20, 31, 8, 39, 8, 23, 37, 20, 21, 6, 45, 20, 48, 8, 21, 23, 22, 41, 3, 47, 11] 2600.57328213945 3601982.238783
CLO: [40, 3, 27, 6, 13, 7, 16, 19, 2, 8, 43, 45, 31, 45, 42, 7, 31, 38, 2, 46, 30, 27, 31, 10, 20, 33, 43, 44, 24, 6, 2, 19, 18, 26, 36, 10, 42, 24, 8, 39, 22, 34, 30, 4, 40, 42, 8, 49, 41, 24, 21, 49, 41, 5, 11, 15, 25, 8, 22, 21, 18, 42, 4, 23, 25, 44, 29, 12, 14, 39, 27, 3, 36, 7, 14, 4, 27, 30, 36, 46, 23, 23, 48, 6, 34, 4, 40, 33, 50, 8, 41, 49, 24, 1, 4, 22, 38, 43, 20, 22, 3, 20, 39, 45, 5, 27, 48, 22, 36, 26, 9, 26, 44, 23, 18, 37, 38, 42, 9, 28, 38, 15, 7, 15, 32, 17, 31, 20, 36, 40, 45, 5, 40, 20, 43, 14, 1, 43, 24, 18, 40, 25, 39, 49, 23, 43, 10, 7, 23, 43, 6, 14, 24, 42, 25, 45, 7, 33, 36, 48, 23, 33, 14, 7, 40, 21, 18, 45, 24, 26, 2, 24, 16, 13, 44, 11, 15, 23, 25, 3, 32, 8, 5, 17, 19, 3, 9, 43, 13, 19, 46, 31, 48, 4, 47, 12, 16, 40, 46, 18] 2616.6258523170454 3600042.717434
-- 
Instance 4
seed: 1464138438415
--
SHC: [32, 41, 31, 7, 25, 2, 29, 14, 4, 31, 29, 1, 13, 19, 1, 45, 5, 44, 2, 19, 41, 41, 49, 27, 46, 19, 11, 10, 5, 30, 3, 41, 33, 11, 8, 22, 49, 2, 9, 2, 7, 18, 13, 47, 8, 8, 48, 15, 43, 27, 43, 25, 5, 4, 6, 46, 8, 28, 27, 36, 37, 14, 17, 24, 38, 26, 36, 24, 10, 47, 37, 43, 35, 12, 22, 17, 27, 4, 41, 15, 21, 24, 14, 43, 25, 44, 40, 14, 39, 38, 32, 9, 18, 16, 26, 29, 28, 3, 10, 30, 42, 20, 37, 44, 23, 35, 18, 1, 15, 44, 10, 7, 22, 3, 29, 40, 46, 26, 25, 42, 3, 36, 44, 10, 4, 39, 43, 7, 9, 44, 39, 38, 31, 39, 31, 4, 11, 27, 43, 46, 1, 40, 9, 45, 19, 21, 31, 30, 40, 33, 10, 16, 45, 14, 46, 47, 14, 44, 42, 2, 35, 15, 45, 14, 7, 47, 21, 39, 24, 46, 21, 46, 49, 18, 7, 37, 22, 1, 42, 47, 30, 20, 8, 1, 20, 29, 41, 24, 47, 29, 28, 4, 14, 40, 46, 12, 42, 9, 4, 38] 2829.9595447596766 3600053.987289
SA: [18, 35, 17, 37, 24, 40, 11, 10, 17, 7, 25, 32, 37, 33, 14, 1, 32, 49, 46, 9, 5, 20, 36, 36, 9, 19, 41, 2, 45, 18, 32, 37, 43, 8, 23, 23, 50, 27, 33, 8, 18, 50, 9, 27, 7, 32, 9, 45, 38, 21, 46, 44, 1, 26, 47, 21, 5, 28, 1, 10, 30, 46, 10, 3, 5, 20, 11, 26, 37, 33, 8, 8, 9, 33, 2, 41, 19, 23, 12, 46, 2, 23, 5, 41, 1, 43, 20, 30, 18, 41, 38, 37, 35, 19, 11, 9, 16, 6, 17, 48, 24, 33, 29, 18, 7, 25, 9, 21, 16, 20, 5, 34, 9, 20, 45, 38, 22, 47, 12, 38, 14, 35, 40, 20, 37, 3, 44, 13, 19, 9, 47, 44, 5, 28, 9, 2, 21, 30, 42, 5, 40, 15, 22, 47, 25, 15, 20, 43, 43, 35, 42, 35, 38, 30, 29, 25, 5, 10, 39, 7, 34, 33, 10, 32, 30, 47, 2, 11, 18, 21, 20, 45, 32, 28, 24, 44, 48, 34, 43, 20, 16, 42, 18, 27, 12, 49, 48, 31, 34, 46, 31, 38, 20, 29, 1, 24, 1, 9, 3, 10] 2487.827870221548 3604059.750826
CLO: [24, 42, 47, 37, 46, 42, 44, 35, 5, 40, 21, 20, 32, 14, 21, 11, 32, 50, 6, 43, 25, 36, 34, 10, 5, 6, 16, 50, 27, 41, 18, 1, 18, 35, 41, 7, 18, 11, 40, 3, 7, 38, 31, 11, 44, 14, 42, 35, 8, 27, 1, 19, 32, 25, 23, 11, 36, 43, 45, 45, 26, 5, 46, 8, 33, 45, 40, 30, 33, 42, 5, 22, 15, 45, 44, 41, 2, 44, 20, 37, 33, 37, 44, 50, 9, 27, 35, 16, 28, 4, 47, 37, 1, 16, 33, 10, 50, 41, 21, 7, 47, 41, 50, 4, 15, 31, 38, 13, 44, 11, 14, 18, 43, 4, 23, 49, 37, 39, 45, 6, 32, 22, 4, 20, 3, 40, 4, 29, 3, 23, 5, 32, 30, 13, 23, 3, 42, 13, 29, 42, 41, 26, 28, 21, 35, 40, 19, 20, 18, 39, 28, 23, 3, 13, 18, 21, 47, 19, 9, 22, 38, 33, 43, 7, 35, 9, 18, 26, 18, 5, 9, 3, 38, 47, 32, 20, 36, 30, 31, 7, 42, 26, 26, 42, 20, 9, 38, 45, 37, 1, 23, 35, 14, 47, 28, 8, 17, 13, 1, 33] 2530.9618057829425 3600025.076171
-- 
Instance 5
seed: 1464149342922
--
SHC: [45, 50, 45, 13, 47, 3, 39, 16, 24, 42, 20, 41, 38, 4, 5, 46, 46, 47, 22, 31, 4, 18, 20, 31, 3, 14, 41, 6, 29, 22, 19, 26, 34, 49, 36, 17, 6, 34, 43, 6, 7, 25, 29, 9, 14, 15, 15, 22, 28, 24, 42, 43, 23, 15, 22, 2, 2, 47, 36, 20, 47, 18, 39, 43, 23, 42, 14, 18, 49, 12, 5, 20, 24, 41, 20, 9, 12, 21, 21, 17, 33, 8, 35, 37, 12, 39, 48, 28, 11, 48, 28, 45, 15, 28, 20, 32, 28, 21, 43, 38, 5, 25, 44, 9, 16, 47, 39, 24, 29, 26, 29, 41, 8, 24, 39, 13, 48, 19, 34, 49, 44, 1, 31, 36, 47, 39, 13, 28, 38, 25, 32, 45, 46, 21, 11, 46, 49, 25, 26, 30, 39, 35, 17, 16, 9, 5, 19, 44, 8, 30, 21, 1, 48, 34, 21, 14, 9, 30, 48, 31, 13, 26, 19, 36, 16, 37, 24, 44, 8, 24, 35, 32, 50, 32, 26, 29, 22, 16, 6, 2, 30, 28, 38, 39, 32, 34, 35, 13, 22, 44, 43, 2, 35, 48, 37, 9, 24, 35, 5, 44] 2725.577330330798 3600069.089209
SA: [12, 45, 22, 4, 7, 39, 20, 37, 22, 39, 24, 13, 40, 5, 20, 38, 6, 2, 27, 25, 14, 16, 39, 41, 48, 37, 6, 11, 30, 46, 36, 35, 3, 33, 23, 37, 45, 20, 30, 48, 26, 27, 38, 8, 19, 4, 30, 39, 35, 23, 19, 13, 50, 39, 1, 13, 22, 13, 3, 49, 10, 3, 16, 38, 48, 15, 26, 44, 34, 37, 3, 32, 12, 24, 19, 27, 50, 15, 12, 42, 43, 2, 29, 5, 46, 27, 4, 27, 47, 34, 36, 19, 43, 45, 24, 33, 19, 30, 24, 7, 49, 31, 17, 40, 18, 29, 16, 25, 6, 37, 25, 48, 40, 15, 2, 16, 13, 16, 34, 35, 9, 23, 15, 44, 35, 6, 20, 38, 44, 3, 48, 11, 5, 14, 26, 38, 49, 22, 16, 26, 3, 48, 13, 45, 38, 9, 7, 4, 27, 5, 11, 2, 39, 40, 12, 32, 6, 50, 38, 34, 17, 42, 38, 4, 43, 23, 22, 41, 8, 20, 1, 35, 38, 28, 18, 40, 38, 16, 23, 49, 29, 50, 46, 26, 44, 10, 23, 24, 37, 4, 30, 29, 23, 19, 43, 1, 19, 28, 46, 45] 2584.266610902887 3602489.251022
CLO: [3, 35, 15, 9, 34, 28, 36, 44, 43, 4, 43, 16, 38, 26, 22, 3, 27, 27, 31, 8, 20, 28, 21, 48, 17, 9, 43, 28, 16, 15, 5, 14, 31, 39, 2, 15, 26, 31, 48, 17, 16, 45, 45, 49, 41, 49, 5, 48, 49, 11, 46, 21, 19, 16, 6, 45, 39, 2, 39, 49, 14, 10, 50, 45, 28, 36, 27, 15, 50, 21, 43, 7, 14, 1, 35, 33, 11, 30, 26, 35, 38, 41, 47, 32, 36, 19, 41, 18, 40, 21, 4, 11, 35, 49, 37, 36, 31, 19, 36, 31, 30, 28, 19, 19, 31, 5, 42, 34, 12, 46, 2, 22, 38, 28, 26, 19, 34, 1, 49, 39, 33, 16, 17, 21, 15, 18, 31, 15, 15, 46, 35, 19, 10, 32, 49, 8, 44, 27, 43, 32, 15, 38, 16, 17, 30, 48, 48, 32, 29, 10, 30, 13, 19, 4, 16, 33, 30, 16, 38, 48, 5, 13, 22, 30, 12, 23, 5, 31, 39, 21, 38, 38, 12, 6, 40, 39, 21, 45, 40, 10, 31, 50, 38, 4, 8, 19, 32, 5, 46, 14, 14, 37, 37, 28, 10, 27, 1, 22, 9, 18] 2496.4749663928687 3600019.9057
-- 
Instance 6
seed: 1464160235353
--
SHC: [48, 26, 15, 5, 36, 41, 15, 31, 31, 15, 27, 11, 18, 49, 45, 6, 1, 28, 41, 46, 8, 50, 8, 21, 26, 43, 19, 50, 12, 18, 13, 24, 43, 11, 15, 18, 15, 19, 14, 22, 36, 42, 12, 15, 27, 10, 31, 50, 49, 14, 48, 29, 47, 2, 4, 46, 41, 25, 7, 21, 9, 22, 29, 37, 40, 37, 2, 25, 27, 23, 4, 25, 5, 6, 27, 4, 13, 7, 28, 9, 49, 30, 31, 28, 25, 36, 11, 45, 45, 9, 21, 43, 45, 4, 12, 29, 39, 18, 43, 27, 8, 9, 11, 41, 20, 2, 39, 48, 16, 41, 42, 44, 11, 23, 16, 9, 49, 14, 19, 14, 22, 22, 49, 20, 36, 12, 24, 11, 31, 44, 20, 49, 29, 9, 2, 13, 17, 5, 49, 11, 6, 29, 5, 46, 40, 41, 1, 15, 13, 11, 44, 21, 18, 42, 28, 44, 16, 24, 49, 7, 46, 27, 12, 41, 49, 13, 47, 8, 2, 32, 8, 13, 31, 39, 2, 40, 15, 42, 37, 8, 42, 24, 12, 25, 29, 27, 25, 43, 3, 47, 3, 26, 42, 49, 15, 12, 43, 41, 26, 31] 2764.5967421227842 3600022.463942
SA: [12, 15, 49, 12, 27, 1, 6, 48, 20, 32, 42, 7, 27, 14, 39, 20, 47, 21, 39, 33, 21, 3, 42, 29, 12, 32, 35, 26, 25, 49, 43, 46, 37, 13, 14, 22, 11, 29, 17, 27, 40, 18, 32, 24, 39, 36, 2, 16, 22, 42, 24, 43, 3, 44, 3, 26, 44, 24, 20, 25, 33, 42, 3, 23, 14, 49, 39, 1, 36, 32, 38, 34, 8, 3, 10, 30, 22, 30, 13, 18, 25, 23, 19, 25, 8, 5, 41, 12, 46, 23, 45, 10, 13, 24, 39, 44, 40, 12, 1, 11, 46, 16, 18, 31, 50, 22, 32, 38, 13, 34, 19, 35, 50, 6, 44, 23, 32, 47, 21, 8, 48, 6, 19, 4, 24, 29, 35, 47, 33, 41, 29, 38, 22, 44, 24, 50, 14, 2, 27, 14, 49, 42, 33, 19, 13, 1, 29, 3, 18, 2, 1, 29, 6, 1, 13, 38, 30, 38, 42, 15, 14, 47, 19, 28, 18, 45, 27, 21, 8, 8, 10, 1, 29, 40, 6, 13, 37, 41, 8, 42, 26, 1, 28, 43, 8, 2, 21, 12, 32, 4, 2, 47, 34, 41, 35, 30, 33, 26, 45, 38] 2667.2972021344403 3603585.259205
CLO: [24, 39, 26, 17, 28, 20, 43, 31, 15, 5, 24, 20, 37, 17, 3, 21, 36, 16, 30, 10, 49, 18, 10, 11, 15, 9, 22, 27, 35, 46, 30, 4, 5, 34, 26, 50, 38, 7, 24, 46, 17, 25, 38, 9, 34, 44, 23, 47, 1, 40, 17, 6, 47, 36, 12, 26, 7, 41, 44, 11, 5, 37, 5, 32, 48, 44, 42, 38, 8, 47, 22, 20, 32, 9, 7, 41, 11, 37, 32, 39, 2, 31, 13, 43, 45, 9, 37, 49, 45, 13, 5, 5, 29, 4, 6, 49, 3, 7, 21, 20, 14, 28, 11, 41, 21, 35, 27, 7, 50, 5, 2, 28, 21, 16, 48, 23, 18, 23, 6, 25, 31, 47, 9, 40, 43, 50, 4, 44, 45, 28, 39, 42, 32, 25, 27, 1, 43, 13, 16, 46, 12, 49, 41, 17, 32, 26, 25, 12, 15, 3, 13, 45, 13, 3, 28, 17, 48, 45, 46, 47, 31, 39, 33, 36, 43, 40, 18, 39, 36, 43, 14, 32, 27, 25, 50, 15, 14, 21, 34, 48, 24, 33, 45, 5, 34, 39, 10, 40, 46, 32, 24, 29, 48, 33, 24, 42, 33, 21, 2, 35] 2528.724631675752 3600016.823664
-- 
Instance 7
seed: 1464171127428
--
SHC: [3, 2, 31, 3, 9, 29, 32, 34, 2, 29, 42, 40, 32, 42, 7, 8, 33, 2, 28, 23, 44, 37, 37, 19, 3, 9, 50, 30, 41, 47, 18, 12, 2, 28, 40, 27, 18, 8, 16, 29, 40, 23, 35, 5, 37, 35, 13, 6, 35, 37, 25, 15, 1, 14, 13, 29, 43, 28, 25, 37, 6, 22, 47, 15, 40, 46, 24, 23, 18, 39, 23, 32, 35, 49, 36, 26, 10, 40, 48, 30, 48, 12, 22, 26, 42, 11, 34, 18, 36, 9, 31, 46, 9, 36, 25, 50, 21, 46, 16, 22, 15, 13, 31, 9, 10, 7, 14, 2, 20, 40, 1, 41, 32, 21, 3, 32, 24, 9, 27, 48, 38, 36, 28, 7, 25, 30, 3, 21, 48, 50, 32, 48, 21, 6, 10, 9, 4, 6, 21, 21, 39, 31, 38, 19, 40, 28, 48, 13, 19, 43, 11, 42, 20, 33, 24, 39, 12, 12, 6, 45, 13, 8, 13, 32, 30, 23, 30, 39, 20, 5, 31, 16, 8, 32, 31, 32, 16, 5, 1, 14, 19, 14, 44, 42, 42, 41, 31, 18, 25, 21, 1, 49, 4, 31, 27, 28, 2, 44, 22, 7] 2627.924718317323 3600020.365475
SA: [11, 43, 20, 11, 12, 15, 20, 43, 50, 36, 48, 38, 23, 27, 2, 31, 27, 16, 28, 33, 8, 34, 43, 12, 32, 26, 34, 6, 41, 41, 11, 15, 34, 46, 47, 2, 5, 47, 9, 19, 13, 32, 34, 16, 1, 34, 47, 14, 49, 19, 45, 31, 16, 31, 37, 31, 11, 30, 39, 49, 25, 23, 15, 19, 38, 48, 45, 36, 46, 29, 3, 26, 37, 17, 23, 35, 39, 17, 34, 42, 42, 5, 12, 33, 29, 50, 14, 40, 16, 37, 38, 11, 5, 25, 5, 22, 13, 32, 10, 1, 49, 29, 10, 40, 6, 32, 20, 45, 7, 41, 34, 31, 43, 48, 33, 37, 7, 49, 37, 14, 46, 20, 45, 18, 34, 17, 50, 7, 32, 16, 46, 23, 16, 6, 15, 24, 34, 48, 7, 13, 33, 17, 10, 6, 45, 33, 6, 14, 48, 36, 1, 22, 30, 48, 5, 21, 4, 28, 6, 20, 28, 46, 9, 36, 2, 7, 16, 5, 42, 23, 37, 23, 45, 9, 13, 33, 21, 50, 17, 31, 42, 3, 35, 10, 6, 41, 7, 11, 14, 45, 39, 11, 42, 41, 47, 33, 17, 21, 42, 23] 2730.780354915505 3603651.327285
CLO: [25, 25, 21, 38, 14, 8, 35, 11, 34, 35, 47, 9, 29, 1, 3, 3, 17, 44, 14, 44, 16, 9, 31, 49, 49, 27, 45, 26, 47, 43, 49, 6, 19, 30, 33, 43, 13, 10, 22, 17, 50, 43, 4, 7, 14, 19, 20, 18, 25, 50, 21, 1, 33, 45, 29, 15, 18, 18, 1, 25, 46, 38, 24, 31, 24, 37, 7, 46, 2, 39, 37, 27, 48, 35, 5, 11, 22, 26, 42, 11, 44, 46, 40, 19, 29, 12, 50, 46, 21, 8, 49, 9, 12, 23, 46, 2, 8, 3, 3, 6, 42, 20, 6, 47, 40, 24, 28, 11, 30, 26, 45, 37, 24, 38, 13, 36, 39, 45, 12, 47, 40, 10, 21, 44, 37, 42, 40, 31, 36, 47, 37, 1, 30, 30, 15, 36, 8, 50, 9, 16, 7, 40, 1, 27, 8, 30, 32, 14, 45, 39, 5, 32, 46, 28, 48, 16, 44, 33, 45, 5, 50, 22, 28, 5, 35, 11, 9, 24, 27, 48, 21, 30, 37, 6, 6, 37, 6, 49, 23, 1, 4, 48, 9, 25, 38, 45, 22, 27, 16, 8, 48, 24, 40, 27, 35, 6, 42, 44, 28, 16] 2555.5766049576 3600060.069342
-- 
Instance 8
seed: 1464181961984
--
SHC: [50, 30, 36, 28, 28, 9, 3, 33, 30, 7, 19, 37, 40, 42, 49, 15, 45, 45, 45, 24, 38, 9, 50, 21, 5, 18, 34, 4, 16, 24, 41, 35, 18, 41, 22, 26, 14, 37, 23, 48, 24, 16, 37, 6, 18, 9, 20, 18, 34, 27, 30, 21, 46, 20, 28, 14, 29, 33, 2, 8, 36, 2, 18, 49, 26, 34, 3, 48, 5, 44, 48, 31, 47, 48, 42, 6, 43, 15, 40, 2, 34, 13, 28, 47, 22, 12, 16, 32, 42, 40, 48, 42, 31, 19, 11, 32, 26, 2, 6, 19, 26, 8, 44, 35, 24, 20, 28, 43, 28, 47, 9, 38, 32, 40, 28, 9, 48, 14, 28, 13, 4, 43, 1, 15, 24, 50, 23, 44, 20, 31, 1, 38, 34, 33, 15, 30, 25, 3, 38, 28, 26, 11, 6, 14, 32, 45, 48, 28, 36, 28, 16, 43, 4, 18, 42, 31, 29, 48, 50, 22, 2, 14, 30, 35, 50, 5, 26, 3, 1, 42, 50, 32, 24, 7, 9, 31, 21, 26, 20, 3, 25, 5, 39, 35, 15, 45, 11, 1, 29, 44, 22, 28, 34, 39, 48, 23, 23, 11, 3, 34] 2599.4203053511656 3600067.097399
SA: [14, 26, 26, 23, 8, 43, 29, 50, 27, 6, 43, 40, 28, 17, 44, 20, 7, 37, 22, 22, 31, 26, 9, 9, 22, 26, 3, 50, 45, 7, 29, 8, 15, 10, 24, 27, 29, 29, 44, 23, 10, 29, 26, 40, 43, 16, 20, 13, 3, 24, 4, 20, 2, 44, 10, 48, 8, 30, 39, 15, 9, 38, 45, 20, 18, 29, 35, 35, 22, 17, 31, 13, 3, 43, 46, 10, 23, 32, 15, 8, 22, 16, 33, 36, 36, 48, 12, 47, 26, 36, 48, 37, 1, 2, 2, 47, 8, 19, 5, 35, 38, 12, 30, 25, 41, 45, 30, 46, 42, 27, 47, 28, 30, 14, 49, 13, 30, 17, 34, 40, 7, 45, 38, 31, 8, 8, 21, 8, 24, 6, 41, 2, 14, 13, 22, 17, 29, 45, 12, 43, 38, 37, 3, 26, 21, 47, 20, 16, 20, 20, 32, 25, 3, 45, 50, 16, 48, 12, 6, 4, 45, 16, 36, 16, 20, 45, 42, 50, 6, 2, 18, 7, 18, 9, 28, 18, 21, 44, 43, 13, 40, 41, 9, 36, 34, 29, 40, 29, 27, 21, 16, 46, 47, 50, 32, 40, 18, 40, 41, 28] 2624.082370933309 3605581.351832
CLO: [40, 34, 42, 47, 2, 15, 3, 29, 40, 32, 29, 9, 19, 14, 21, 31, 43, 25, 41, 47, 8, 7, 23, 7, 21, 33, 32, 24, 20, 38, 42, 46, 17, 30, 17, 34, 13, 29, 46, 21, 4, 14, 26, 41, 25, 8, 24, 25, 22, 14, 17, 37, 18, 31, 44, 11, 31, 11, 8, 26, 18, 11, 47, 11, 46, 20, 16, 28, 44, 32, 5, 11, 8, 30, 4, 9, 30, 21, 38, 5, 16, 49, 34, 1, 47, 7, 43, 9, 19, 21, 44, 41, 16, 25, 19, 42, 35, 38, 7, 43, 26, 20, 23, 6, 39, 19, 34, 14, 44, 9, 36, 13, 26, 11, 13, 13, 20, 8, 8, 42, 17, 44, 13, 29, 32, 37, 31, 20, 2, 7, 21, 11, 32, 48, 33, 35, 31, 15, 39, 39, 29, 15, 12, 23, 32, 21, 22, 38, 25, 20, 30, 4, 49, 42, 31, 38, 19, 3, 18, 44, 24, 42, 30, 25, 22, 27, 22, 18, 33, 10, 25, 3, 35, 42, 37, 3, 35, 5, 34, 39, 1, 21, 50, 9, 8, 43, 12, 8, 11, 41, 38, 5, 23, 42, 5, 29, 44, 20, 11, 6] 2524.382882425742 3600051.894289
-- 
Instance 9
seed: 1464192786100
--
SHC: [1, 18, 17, 17, 15, 33, 10, 12, 7, 43, 36, 23, 14, 1, 8, 16, 35, 50, 25, 46, 39, 49, 35, 16, 10, 17, 49, 34, 4, 39, 49, 46, 44, 44, 31, 14, 32, 17, 41, 18, 8, 1, 31, 37, 45, 50, 36, 12, 44, 28, 38, 9, 22, 50, 14, 31, 15, 3, 33, 27, 42, 18, 6, 50, 6, 32, 11, 49, 25, 42, 25, 49, 46, 42, 8, 41, 46, 17, 6, 9, 39, 50, 12, 8, 1, 43, 34, 13, 43, 23, 19, 3, 37, 3, 47, 47, 18, 28, 27, 14, 8, 4, 39, 29, 13, 19, 50, 35, 2, 10, 2, 16, 22, 2, 7, 15, 31, 24, 34, 22, 38, 39, 39, 45, 50, 39, 36, 24, 9, 24, 13, 45, 27, 24, 25, 50, 10, 43, 49, 5, 8, 32, 23, 23, 31, 13, 26, 43, 6, 41, 17, 38, 23, 30, 44, 21, 37, 16, 24, 13, 21, 10, 50, 21, 14, 15, 1, 14, 48, 32, 46, 27, 6, 15, 19, 23, 23, 50, 6, 17, 20, 43, 20, 33, 47, 15, 12, 16, 27, 17, 17, 48, 33, 6, 5, 40, 21, 35, 40, 25] 2725.9931416095405 3600014.091245
SA: [33, 39, 28, 21, 48, 40, 30, 50, 10, 21, 17, 3, 8, 31, 20, 36, 1, 12, 36, 32, 33, 33, 36, 11, 31, 36, 12, 27, 1, 26, 16, 10, 1, 30, 27, 13, 8, 7, 14, 24, 38, 40, 22, 43, 28, 28, 39, 47, 42, 16, 4, 47, 12, 35, 42, 32, 26, 3, 18, 21, 18, 27, 5, 19, 41, 11, 34, 1, 39, 46, 22, 36, 39, 1, 18, 48, 23, 43, 29, 47, 31, 32, 9, 18, 35, 39, 1, 5, 6, 40, 29, 11, 13, 39, 2, 40, 20, 44, 35, 33, 50, 18, 3, 28, 21, 3, 14, 43, 27, 23, 8, 31, 8, 33, 42, 24, 4, 15, 20, 42, 6, 27, 1, 1, 10, 11, 1, 16, 2, 37, 45, 32, 4, 2, 36, 23, 37, 12, 45, 5, 40, 9, 42, 5, 7, 16, 31, 36, 22, 18, 38, 45, 9, 40, 34, 26, 50, 39, 28, 41, 28, 31, 23, 8, 19, 44, 48, 20, 18, 16, 19, 37, 20, 38, 2, 37, 42, 42, 49, 41, 40, 30, 41, 34, 32, 4, 29, 3, 17, 35, 47, 14, 1, 41, 15, 13, 6, 18, 39, 13] 2660.323952165844 3605042.870962
CLO: [11, 40, 34, 39, 46, 31, 34, 44, 2, 8, 4, 50, 17, 2, 47, 36, 31, 14, 44, 31, 19, 37, 5, 28, 17, 23, 49, 5, 11, 44, 3, 7, 3, 30, 48, 30, 5, 23, 21, 3, 5, 17, 25, 12, 21, 9, 13, 42, 14, 12, 2, 44, 50, 37, 10, 45, 40, 3, 33, 42, 39, 18, 36, 19, 38, 9, 32, 31, 45, 8, 41, 1, 49, 31, 25, 30, 15, 17, 26, 44, 13, 24, 22, 43, 27, 29, 41, 39, 2, 44, 43, 43, 50, 1, 5, 32, 24, 10, 42, 5, 29, 44, 49, 28, 21, 31, 6, 49, 30, 26, 5, 50, 23, 1, 24, 45, 1, 15, 34, 7, 7, 8, 42, 16, 41, 29, 8, 39, 37, 37, 40, 11, 14, 23, 24, 9, 10, 10, 28, 22, 11, 14, 32, 7, 3, 25, 44, 18, 47, 28, 33, 13, 28, 40, 32, 44, 11, 50, 27, 49, 32, 42, 17, 49, 18, 15, 43, 43, 38, 8, 35, 31, 20, 27, 16, 35, 15, 49, 13, 40, 23, 9, 49, 16, 1, 48, 26, 39, 17, 31, 39, 50, 25, 20, 6, 24, 22, 5, 21, 27] 2644.800046103511 3600005.441143
-- Summary -- 
*SHC*
Found PNE: 0/10
Approx Average: 2723.205561409692
*SA*
Found PNE: 0/10
Approx Average: 2648.031081660869
*CLO*
Found PNE: 0/10
Approx Average: 2567.038117895773
