Number of instances: 10
Game: Normal Form Game
Players: 100
Actions: 10
Metaheuristics time: 3600
-- 
Instance 0
seed: 1464094856416
--
SHC: [4, 10, 6, 1, 6, 3, 8, 5, 9, 4, 10, 3, 9, 3, 7, 10, 3, 6, 1, 10, 8, 6, 2, 5, 4, 1, 5, 3, 6, 7, 10, 4, 2, 3, 9, 7, 2, 9, 8, 2, 6, 6, 4, 3, 1, 7, 9, 10, 5, 9, 4, 4, 9, 4, 9, 9, 5, 8, 6, 10, 3, 9, 1, 4, 3, 6, 5, 7, 7, 8, 2, 1, 6, 4, 4, 7, 7, 6, 2, 3, 5, 2, 8, 4, 4, 5, 2, 1, 9, 5, 3, 9, 5, 6, 3, 2, 9, 3, 3, 1] 1157.4256538967957 3600004.483106
SA: [6, 4, 6, 6, 2, 3, 2, 6, 2, 7, 7, 6, 1, 2, 4, 6, 10, 6, 2, 9, 10, 9, 5, 6, 7, 2, 1, 6, 7, 1, 5, 9, 6, 6, 7, 9, 6, 5, 1, 8, 2, 1, 4, 7, 7, 4, 4, 3, 8, 10, 1, 5, 7, 3, 8, 10, 1, 6, 8, 10, 3, 8, 9, 3, 7, 8, 10, 1, 1, 9, 2, 6, 7, 4, 8, 7, 1, 6, 8, 3, 1, 1, 7, 5, 9, 1, 7, 3, 6, 4, 4, 9, 1, 3, 6, 2, 3, 5, 9, 8] 998.1513155823742 3600172.398748
CLO: [7, 4, 4, 10, 9, 1, 3, 7, 7, 5, 5, 10, 9, 6, 3, 9, 6, 6, 7, 1, 4, 1, 9, 8, 9, 4, 3, 8, 6, 6, 1, 7, 4, 8, 7, 10, 5, 3, 6, 6, 3, 8, 9, 9, 8, 9, 6, 4, 9, 8, 6, 8, 10, 9, 7, 3, 2, 4, 2, 10, 4, 3, 1, 5, 3, 7, 5, 6, 4, 7, 4, 9, 10, 9, 4, 2, 5, 1, 10, 8, 9, 10, 9, 1, 10, 8, 10, 7, 3, 2, 3, 3, 10, 4, 4, 9, 7, 5, 4, 1] 850.5917237311319 3600002.353673
-- 
Instance 1
seed: 1464105698818
--
SHC: [6, 7, 3, 3, 7, 2, 6, 10, 10, 8, 2, 10, 8, 7, 2, 4, 6, 3, 2, 1, 10, 4, 1, 3, 8, 5, 2, 7, 3, 7, 9, 4, 4, 1, 6, 1, 2, 7, 2, 4, 1, 8, 6, 6, 2, 7, 5, 1, 7, 8, 7, 10, 4, 4, 7, 3, 5, 7, 7, 4, 2, 3, 6, 2, 4, 7, 10, 10, 9, 1, 7, 9, 5, 6, 7, 8, 9, 5, 7, 6, 5, 3, 5, 6, 1, 5, 1, 8, 10, 8, 7, 9, 2, 1, 9, 2, 6, 3, 6, 5] 1155.0583082244361 3600000.404532
SA: [6, 9, 4, 9, 6, 7, 4, 8, 1, 8, 9, 4, 4, 10, 1, 3, 5, 3, 2, 1, 2, 4, 6, 5, 7, 7, 8, 9, 7, 8, 8, 10, 3, 7, 7, 3, 5, 7, 4, 4, 3, 10, 5, 6, 10, 7, 6, 4, 3, 9, 6, 4, 8, 5, 4, 9, 9, 2, 8, 7, 1, 8, 7, 3, 3, 6, 5, 5, 8, 8, 1, 1, 4, 7, 8, 3, 3, 5, 9, 6, 10, 4, 5, 2, 6, 9, 4, 1, 2, 3, 2, 7, 2, 2, 2, 4, 4, 7, 1, 2] 1065.5922170550625 3600137.744925
CLO: [3, 7, 7, 1, 3, 8, 3, 4, 3, 4, 10, 9, 10, 7, 6, 9, 10, 8, 3, 10, 5, 2, 5, 10, 6, 7, 8, 5, 9, 3, 1, 5, 8, 3, 1, 2, 8, 3, 7, 7, 4, 9, 9, 9, 6, 7, 1, 10, 2, 7, 8, 9, 10, 9, 1, 2, 4, 9, 8, 4, 10, 8, 6, 6, 6, 3, 1, 1, 4, 2, 8, 5, 8, 6, 6, 5, 4, 8, 10, 1, 6, 7, 4, 5, 10, 2, 2, 5, 1, 6, 3, 5, 5, 10, 6, 3, 10, 4, 1, 7] 834.0335611221486 3600002.445371
-- 
Instance 2
seed: 1464116551206
--
SHC: [6, 3, 10, 1, 2, 5, 6, 5, 4, 7, 10, 1, 4, 2, 1, 4, 7, 7, 4, 4, 7, 10, 1, 10, 6, 7, 8, 2, 1, 4, 1, 3, 4, 10, 5, 8, 7, 2, 2, 1, 8, 7, 5, 1, 7, 3, 5, 7, 5, 10, 10, 10, 10, 1, 8, 4, 2, 2, 1, 7, 8, 9, 2, 6, 2, 2, 3, 2, 5, 4, 10, 1, 5, 6, 2, 8, 2, 9, 3, 4, 2, 8, 5, 10, 1, 4, 3, 8, 9, 7, 8, 8, 7, 8, 6, 2, 5, 9, 1, 5] 1115.81221711251 3600000.119598
SA: [9, 1, 5, 5, 2, 8, 6, 4, 10, 10, 9, 9, 6, 9, 7, 4, 8, 7, 5, 4, 7, 9, 5, 3, 10, 3, 4, 5, 7, 10, 4, 3, 8, 9, 8, 10, 7, 7, 2, 3, 7, 3, 3, 9, 2, 6, 10, 9, 9, 10, 2, 3, 3, 7, 5, 8, 10, 5, 6, 1, 8, 10, 2, 10, 2, 4, 8, 9, 5, 3, 5, 8, 1, 1, 9, 8, 2, 9, 3, 1, 4, 3, 8, 9, 5, 8, 7, 6, 3, 7, 6, 4, 3, 4, 6, 1, 7, 9, 4, 1] 989.7665085812911 3600127.408813
CLO: [10, 7, 10, 4, 7, 7, 7, 1, 4, 9, 8, 2, 3, 9, 4, 6, 1, 4, 8, 2, 8, 9, 2, 4, 2, 8, 8, 5, 8, 4, 8, 3, 5, 10, 7, 5, 1, 2, 7, 10, 8, 6, 4, 3, 6, 8, 4, 7, 9, 8, 7, 2, 5, 3, 9, 8, 2, 10, 5, 8, 7, 9, 1, 6, 5, 9, 8, 3, 8, 6, 9, 10, 2, 3, 10, 10, 6, 4, 10, 8, 1, 4, 1, 2, 7, 3, 1, 8, 6, 9, 3, 3, 3, 3, 5, 2, 6, 10, 9, 6] 888.7251651367461 3600001.964993
-- 
Instance 3
seed: 1464127410825
--
SHC: [10, 10, 5, 9, 4, 2, 10, 1, 1, 8, 1, 9, 1, 10, 10, 8, 4, 8, 6, 5, 10, 8, 2, 10, 2, 1, 4, 8, 8, 7, 10, 5, 9, 7, 10, 2, 5, 5, 8, 1, 9, 6, 10, 1, 3, 8, 8, 1, 1, 10, 5, 3, 6, 7, 3, 2, 6, 4, 5, 4, 8, 5, 1, 6, 6, 6, 4, 9, 7, 3, 9, 8, 7, 3, 9, 6, 4, 9, 10, 5, 1, 10, 9, 2, 5, 1, 4, 8, 6, 2, 3, 3, 3, 1, 5, 9, 2, 6, 6, 8] 1171.1053056482797 3600000.751095
SA: [5, 5, 5, 9, 10, 4, 2, 2, 5, 3, 9, 7, 5, 3, 9, 5, 3, 3, 2, 2, 8, 5, 4, 7, 5, 7, 10, 3, 2, 7, 1, 10, 3, 8, 1, 5, 3, 2, 6, 6, 9, 10, 9, 10, 5, 10, 1, 5, 3, 8, 5, 9, 4, 3, 2, 2, 7, 10, 1, 9, 4, 2, 8, 2, 7, 5, 5, 7, 5, 2, 1, 8, 7, 8, 4, 8, 10, 2, 8, 2, 1, 10, 10, 5, 2, 8, 3, 5, 3, 5, 5, 1, 3, 4, 1, 9, 3, 8, 8, 10] 1056.7854762801387 3600353.928938
CLO: [8, 10, 3, 1, 2, 9, 8, 10, 9, 6, 9, 6, 6, 9, 2, 6, 4, 7, 7, 8, 9, 1, 8, 9, 5, 1, 1, 9, 6, 10, 5, 3, 7, 10, 8, 10, 5, 5, 2, 5, 6, 3, 9, 9, 8, 2, 6, 7, 5, 5, 2, 2, 7, 4, 4, 5, 8, 5, 7, 5, 7, 5, 9, 10, 6, 4, 8, 5, 10, 9, 9, 3, 5, 9, 10, 3, 10, 2, 2, 10, 10, 6, 2, 3, 9, 8, 5, 9, 5, 2, 2, 5, 10, 6, 5, 4, 1, 8, 4, 3] 895.3411897671897 3600000.296306
-- 
Instance 4
seed: 1464138262015
--
SHC: [4, 7, 4, 5, 9, 6, 3, 7, 7, 2, 9, 7, 8, 9, 2, 7, 6, 2, 3, 6, 8, 2, 2, 9, 6, 5, 3, 2, 2, 4, 2, 2, 8, 7, 1, 1, 6, 10, 7, 10, 4, 9, 2, 3, 1, 5, 7, 7, 5, 2, 9, 3, 9, 10, 6, 8, 9, 10, 7, 5, 6, 10, 8, 7, 9, 4, 10, 9, 4, 5, 8, 7, 10, 2, 9, 8, 7, 4, 9, 10, 3, 1, 8, 8, 4, 7, 2, 6, 6, 7, 6, 1, 10, 3, 3, 10, 8, 8, 9, 2] 1182.8710206237222 3600001.296697
SA: [4, 8, 4, 6, 6, 7, 9, 5, 6, 4, 1, 6, 1, 4, 3, 5, 2, 6, 1, 2, 7, 5, 4, 2, 4, 10, 8, 8, 1, 7, 4, 1, 10, 5, 7, 3, 2, 3, 2, 10, 7, 9, 9, 2, 6, 7, 2, 5, 5, 5, 10, 10, 6, 7, 8, 6, 8, 5, 3, 8, 7, 4, 3, 5, 7, 1, 10, 1, 3, 7, 4, 5, 7, 6, 4, 3, 8, 8, 1, 1, 9, 8, 1, 7, 1, 1, 9, 10, 10, 10, 5, 2, 9, 8, 3, 8, 6, 3, 4, 4] 987.538250153546 3600322.9521
CLO: [10, 2, 4, 3, 4, 2, 10, 2, 6, 5, 9, 1, 5, 9, 3, 7, 8, 8, 1, 8, 10, 6, 6, 5, 10, 3, 10, 9, 4, 7, 9, 9, 10, 1, 10, 4, 10, 10, 9, 2, 1, 8, 6, 8, 8, 1, 1, 1, 3, 9, 5, 4, 4, 7, 1, 6, 4, 8, 8, 7, 8, 9, 5, 7, 1, 1, 1, 1, 7, 6, 7, 3, 5, 3, 10, 2, 2, 7, 8, 7, 3, 5, 4, 2, 9, 9, 7, 5, 1, 1, 3, 4, 8, 2, 5, 8, 3, 1, 1, 10] 864.8868275651863 3600003.449251
-- 
Instance 5
seed: 1464149118881
--
SHC: [10, 4, 4, 5, 6, 2, 3, 1, 6, 10, 6, 4, 9, 6, 9, 2, 9, 3, 1, 5, 2, 9, 10, 3, 1, 1, 10, 5, 8, 2, 3, 4, 8, 5, 3, 5, 8, 6, 3, 1, 4, 3, 9, 9, 10, 10, 1, 8, 10, 10, 4, 4, 7, 1, 9, 5, 3, 4, 7, 1, 7, 1, 2, 1, 3, 8, 5, 1, 1, 9, 6, 1, 6, 2, 9, 8, 1, 1, 2, 10, 10, 3, 10, 9, 9, 7, 8, 7, 5, 9, 3, 7, 4, 8, 7, 7, 10, 2, 7, 2] 1181.0859840001845 3600003.558835
SA: [6, 4, 5, 5, 3, 8, 6, 6, 1, 5, 9, 4, 2, 2, 4, 2, 9, 3, 4, 5, 5, 5, 3, 8, 1, 1, 8, 5, 7, 7, 7, 6, 10, 7, 1, 9, 8, 1, 9, 4, 9, 4, 6, 4, 10, 5, 6, 3, 4, 1, 5, 6, 4, 7, 5, 1, 2, 1, 10, 6, 2, 4, 6, 3, 4, 9, 3, 6, 10, 7, 8, 3, 1, 9, 4, 2, 6, 5, 1, 4, 5, 4, 9, 3, 4, 1, 10, 1, 2, 1, 10, 8, 7, 1, 1, 4, 1, 10, 5, 8] 1018.7608151778271 3600039.756772
CLO: [6, 5, 9, 10, 5, 5, 5, 5, 4, 7, 2, 4, 5, 5, 5, 2, 3, 3, 8, 1, 4, 4, 2, 8, 6, 3, 9, 8, 3, 7, 7, 3, 3, 7, 6, 10, 5, 1, 6, 6, 7, 2, 8, 3, 10, 2, 2, 1, 3, 9, 4, 2, 8, 2, 1, 8, 4, 10, 8, 5, 2, 7, 8, 3, 9, 8, 3, 6, 2, 5, 1, 10, 9, 9, 4, 6, 1, 1, 2, 1, 6, 10, 5, 6, 6, 9, 8, 10, 5, 2, 1, 1, 4, 9, 8, 2, 4, 5, 8, 6] 877.2490078820762 3600003.499407
-- 
Instance 6
seed: 1464159981588
--
SHC: [2, 3, 3, 9, 10, 7, 2, 1, 10, 5, 10, 9, 9, 4, 1, 6, 10, 8, 10, 3, 9, 10, 3, 7, 8, 9, 3, 6, 1, 6, 4, 5, 2, 6, 3, 7, 5, 6, 5, 3, 9, 3, 7, 3, 4, 9, 4, 6, 3, 7, 3, 6, 10, 10, 7, 9, 10, 6, 6, 5, 4, 7, 1, 7, 1, 6, 3, 5, 10, 2, 7, 4, 10, 6, 6, 4, 6, 10, 8, 1, 5, 7, 3, 4, 4, 9, 10, 7, 5, 9, 1, 2, 7, 6, 3, 10, 8, 8, 8, 5] 1135.0826306352599 3600001.89215
SA: [7, 7, 5, 9, 9, 4, 10, 4, 6, 9, 4, 7, 8, 9, 1, 6, 4, 3, 10, 10, 10, 6, 3, 1, 10, 9, 1, 4, 5, 10, 7, 3, 7, 10, 6, 4, 7, 9, 7, 10, 2, 5, 6, 6, 5, 2, 5, 4, 1, 2, 3, 7, 4, 8, 6, 4, 9, 4, 6, 5, 5, 8, 1, 3, 8, 8, 4, 4, 7, 7, 9, 4, 2, 9, 4, 10, 5, 4, 4, 2, 4, 7, 4, 2, 6, 4, 1, 5, 3, 10, 9, 9, 5, 9, 9, 1, 1, 10, 4, 7] 1056.5310127462635 3600169.118202
CLO: [3, 6, 8, 1, 3, 1, 10, 4, 7, 10, 3, 7, 2, 5, 7, 1, 2, 7, 6, 5, 10, 6, 4, 5, 7, 2, 1, 2, 2, 1, 5, 6, 4, 9, 2, 8, 4, 7, 1, 8, 6, 9, 1, 6, 3, 6, 6, 9, 9, 10, 6, 3, 8, 5, 2, 6, 10, 9, 9, 1, 6, 6, 7, 7, 9, 1, 4, 8, 5, 2, 6, 8, 7, 10, 2, 10, 2, 2, 10, 4, 5, 1, 7, 4, 7, 3, 10, 4, 2, 8, 2, 2, 10, 9, 1, 6, 7, 7, 4, 6] 845.5320880484442 3600001.258822
-- 
Instance 7
seed: 1464170883292
--
SHC: [10, 4, 7, 10, 5, 9, 7, 9, 8, 10, 5, 9, 6, 8, 10, 5, 3, 2, 2, 5, 4, 2, 10, 7, 2, 8, 9, 10, 5, 4, 4, 10, 5, 3, 1, 6, 8, 10, 8, 3, 3, 9, 9, 8, 7, 2, 3, 3, 6, 1, 2, 10, 8, 4, 9, 6, 9, 7, 2, 8, 1, 9, 3, 8, 8, 8, 6, 7, 10, 4, 8, 1, 4, 5, 7, 7, 6, 2, 6, 10, 2, 2, 10, 9, 8, 2, 9, 1, 6, 7, 3, 10, 2, 3, 3, 7, 6, 4, 8, 4] 1205.0117405183903 3600001.079961
SA: [9, 5, 3, 8, 10, 3, 7, 8, 5, 3, 6, 9, 2, 5, 10, 7, 2, 2, 4, 6, 6, 10, 1, 6, 1, 1, 10, 10, 10, 9, 9, 3, 10, 7, 3, 4, 10, 1, 6, 7, 8, 9, 1, 2, 3, 9, 5, 8, 2, 2, 3, 2, 8, 1, 10, 3, 8, 4, 8, 2, 9, 5, 2, 6, 2, 7, 8, 8, 6, 7, 4, 9, 3, 2, 5, 1, 1, 9, 7, 4, 3, 1, 9, 3, 6, 5, 4, 5, 4, 8, 9, 6, 2, 6, 1, 9, 9, 9, 5, 2] 983.4353731233459 3600051.018842
CLO: [10, 10, 4, 1, 10, 1, 6, 2, 8, 8, 1, 10, 10, 3, 7, 10, 2, 10, 4, 6, 9, 5, 5, 3, 7, 5, 10, 6, 3, 4, 9, 4, 1, 5, 5, 2, 3, 8, 10, 4, 7, 10, 7, 10, 9, 4, 3, 5, 6, 7, 4, 10, 1, 5, 3, 3, 5, 6, 8, 2, 9, 6, 2, 1, 2, 2, 9, 8, 3, 1, 6, 10, 7, 4, 3, 1, 6, 7, 10, 8, 8, 9, 2, 1, 8, 5, 5, 4, 1, 8, 8, 10, 7, 6, 7, 4, 9, 8, 7, 1] 839.246017941497 3600000.743173
-- 
Instance 8
seed: 1464181764973
--
SHC: [1, 9, 4, 3, 6, 6, 6, 3, 3, 10, 4, 6, 7, 6, 4, 9, 5, 4, 7, 5, 8, 8, 2, 2, 7, 9, 10, 3, 10, 9, 7, 6, 1, 2, 5, 10, 10, 8, 5, 10, 1, 9, 2, 10, 6, 8, 10, 6, 1, 1, 6, 7, 2, 7, 3, 9, 8, 8, 9, 7, 6, 5, 9, 5, 1, 8, 2, 1, 7, 5, 6, 8, 1, 4, 4, 2, 5, 4, 8, 4, 6, 9, 10, 3, 2, 1, 10, 10, 4, 6, 8, 4, 10, 3, 7, 9, 10, 6, 8, 8] 1137.8546799745002 3600000.075982
SA: [6, 1, 3, 1, 5, 7, 3, 7, 10, 10, 3, 9, 4, 8, 5, 4, 9, 5, 6, 8, 5, 1, 10, 4, 3, 1, 1, 4, 4, 9, 7, 7, 6, 7, 8, 7, 7, 7, 3, 7, 9, 5, 1, 10, 4, 8, 8, 5, 10, 2, 9, 10, 10, 5, 8, 7, 4, 8, 7, 10, 5, 3, 3, 9, 8, 3, 7, 6, 4, 7, 6, 6, 7, 5, 5, 2, 10, 7, 10, 10, 6, 8, 5, 5, 8, 9, 6, 8, 9, 3, 10, 10, 3, 5, 9, 6, 5, 3, 9, 6] 993.1265092429923 3600153.513094
CLO: [2, 9, 6, 3, 1, 7, 3, 6, 4, 6, 2, 8, 4, 9, 2, 7, 1, 8, 7, 1, 7, 6, 4, 10, 8, 5, 6, 6, 6, 8, 1, 8, 9, 7, 8, 3, 10, 7, 3, 1, 3, 5, 7, 10, 4, 10, 4, 9, 1, 7, 1, 6, 8, 1, 5, 7, 8, 1, 10, 3, 6, 7, 1, 5, 5, 5, 9, 7, 2, 9, 9, 4, 5, 3, 2, 5, 1, 7, 1, 9, 2, 2, 5, 9, 4, 4, 4, 5, 4, 6, 9, 10, 7, 8, 7, 2, 8, 8, 10, 3] 844.2102608796652 3600001.590785
-- 
Instance 9
seed: 1464192648978
--
SHC: [3, 4, 4, 5, 9, 10, 2, 10, 3, 9, 1, 5, 6, 1, 6, 3, 6, 10, 2, 6, 8, 10, 7, 7, 5, 1, 1, 7, 4, 4, 10, 6, 1, 4, 7, 3, 1, 10, 4, 10, 3, 3, 5, 1, 2, 3, 8, 7, 4, 3, 10, 2, 9, 10, 5, 2, 2, 6, 8, 9, 1, 10, 10, 2, 7, 1, 3, 8, 1, 9, 6, 10, 8, 10, 4, 7, 4, 10, 3, 1, 4, 2, 7, 7, 4, 3, 6, 2, 8, 7, 5, 4, 8, 5, 7, 7, 2, 3, 10, 7] 1134.9031295710251 3600002.273948
SA: [4, 4, 3, 4, 7, 4, 10, 5, 1, 10, 10, 7, 10, 7, 6, 1, 8, 2, 6, 9, 9, 2, 6, 9, 9, 9, 3, 7, 5, 8, 10, 8, 6, 5, 4, 6, 2, 4, 8, 5, 2, 9, 7, 7, 4, 10, 7, 6, 10, 6, 4, 6, 7, 6, 10, 3, 10, 9, 2, 1, 8, 9, 3, 10, 2, 3, 8, 1, 7, 3, 5, 5, 4, 2, 7, 7, 4, 8, 8, 4, 1, 8, 5, 5, 7, 8, 9, 1, 1, 2, 3, 3, 8, 1, 9, 10, 3, 9, 6, 5] 993.823777407438 3600047.204386
CLO: [10, 2, 9, 7, 10, 10, 5, 4, 4, 4, 2, 4, 4, 2, 10, 3, 7, 8, 10, 9, 5, 8, 1, 5, 7, 7, 9, 7, 5, 8, 9, 3, 6, 9, 2, 4, 6, 10, 7, 6, 2, 4, 7, 4, 1, 3, 2, 3, 3, 6, 8, 10, 6, 8, 4, 3, 1, 5, 6, 8, 6, 6, 8, 3, 4, 6, 10, 4, 3, 10, 8, 7, 9, 9, 6, 10, 6, 10, 9, 5, 6, 7, 4, 1, 7, 9, 4, 6, 6, 4, 10, 9, 9, 3, 1, 4, 9, 4, 5, 9] 899.7253152483977 3600001.150574
-- Summary -- 
*SHC*
Found PNE: 0/10
Approx Average: 1157.6210670205105
*SA*
Found PNE: 0/10
Approx Average: 1014.351125535028
*CLO*
Found PNE: 0/10
Approx Average: 863.9541157322483
