Number of instances: 10
Game: Normal Form Game
Players: 200
Actions: 50
Metaheuristics time: 600
-- 
Instance 0
seed: 1463994767076
--
SHC: [19, 41, 14, 32, 13, 27, 31, 43, 41, 44, 8, 36, 31, 47, 23, 36, 43, 23, 38, 33, 32, 39, 49, 31, 27, 1, 1, 44, 47, 17, 7, 9, 35, 16, 28, 10, 46, 50, 40, 12, 14, 28, 48, 27, 8, 47, 19, 2, 10, 14, 3, 1, 2, 3, 4, 6, 12, 14, 46, 48, 26, 38, 47, 16, 31, 14, 12, 40, 36, 40, 16, 14, 18, 14, 45, 18, 20, 1, 27, 8, 11, 15, 31, 13, 7, 43, 30, 31, 43, 37, 32, 16, 20, 49, 6, 49, 16, 39, 28, 33, 1, 2, 40, 13, 38, 14, 5, 32, 44, 15, 5, 17, 37, 7, 2, 1, 41, 11, 12, 41, 31, 6, 2, 32, 8, 25, 23, 31, 47, 45, 26, 35, 11, 11, 34, 16, 24, 49, 26, 18, 26, 17, 16, 8, 45, 31, 38, 11, 3, 9, 21, 2, 3, 7, 25, 15, 32, 21, 38, 47, 33, 47, 50, 41, 1, 17, 46, 41, 19, 42, 45, 44, 35, 20, 49, 37, 33, 16, 41, 18, 37, 9, 7, 32, 16, 24, 43, 36, 8, 18, 31, 44, 11, 17, 26, 9, 46, 49, 43, 30] 3030.9750698040934 600022.529
SA: [44, 45, 11, 7, 27, 24, 34, 46, 14, 35, 20, 6, 50, 46, 46, 31, 18, 4, 9, 34, 10, 3, 15, 43, 36, 23, 45, 18, 8, 37, 26, 48, 42, 38, 18, 6, 17, 5, 39, 6, 12, 8, 5, 15, 10, 9, 43, 1, 1, 43, 25, 14, 8, 38, 28, 13, 14, 44, 25, 7, 14, 18, 16, 46, 10, 38, 1, 47, 36, 3, 1, 44, 31, 43, 24, 25, 36, 17, 13, 36, 50, 14, 38, 33, 12, 34, 45, 6, 10, 12, 22, 7, 48, 3, 15, 37, 9, 29, 45, 48, 41, 40, 44, 17, 16, 8, 40, 18, 21, 42, 41, 44, 31, 17, 40, 19, 41, 10, 44, 39, 46, 1, 26, 10, 48, 45, 48, 23, 44, 34, 34, 29, 24, 44, 23, 16, 45, 14, 25, 9, 25, 47, 25, 13, 22, 3, 21, 44, 8, 38, 37, 3, 31, 17, 30, 15, 48, 23, 48, 10, 35, 50, 44, 43, 40, 5, 18, 50, 47, 32, 29, 35, 34, 48, 5, 20, 31, 3, 19, 20, 48, 14, 28, 13, 48, 42, 14, 47, 6, 40, 25, 50, 41, 6, 42, 50, 18, 5, 18, 47] 2708.950726483685 600265.031881
CLO: [28, 28, 26, 3, 10, 31, 48, 8, 9, 24, 36, 15, 35, 5, 26, 21, 26, 19, 31, 35, 4, 32, 16, 49, 32, 5, 27, 40, 48, 21, 18, 29, 9, 5, 35, 6, 24, 39, 30, 15, 39, 6, 34, 50, 16, 17, 40, 5, 37, 42, 14, 18, 39, 47, 3, 38, 49, 12, 9, 3, 46, 31, 36, 3, 16, 30, 41, 20, 10, 20, 17, 9, 5, 47, 33, 41, 18, 30, 8, 33, 47, 39, 33, 29, 42, 48, 11, 40, 43, 8, 7, 22, 12, 42, 6, 13, 49, 36, 49, 23, 17, 5, 14, 17, 48, 22, 37, 36, 15, 39, 33, 30, 23, 46, 4, 50, 18, 4, 50, 25, 28, 6, 22, 14, 5, 25, 5, 44, 47, 12, 23, 12, 26, 21, 24, 16, 11, 7, 4, 32, 40, 25, 27, 21, 3, 14, 9, 8, 28, 1, 37, 13, 10, 40, 3, 34, 4, 18, 40, 22, 11, 6, 44, 20, 25, 49, 46, 43, 11, 20, 6, 42, 42, 31, 42, 50, 24, 24, 1, 36, 39, 36, 12, 13, 6, 9, 44, 50, 1, 15, 32, 19, 30, 50, 4, 11, 5, 12, 14, 45] 3004.454564275111 600013.871623
-- 
Instance 1
seed: 1463996588098
--
SHC: [39, 22, 4, 46, 13, 3, 16, 47, 22, 24, 12, 31, 28, 20, 23, 32, 24, 36, 31, 9, 48, 42, 1, 28, 46, 32, 42, 27, 44, 47, 40, 35, 34, 39, 43, 41, 29, 47, 9, 25, 45, 41, 20, 26, 16, 15, 47, 28, 38, 29, 36, 39, 47, 3, 31, 10, 45, 26, 33, 14, 32, 4, 29, 43, 34, 30, 38, 8, 48, 24, 12, 33, 23, 41, 15, 24, 18, 27, 40, 22, 32, 8, 46, 8, 20, 22, 2, 31, 45, 18, 12, 21, 33, 28, 28, 16, 16, 26, 40, 46, 47, 1, 14, 15, 19, 39, 35, 24, 46, 44, 36, 23, 17, 16, 9, 42, 13, 12, 12, 32, 39, 31, 3, 32, 20, 39, 16, 25, 44, 22, 40, 29, 28, 39, 39, 18, 16, 17, 21, 31, 38, 30, 12, 37, 32, 41, 34, 13, 8, 16, 16, 6, 38, 7, 31, 22, 31, 16, 45, 39, 34, 49, 33, 47, 35, 1, 10, 32, 12, 27, 42, 23, 5, 50, 38, 9, 49, 29, 5, 19, 28, 48, 50, 48, 31, 3, 2, 9, 42, 32, 38, 21, 37, 37, 48, 29, 47, 6, 10, 22] 2979.136489913517 600005.591515
SA: [45, 41, 26, 30, 13, 49, 47, 33, 38, 18, 44, 34, 10, 42, 14, 37, 11, 12, 1, 37, 47, 11, 42, 20, 24, 23, 23, 44, 6, 13, 16, 15, 38, 12, 9, 32, 46, 3, 13, 28, 32, 4, 19, 30, 46, 23, 14, 15, 9, 9, 18, 41, 35, 32, 29, 22, 7, 42, 28, 14, 50, 23, 41, 49, 41, 24, 33, 4, 48, 7, 40, 10, 9, 8, 45, 19, 18, 40, 15, 29, 12, 3, 39, 35, 14, 1, 23, 23, 25, 50, 29, 25, 23, 11, 49, 21, 1, 6, 20, 7, 21, 29, 46, 2, 19, 5, 34, 35, 46, 39, 44, 17, 19, 48, 41, 48, 15, 29, 22, 39, 48, 5, 8, 37, 45, 4, 22, 36, 45, 27, 25, 12, 10, 32, 43, 19, 42, 12, 36, 5, 20, 33, 42, 18, 11, 25, 12, 9, 37, 39, 8, 9, 15, 15, 33, 40, 33, 19, 15, 32, 21, 35, 37, 21, 13, 43, 18, 33, 45, 31, 10, 44, 14, 19, 42, 26, 15, 46, 17, 37, 43, 40, 23, 14, 34, 28, 24, 48, 29, 4, 31, 33, 8, 32, 22, 19, 28, 50, 49, 34] 2856.3952721885626 604344.142086
CLO: [19, 26, 37, 24, 31, 45, 41, 23, 7, 27, 13, 10, 49, 4, 6, 34, 24, 49, 27, 26, 48, 21, 48, 27, 22, 38, 30, 14, 19, 3, 13, 20, 17, 46, 31, 8, 31, 31, 32, 20, 28, 43, 6, 18, 10, 47, 6, 28, 35, 29, 36, 14, 36, 26, 46, 6, 45, 5, 7, 50, 42, 4, 38, 16, 19, 49, 41, 3, 45, 39, 3, 38, 34, 1, 40, 1, 23, 43, 38, 39, 14, 38, 2, 42, 27, 42, 50, 29, 13, 24, 8, 14, 20, 26, 11, 20, 15, 5, 19, 48, 5, 48, 35, 37, 30, 38, 33, 49, 6, 41, 11, 26, 20, 8, 15, 18, 6, 40, 23, 45, 10, 43, 18, 35, 44, 30, 1, 28, 20, 3, 42, 49, 7, 37, 21, 14, 47, 7, 8, 27, 46, 41, 31, 41, 23, 41, 6, 48, 34, 7, 42, 30, 12, 21, 45, 14, 1, 49, 39, 43, 37, 39, 6, 35, 26, 41, 20, 47, 11, 16, 35, 8, 22, 44, 7, 25, 44, 12, 30, 26, 19, 15, 25, 36, 32, 48, 23, 38, 31, 47, 37, 5, 44, 13, 14, 19, 18, 30, 38, 34] 3082.6540277607446 600019.997399
-- 
Instance 2
seed: 1463998406345
--
SHC: [32, 8, 32, 27, 14, 14, 7, 31, 18, 12, 45, 8, 3, 43, 21, 44, 24, 34, 11, 49, 18, 48, 27, 35, 39, 23, 17, 9, 42, 41, 18, 42, 27, 4, 5, 9, 42, 31, 8, 1, 23, 48, 43, 23, 13, 40, 23, 40, 30, 9, 37, 7, 4, 25, 35, 37, 39, 20, 39, 6, 25, 31, 46, 23, 34, 42, 12, 28, 36, 45, 45, 23, 6, 43, 22, 27, 6, 45, 27, 33, 11, 21, 36, 33, 42, 32, 35, 20, 33, 15, 30, 42, 11, 11, 15, 20, 7, 8, 15, 33, 19, 11, 33, 14, 23, 36, 33, 24, 7, 28, 5, 22, 35, 17, 7, 18, 42, 1, 19, 46, 36, 29, 19, 20, 16, 19, 24, 44, 48, 22, 45, 12, 24, 29, 40, 29, 15, 16, 8, 7, 17, 41, 26, 10, 28, 23, 48, 43, 45, 23, 31, 14, 1, 16, 4, 42, 12, 22, 49, 23, 34, 47, 2, 25, 21, 3, 31, 38, 31, 19, 47, 29, 31, 22, 41, 10, 35, 25, 31, 25, 22, 32, 39, 41, 19, 49, 21, 8, 24, 31, 11, 32, 13, 48, 6, 42, 33, 12, 19, 35] 3313.246157184293 600053.51888
SA: [27, 9, 46, 11, 6, 11, 26, 9, 44, 6, 38, 44, 24, 41, 45, 45, 14, 24, 48, 9, 26, 23, 29, 15, 32, 3, 3, 7, 23, 16, 42, 14, 4, 42, 19, 46, 46, 30, 17, 39, 21, 48, 49, 1, 36, 27, 18, 8, 17, 4, 12, 20, 9, 26, 10, 20, 7, 5, 50, 7, 6, 10, 46, 1, 47, 25, 6, 9, 7, 24, 1, 16, 24, 44, 19, 4, 21, 40, 7, 21, 6, 11, 45, 3, 26, 45, 21, 14, 35, 25, 37, 44, 29, 34, 32, 8, 30, 9, 37, 4, 30, 42, 4, 6, 30, 23, 6, 37, 12, 6, 19, 50, 16, 30, 26, 42, 21, 39, 37, 13, 15, 14, 45, 10, 29, 29, 33, 17, 28, 19, 45, 37, 2, 45, 15, 46, 46, 32, 34, 13, 39, 18, 13, 15, 32, 39, 26, 18, 50, 14, 5, 39, 40, 7, 33, 1, 22, 16, 20, 29, 33, 12, 10, 28, 31, 41, 2, 8, 33, 29, 35, 7, 27, 36, 36, 16, 45, 41, 28, 37, 8, 16, 6, 9, 8, 42, 40, 47, 35, 49, 26, 17, 33, 36, 33, 4, 15, 8, 36, 14] 2793.152117754747 604025.242758
CLO: [1, 19, 26, 10, 4, 10, 26, 1, 15, 19, 1, 38, 10, 20, 40, 38, 12, 15, 5, 1, 49, 40, 21, 48, 34, 18, 42, 15, 22, 50, 48, 3, 44, 11, 44, 31, 34, 30, 12, 32, 15, 33, 22, 39, 49, 29, 13, 45, 41, 48, 39, 32, 43, 23, 3, 36, 45, 27, 32, 31, 46, 47, 49, 39, 3, 22, 45, 2, 46, 14, 31, 22, 38, 4, 30, 20, 5, 26, 21, 47, 35, 34, 43, 50, 4, 45, 12, 22, 35, 16, 21, 22, 34, 32, 4, 40, 8, 13, 9, 38, 50, 20, 26, 29, 5, 29, 13, 43, 25, 23, 14, 26, 29, 12, 9, 24, 18, 43, 49, 8, 37, 10, 28, 1, 31, 44, 28, 35, 30, 50, 3, 8, 50, 46, 8, 42, 26, 8, 19, 30, 7, 17, 20, 19, 21, 7, 50, 23, 44, 14, 19, 8, 47, 28, 29, 35, 12, 43, 46, 18, 28, 44, 35, 36, 32, 40, 33, 21, 6, 12, 26, 50, 22, 22, 5, 29, 44, 27, 4, 43, 37, 12, 7, 25, 8, 29, 45, 50, 25, 34, 4, 17, 39, 24, 23, 48, 49, 30, 21, 27] 3009.4396671032177 600017.531769
-- 
Instance 3
seed: 1464000221344
--
SHC: [27, 35, 6, 21, 47, 27, 48, 13, 3, 12, 11, 41, 22, 49, 29, 6, 6, 48, 17, 8, 39, 30, 38, 22, 4, 15, 23, 20, 6, 21, 48, 8, 23, 28, 4, 16, 44, 14, 48, 46, 6, 30, 37, 5, 24, 23, 12, 14, 22, 36, 40, 3, 13, 15, 6, 23, 7, 50, 23, 44, 34, 34, 46, 28, 40, 16, 43, 3, 14, 49, 8, 12, 34, 31, 31, 30, 44, 22, 6, 8, 25, 28, 44, 16, 32, 6, 1, 17, 17, 25, 35, 7, 11, 39, 44, 29, 31, 42, 17, 29, 22, 45, 21, 25, 3, 15, 18, 30, 11, 41, 29, 49, 23, 26, 47, 25, 1, 24, 36, 16, 38, 11, 18, 36, 28, 41, 24, 10, 11, 38, 29, 12, 9, 38, 23, 49, 31, 3, 40, 37, 31, 43, 33, 35, 34, 8, 32, 31, 5, 10, 17, 35, 40, 32, 12, 15, 20, 2, 40, 32, 25, 14, 45, 32, 6, 28, 5, 5, 26, 9, 6, 36, 8, 37, 14, 34, 32, 29, 21, 25, 30, 19, 16, 19, 32, 31, 39, 4, 38, 14, 40, 21, 10, 46, 32, 39, 35, 26, 2, 46] 3047.6487052450934 600057.634181
SA: [26, 32, 13, 4, 49, 1, 6, 33, 28, 6, 48, 39, 48, 42, 26, 49, 19, 33, 35, 19, 29, 12, 18, 3, 6, 27, 42, 5, 39, 20, 15, 46, 13, 8, 36, 31, 2, 16, 9, 38, 41, 14, 32, 11, 6, 38, 23, 47, 28, 28, 29, 13, 39, 41, 45, 22, 50, 9, 37, 42, 10, 23, 32, 33, 25, 10, 26, 31, 22, 11, 30, 33, 30, 48, 3, 5, 35, 24, 13, 36, 19, 28, 2, 20, 10, 16, 9, 23, 45, 29, 9, 21, 39, 9, 14, 1, 9, 27, 28, 40, 10, 46, 8, 48, 5, 47, 31, 29, 24, 40, 21, 26, 42, 46, 3, 35, 33, 48, 10, 7, 35, 22, 12, 40, 7, 20, 21, 12, 28, 38, 12, 8, 49, 3, 16, 17, 47, 11, 26, 12, 1, 9, 15, 40, 49, 24, 32, 37, 15, 22, 5, 14, 46, 36, 43, 40, 5, 4, 15, 8, 8, 46, 3, 23, 9, 13, 9, 7, 19, 22, 49, 46, 49, 30, 12, 15, 5, 24, 27, 38, 22, 30, 23, 5, 43, 22, 48, 22, 19, 46, 10, 45, 21, 1, 25, 26, 38, 13, 20, 46] 2781.3453160468907 602985.989722
CLO: [24, 11, 1, 32, 5, 47, 20, 3, 47, 19, 16, 8, 41, 1, 36, 35, 4, 26, 21, 7, 18, 27, 6, 10, 15, 48, 37, 47, 50, 9, 26, 26, 49, 26, 7, 35, 14, 6, 16, 43, 30, 49, 14, 22, 29, 22, 48, 42, 26, 43, 35, 35, 13, 16, 38, 17, 9, 46, 4, 7, 20, 14, 49, 45, 35, 37, 16, 12, 1, 11, 31, 15, 9, 40, 49, 44, 17, 32, 50, 45, 21, 3, 37, 40, 31, 46, 22, 20, 42, 35, 47, 29, 27, 45, 42, 46, 10, 8, 4, 14, 28, 29, 42, 42, 1, 20, 17, 5, 38, 41, 48, 32, 12, 21, 44, 13, 4, 29, 49, 48, 49, 11, 45, 50, 34, 8, 37, 25, 26, 16, 28, 8, 45, 19, 48, 36, 48, 32, 44, 39, 33, 39, 1, 3, 1, 40, 37, 19, 25, 5, 36, 11, 24, 15, 29, 47, 39, 27, 23, 21, 31, 50, 9, 45, 22, 4, 11, 13, 25, 28, 39, 31, 47, 1, 48, 14, 1, 48, 45, 14, 37, 40, 41, 19, 35, 24, 43, 9, 11, 6, 29, 31, 29, 25, 17, 16, 4, 7, 9, 15] 3050.3025223535906 600011.107769
-- 
Instance 4
seed: 1464002034721
--
SHC: [10, 43, 32, 43, 48, 6, 23, 32, 4, 11, 15, 7, 27, 9, 27, 23, 42, 48, 7, 44, 21, 27, 30, 47, 29, 14, 19, 44, 13, 50, 14, 8, 9, 20, 7, 37, 12, 17, 28, 28, 41, 28, 11, 46, 14, 9, 2, 22, 12, 23, 11, 11, 32, 38, 45, 50, 1, 3, 18, 11, 12, 22, 39, 25, 44, 16, 37, 41, 1, 33, 31, 9, 8, 41, 2, 33, 29, 29, 37, 10, 17, 16, 40, 26, 8, 32, 49, 10, 38, 10, 25, 6, 25, 17, 41, 36, 11, 30, 50, 46, 32, 23, 10, 4, 4, 39, 37, 42, 46, 44, 16, 5, 13, 26, 3, 10, 7, 28, 3, 34, 22, 44, 38, 6, 38, 21, 21, 3, 3, 46, 1, 16, 23, 25, 42, 37, 43, 29, 23, 15, 7, 31, 40, 43, 8, 11, 46, 23, 15, 13, 14, 38, 49, 20, 50, 3, 15, 9, 46, 49, 37, 36, 25, 7, 48, 24, 33, 44, 3, 6, 30, 30, 43, 11, 18, 44, 2, 33, 28, 41, 8, 11, 33, 38, 33, 21, 13, 34, 23, 39, 23, 43, 2, 42, 6, 50, 30, 39, 16, 28] 3351.7531467978497 600052.159658
SA: [47, 20, 19, 35, 8, 49, 10, 47, 21, 39, 9, 42, 43, 35, 9, 11, 4, 32, 15, 43, 42, 14, 10, 2, 20, 30, 8, 15, 40, 37, 40, 16, 13, 21, 2, 8, 38, 46, 17, 25, 4, 30, 35, 42, 14, 1, 18, 14, 46, 5, 10, 19, 19, 39, 5, 15, 33, 12, 14, 31, 26, 8, 41, 30, 33, 12, 29, 30, 8, 16, 35, 11, 40, 7, 17, 36, 3, 30, 33, 49, 9, 8, 29, 3, 12, 25, 9, 40, 33, 50, 1, 36, 4, 13, 5, 29, 28, 20, 3, 31, 36, 15, 38, 16, 39, 35, 5, 31, 23, 6, 33, 22, 43, 47, 41, 28, 2, 28, 28, 27, 30, 11, 7, 35, 48, 41, 47, 22, 28, 15, 11, 45, 29, 25, 21, 37, 48, 22, 23, 29, 45, 36, 4, 18, 23, 16, 38, 48, 37, 41, 50, 33, 50, 49, 3, 40, 45, 34, 24, 3, 32, 35, 19, 25, 5, 32, 10, 50, 37, 18, 45, 28, 40, 3, 30, 2, 23, 1, 13, 11, 35, 13, 35, 17, 37, 43, 27, 45, 19, 28, 25, 7, 28, 9, 9, 39, 43, 26, 32, 24] 2865.1552192441327 602243.421897
CLO: [16, 48, 41, 29, 10, 17, 36, 30, 12, 9, 33, 16, 6, 45, 31, 18, 39, 13, 8, 45, 4, 19, 39, 38, 1, 7, 23, 40, 48, 32, 26, 43, 47, 37, 40, 9, 50, 1, 44, 23, 13, 26, 22, 5, 2, 15, 42, 36, 30, 37, 40, 21, 27, 14, 2, 23, 12, 44, 12, 47, 8, 40, 11, 33, 29, 23, 43, 5, 43, 7, 12, 16, 11, 29, 48, 28, 10, 6, 41, 45, 9, 48, 47, 37, 36, 30, 2, 44, 26, 44, 6, 22, 3, 9, 23, 17, 23, 9, 33, 16, 41, 25, 37, 10, 30, 49, 43, 39, 15, 22, 20, 4, 36, 46, 32, 19, 2, 21, 45, 23, 37, 22, 26, 24, 1, 12, 6, 6, 38, 15, 45, 20, 2, 7, 11, 46, 6, 37, 32, 5, 4, 36, 45, 37, 34, 16, 30, 11, 17, 29, 30, 17, 42, 21, 11, 47, 41, 31, 42, 37, 34, 25, 8, 44, 25, 36, 27, 26, 37, 33, 22, 40, 25, 28, 18, 42, 32, 7, 47, 1, 29, 5, 21, 49, 19, 38, 45, 1, 41, 40, 26, 13, 11, 10, 23, 46, 17, 14, 33, 49] 3145.61288692172 600061.857917
-- 
Instance 5
seed: 1464003846795
--
SHC: [7, 15, 39, 34, 10, 47, 43, 5, 33, 29, 28, 27, 5, 17, 8, 12, 47, 49, 24, 40, 34, 44, 32, 14, 41, 7, 46, 31, 11, 28, 13, 26, 21, 44, 25, 9, 3, 34, 7, 18, 4, 27, 49, 24, 20, 11, 13, 14, 23, 46, 46, 7, 22, 43, 29, 23, 45, 41, 15, 29, 11, 14, 43, 23, 10, 6, 49, 8, 47, 6, 37, 2, 35, 1, 9, 43, 24, 3, 5, 49, 31, 10, 9, 31, 8, 31, 46, 19, 16, 15, 13, 15, 45, 3, 21, 48, 32, 27, 42, 37, 2, 46, 37, 37, 37, 19, 45, 13, 14, 40, 6, 13, 12, 31, 20, 26, 50, 14, 8, 29, 4, 50, 18, 47, 20, 28, 10, 13, 37, 7, 14, 9, 47, 48, 49, 15, 36, 47, 48, 40, 34, 50, 45, 34, 6, 37, 22, 45, 3, 1, 16, 19, 33, 6, 19, 1, 26, 30, 17, 10, 32, 47, 23, 2, 20, 40, 48, 15, 44, 43, 43, 16, 42, 29, 15, 35, 27, 23, 42, 1, 42, 36, 18, 35, 43, 13, 22, 29, 4, 19, 33, 22, 24, 33, 34, 22, 29, 21, 21, 46] 3378.083077990557 600052.377755
SA: [47, 6, 39, 42, 49, 12, 3, 27, 40, 14, 6, 30, 8, 43, 15, 39, 15, 24, 48, 33, 1, 12, 21, 10, 41, 39, 4, 42, 25, 34, 30, 24, 3, 8, 45, 9, 29, 17, 18, 15, 26, 19, 11, 33, 32, 29, 10, 40, 29, 22, 29, 21, 27, 3, 34, 1, 39, 1, 24, 18, 26, 17, 25, 39, 32, 45, 40, 45, 28, 21, 26, 12, 2, 3, 38, 34, 11, 20, 46, 4, 3, 41, 39, 8, 6, 47, 1, 47, 20, 48, 30, 17, 16, 21, 47, 38, 2, 22, 27, 44, 2, 4, 8, 18, 6, 13, 18, 4, 7, 24, 26, 35, 25, 39, 23, 5, 49, 2, 29, 31, 14, 7, 39, 38, 34, 31, 48, 40, 48, 43, 26, 44, 31, 29, 24, 46, 40, 39, 5, 4, 2, 41, 29, 8, 24, 33, 3, 20, 4, 24, 30, 33, 3, 3, 39, 36, 20, 22, 3, 37, 2, 47, 24, 1, 34, 28, 8, 25, 25, 26, 42, 9, 35, 14, 8, 32, 37, 3, 8, 38, 36, 30, 12, 36, 3, 33, 5, 5, 17, 25, 32, 41, 45, 15, 8, 17, 10, 15, 21, 42] 2913.3191133286646 601640.726267
CLO: [2, 40, 15, 7, 29, 43, 2, 43, 16, 36, 41, 29, 30, 8, 31, 49, 36, 1, 7, 25, 43, 1, 50, 23, 43, 22, 36, 46, 7, 47, 2, 1, 46, 17, 43, 25, 24, 5, 49, 30, 6, 20, 42, 39, 43, 44, 4, 19, 47, 41, 23, 42, 49, 40, 17, 22, 49, 23, 39, 22, 24, 7, 34, 24, 33, 46, 25, 39, 16, 2, 15, 40, 49, 39, 49, 37, 39, 40, 20, 16, 48, 23, 6, 40, 43, 39, 33, 26, 20, 26, 35, 7, 35, 19, 20, 19, 30, 10, 22, 25, 18, 22, 18, 5, 12, 43, 20, 45, 20, 31, 5, 47, 49, 41, 46, 44, 5, 25, 8, 19, 23, 26, 23, 48, 46, 17, 30, 32, 11, 34, 23, 24, 18, 16, 11, 32, 14, 36, 46, 47, 37, 6, 32, 8, 24, 20, 8, 13, 44, 35, 37, 24, 35, 36, 5, 48, 10, 3, 35, 16, 2, 22, 50, 37, 43, 12, 34, 46, 49, 37, 20, 20, 49, 46, 2, 10, 9, 44, 37, 2, 14, 24, 13, 7, 23, 5, 22, 16, 37, 7, 23, 15, 12, 16, 40, 31, 8, 2, 9, 35] 3059.3282458602416 600038.44023
-- 
Instance 6
seed: 1464005659599
--
SHC: [22, 36, 37, 42, 37, 28, 35, 39, 9, 27, 23, 19, 4, 15, 24, 34, 44, 48, 35, 1, 13, 45, 28, 22, 12, 43, 22, 20, 39, 47, 20, 21, 26, 3, 5, 20, 17, 30, 2, 34, 25, 42, 26, 29, 20, 40, 4, 27, 41, 10, 44, 36, 1, 17, 49, 31, 28, 12, 14, 10, 31, 18, 6, 48, 18, 39, 3, 40, 6, 7, 35, 28, 8, 48, 14, 15, 45, 12, 28, 5, 43, 47, 23, 50, 5, 47, 30, 41, 6, 5, 18, 43, 14, 47, 21, 13, 50, 38, 39, 26, 30, 38, 38, 45, 46, 48, 13, 45, 33, 28, 49, 22, 33, 11, 41, 4, 36, 27, 29, 17, 34, 14, 31, 36, 38, 27, 23, 15, 45, 36, 36, 41, 45, 45, 48, 18, 46, 31, 47, 12, 27, 48, 38, 24, 29, 22, 6, 19, 24, 36, 49, 42, 48, 32, 35, 38, 15, 44, 26, 8, 10, 37, 39, 15, 4, 23, 19, 3, 9, 39, 39, 48, 8, 15, 7, 29, 14, 27, 35, 14, 13, 21, 2, 6, 24, 40, 26, 40, 21, 48, 22, 16, 29, 33, 30, 22, 7, 37, 33, 43] 2894.928499273801 600012.636177
SA: [25, 36, 41, 33, 17, 39, 13, 48, 5, 34, 11, 11, 16, 12, 43, 16, 18, 46, 50, 35, 21, 24, 14, 46, 33, 47, 12, 44, 50, 50, 19, 22, 27, 9, 19, 48, 49, 49, 24, 41, 42, 29, 43, 4, 12, 21, 42, 2, 44, 8, 27, 14, 23, 18, 41, 9, 31, 10, 19, 20, 14, 13, 1, 31, 35, 45, 2, 9, 25, 30, 25, 28, 46, 10, 14, 49, 9, 24, 17, 10, 33, 37, 21, 12, 13, 48, 4, 13, 37, 16, 44, 30, 40, 14, 17, 8, 4, 5, 16, 10, 25, 19, 30, 28, 48, 49, 32, 1, 37, 43, 16, 29, 16, 10, 32, 14, 47, 32, 48, 24, 38, 23, 49, 39, 16, 30, 46, 25, 12, 16, 38, 40, 27, 4, 47, 15, 22, 32, 40, 10, 3, 18, 8, 42, 13, 1, 29, 49, 3, 38, 21, 10, 33, 21, 12, 3, 43, 45, 42, 8, 21, 31, 24, 38, 37, 46, 49, 48, 30, 37, 5, 46, 32, 49, 30, 17, 13, 6, 4, 41, 14, 41, 50, 25, 7, 6, 43, 30, 48, 35, 34, 35, 31, 34, 4, 25, 19, 10, 33, 49] 2779.783060426848 601807.419748
CLO: [49, 30, 45, 4, 20, 40, 5, 20, 27, 25, 41, 45, 46, 12, 19, 31, 6, 18, 1, 43, 33, 13, 3, 22, 49, 11, 31, 4, 36, 44, 2, 27, 21, 12, 31, 16, 49, 12, 41, 38, 47, 30, 30, 50, 3, 8, 33, 35, 46, 50, 7, 18, 22, 15, 36, 23, 5, 21, 29, 23, 18, 43, 46, 45, 33, 21, 44, 44, 2, 44, 23, 11, 25, 26, 3, 28, 21, 7, 7, 20, 25, 26, 20, 39, 48, 8, 25, 10, 46, 26, 8, 10, 47, 18, 32, 32, 38, 3, 27, 5, 28, 10, 50, 36, 45, 16, 15, 14, 28, 24, 40, 13, 16, 22, 4, 22, 15, 15, 11, 38, 27, 7, 26, 42, 4, 43, 44, 23, 39, 2, 45, 2, 24, 1, 44, 36, 1, 25, 2, 36, 41, 34, 13, 31, 2, 6, 7, 15, 40, 50, 42, 5, 26, 19, 40, 27, 36, 44, 17, 45, 7, 41, 2, 47, 27, 26, 35, 16, 40, 22, 22, 4, 16, 7, 16, 44, 25, 37, 35, 32, 19, 22, 27, 43, 49, 36, 11, 12, 35, 38, 38, 45, 44, 23, 28, 4, 6, 9, 39, 9] 3042.298045308772 600022.13686
-- 
Instance 7
seed: 1464007473962
--
SHC: [29, 15, 17, 6, 22, 17, 32, 24, 2, 1, 22, 14, 31, 19, 41, 13, 22, 27, 10, 10, 41, 33, 8, 50, 4, 21, 49, 7, 16, 7, 3, 12, 45, 20, 29, 28, 30, 34, 45, 27, 4, 41, 12, 31, 47, 32, 10, 21, 6, 12, 41, 22, 47, 11, 33, 17, 24, 22, 3, 28, 30, 48, 13, 47, 47, 5, 46, 44, 4, 36, 17, 20, 20, 35, 4, 39, 30, 30, 20, 50, 44, 7, 18, 42, 30, 49, 8, 20, 14, 9, 18, 3, 3, 7, 31, 21, 4, 5, 10, 38, 42, 42, 43, 32, 48, 42, 32, 37, 3, 47, 48, 37, 31, 37, 24, 26, 1, 33, 45, 19, 39, 18, 38, 16, 39, 43, 10, 41, 40, 15, 31, 38, 1, 33, 22, 20, 15, 23, 23, 41, 35, 30, 46, 10, 38, 28, 37, 14, 15, 7, 1, 17, 42, 15, 16, 15, 50, 34, 15, 49, 23, 9, 22, 28, 4, 22, 4, 45, 27, 41, 35, 18, 36, 40, 35, 21, 23, 47, 21, 42, 20, 34, 37, 46, 47, 36, 45, 18, 22, 19, 10, 36, 19, 19, 39, 2, 28, 12, 46, 20] 3072.714320622169 600040.477615
SA: [17, 7, 34, 9, 24, 10, 48, 20, 37, 11, 26, 27, 17, 46, 15, 27, 29, 24, 50, 46, 26, 37, 4, 17, 34, 17, 7, 17, 11, 37, 22, 45, 35, 34, 28, 14, 22, 36, 34, 49, 35, 34, 32, 30, 18, 25, 36, 49, 44, 36, 19, 50, 41, 25, 43, 19, 9, 22, 14, 31, 49, 1, 28, 13, 12, 6, 43, 5, 17, 37, 34, 5, 39, 11, 27, 47, 13, 25, 47, 27, 1, 36, 44, 20, 23, 14, 50, 6, 50, 4, 42, 36, 3, 14, 22, 1, 41, 32, 40, 17, 6, 5, 9, 40, 26, 24, 31, 35, 1, 33, 5, 47, 39, 32, 9, 14, 9, 38, 8, 29, 26, 25, 18, 22, 14, 48, 11, 40, 39, 49, 50, 43, 26, 40, 41, 10, 26, 47, 8, 40, 17, 49, 12, 44, 30, 27, 40, 36, 49, 12, 27, 46, 2, 22, 44, 48, 21, 49, 3, 9, 47, 46, 47, 32, 11, 9, 23, 29, 41, 43, 10, 38, 13, 33, 31, 23, 44, 3, 28, 1, 12, 30, 29, 41, 39, 26, 20, 39, 24, 13, 31, 18, 29, 35, 4, 47, 9, 46, 16, 48] 2693.8163917988686 600295.121544
CLO: [29, 39, 45, 44, 15, 36, 15, 47, 14, 35, 8, 4, 20, 4, 3, 16, 28, 42, 33, 40, 39, 19, 2, 12, 38, 26, 8, 43, 49, 4, 28, 8, 13, 3, 18, 45, 4, 10, 22, 9, 45, 22, 16, 20, 26, 47, 2, 23, 43, 5, 42, 28, 25, 31, 6, 26, 40, 4, 30, 10, 20, 38, 26, 11, 10, 23, 19, 27, 44, 42, 3, 12, 41, 35, 5, 17, 23, 6, 23, 9, 15, 34, 24, 45, 16, 30, 43, 19, 27, 38, 10, 45, 1, 29, 23, 29, 10, 29, 31, 20, 6, 21, 8, 40, 41, 8, 16, 36, 34, 1, 8, 49, 18, 36, 7, 31, 2, 4, 19, 27, 25, 39, 20, 16, 1, 26, 12, 49, 41, 16, 25, 13, 31, 14, 3, 35, 44, 12, 24, 19, 16, 31, 22, 9, 46, 3, 40, 9, 24, 7, 26, 6, 30, 12, 32, 6, 6, 16, 39, 48, 18, 20, 14, 33, 36, 36, 32, 3, 23, 20, 19, 8, 31, 5, 42, 25, 9, 42, 40, 4, 15, 6, 34, 9, 3, 27, 27, 35, 49, 4, 16, 26, 18, 42, 20, 2, 35, 12, 23, 18] 3090.7066999635845 600007.864389
-- 
Instance 8
seed: 1464009289680
--
SHC: [30, 42, 11, 36, 47, 18, 37, 12, 21, 40, 7, 17, 41, 42, 26, 47, 4, 11, 13, 3, 49, 28, 38, 28, 40, 1, 21, 50, 15, 47, 48, 4, 6, 50, 15, 17, 45, 10, 22, 23, 22, 39, 2, 11, 24, 36, 38, 41, 46, 36, 14, 40, 18, 30, 41, 1, 19, 9, 7, 2, 1, 10, 21, 45, 9, 38, 42, 17, 41, 2, 21, 25, 21, 45, 32, 11, 42, 23, 33, 25, 11, 10, 17, 30, 4, 6, 10, 29, 46, 38, 48, 10, 40, 21, 42, 46, 34, 16, 31, 43, 20, 15, 29, 49, 19, 22, 23, 16, 30, 24, 21, 5, 22, 3, 24, 45, 14, 30, 3, 9, 24, 33, 11, 36, 47, 17, 29, 47, 34, 50, 24, 48, 18, 34, 24, 23, 32, 45, 12, 48, 48, 27, 28, 48, 17, 35, 4, 19, 46, 27, 44, 10, 32, 50, 25, 46, 18, 5, 38, 21, 30, 30, 39, 50, 16, 8, 22, 20, 35, 22, 37, 2, 33, 11, 13, 14, 8, 4, 44, 41, 4, 46, 32, 49, 9, 5, 21, 2, 22, 19, 17, 9, 3, 25, 4, 34, 30, 4, 33, 35] 3160.0237576744134 600002.12404
SA: [27, 49, 43, 42, 50, 26, 26, 20, 50, 30, 44, 37, 14, 14, 41, 12, 3, 21, 30, 49, 36, 13, 5, 7, 17, 49, 24, 35, 26, 33, 23, 16, 2, 41, 41, 10, 42, 9, 43, 13, 4, 44, 32, 49, 35, 35, 43, 21, 46, 47, 1, 33, 16, 5, 20, 33, 12, 1, 29, 32, 27, 25, 39, 45, 46, 42, 49, 37, 14, 20, 27, 41, 15, 41, 23, 37, 11, 26, 5, 33, 11, 31, 50, 21, 23, 13, 3, 26, 33, 33, 10, 5, 15, 6, 47, 41, 7, 16, 26, 37, 3, 20, 11, 26, 31, 34, 36, 17, 26, 2, 35, 30, 7, 24, 46, 24, 3, 36, 37, 41, 23, 47, 17, 30, 14, 25, 42, 15, 8, 29, 41, 30, 33, 5, 34, 7, 29, 25, 2, 3, 13, 11, 46, 7, 50, 50, 47, 39, 30, 38, 31, 39, 49, 16, 49, 13, 48, 10, 1, 36, 6, 21, 10, 30, 49, 45, 36, 37, 5, 23, 14, 18, 8, 42, 14, 14, 17, 27, 45, 1, 14, 16, 40, 28, 15, 5, 19, 25, 12, 35, 27, 21, 5, 37, 44, 1, 15, 26, 36, 48] 2858.385743009824 606128.170651
CLO: [8, 6, 10, 9, 9, 34, 44, 4, 23, 10, 3, 37, 38, 13, 13, 29, 37, 37, 19, 25, 44, 15, 7, 38, 48, 47, 34, 35, 31, 12, 17, 1, 50, 11, 42, 34, 46, 34, 10, 14, 42, 36, 22, 29, 17, 40, 20, 34, 22, 16, 45, 31, 32, 50, 39, 11, 48, 31, 33, 8, 8, 35, 12, 18, 49, 20, 7, 19, 44, 33, 17, 34, 28, 35, 44, 17, 38, 25, 7, 33, 8, 36, 48, 7, 19, 2, 43, 44, 27, 37, 41, 22, 27, 45, 9, 29, 33, 32, 34, 26, 40, 19, 31, 36, 5, 21, 26, 36, 49, 34, 45, 9, 39, 42, 48, 6, 32, 40, 16, 47, 19, 2, 29, 10, 5, 49, 47, 39, 12, 2, 36, 34, 42, 21, 33, 25, 50, 25, 23, 46, 24, 2, 39, 9, 14, 39, 44, 34, 35, 39, 2, 20, 49, 35, 35, 20, 17, 44, 22, 3, 38, 30, 12, 29, 2, 16, 49, 42, 6, 49, 12, 7, 17, 15, 29, 26, 33, 13, 17, 49, 28, 10, 14, 34, 10, 46, 43, 32, 49, 44, 44, 33, 31, 32, 7, 50, 15, 41, 34, 12] 2944.209054399511 600044.986274
-- 
Instance 9
seed: 1464011105143
--
SHC: [34, 6, 4, 5, 30, 24, 22, 15, 48, 29, 46, 11, 16, 20, 5, 43, 10, 12, 9, 45, 20, 19, 6, 32, 32, 46, 1, 30, 25, 38, 39, 27, 23, 3, 43, 12, 44, 25, 17, 35, 50, 37, 34, 33, 22, 8, 4, 37, 35, 33, 40, 44, 19, 18, 22, 34, 10, 13, 1, 12, 44, 44, 47, 6, 41, 10, 22, 42, 19, 40, 24, 43, 41, 8, 50, 8, 27, 18, 46, 35, 32, 42, 40, 31, 25, 6, 47, 41, 24, 6, 22, 49, 20, 48, 49, 11, 39, 38, 21, 15, 19, 41, 26, 35, 39, 48, 42, 42, 20, 7, 5, 22, 14, 11, 44, 18, 4, 42, 40, 19, 10, 23, 28, 10, 20, 41, 38, 29, 18, 44, 32, 45, 45, 29, 18, 23, 18, 21, 46, 22, 6, 48, 4, 21, 26, 32, 42, 11, 15, 33, 28, 25, 14, 24, 21, 13, 47, 22, 10, 47, 49, 17, 32, 47, 36, 5, 31, 37, 30, 8, 32, 6, 21, 20, 34, 36, 2, 35, 48, 37, 38, 45, 30, 45, 7, 15, 43, 49, 30, 31, 25, 28, 9, 28, 46, 31, 28, 7, 22, 11] 2951.608249084971 600012.628095
SA: [48, 21, 45, 47, 44, 8, 1, 18, 24, 47, 43, 21, 22, 24, 36, 25, 49, 3, 45, 1, 30, 41, 19, 36, 15, 36, 37, 35, 3, 14, 24, 34, 31, 48, 49, 38, 11, 22, 16, 38, 37, 31, 7, 34, 23, 33, 29, 14, 6, 24, 47, 18, 23, 16, 18, 34, 42, 14, 14, 17, 4, 28, 11, 23, 26, 28, 32, 19, 29, 35, 42, 45, 35, 41, 16, 5, 43, 13, 15, 48, 36, 24, 33, 26, 30, 45, 23, 42, 7, 20, 35, 41, 34, 34, 42, 31, 23, 11, 24, 25, 35, 4, 23, 18, 33, 48, 22, 23, 16, 15, 5, 41, 31, 14, 27, 8, 49, 16, 29, 30, 22, 24, 25, 28, 39, 5, 23, 27, 20, 50, 4, 20, 8, 14, 22, 34, 36, 40, 47, 17, 50, 42, 39, 16, 2, 43, 18, 26, 7, 36, 27, 19, 23, 15, 18, 19, 50, 49, 19, 40, 12, 31, 44, 40, 46, 17, 40, 45, 39, 4, 32, 38, 20, 37, 28, 21, 10, 2, 48, 26, 41, 47, 22, 39, 33, 25, 7, 49, 2, 22, 43, 42, 6, 38, 11, 38, 14, 16, 16, 50] 2902.7214319726963 600507.200536
CLO: [34, 25, 41, 45, 41, 11, 18, 40, 30, 7, 27, 35, 8, 3, 14, 8, 15, 30, 21, 32, 41, 12, 6, 50, 25, 17, 1, 18, 42, 38, 9, 32, 45, 45, 29, 25, 44, 3, 41, 22, 33, 11, 44, 50, 27, 27, 49, 22, 17, 39, 15, 1, 22, 12, 38, 15, 6, 32, 12, 41, 9, 7, 27, 16, 49, 38, 39, 47, 3, 2, 9, 40, 12, 9, 5, 23, 7, 27, 8, 11, 24, 28, 30, 31, 27, 39, 4, 37, 49, 16, 50, 2, 42, 17, 23, 25, 45, 21, 6, 33, 43, 22, 11, 9, 2, 28, 36, 30, 47, 19, 19, 36, 8, 10, 16, 9, 22, 32, 26, 20, 49, 27, 48, 40, 48, 14, 32, 9, 11, 29, 20, 36, 40, 37, 13, 10, 20, 19, 48, 24, 48, 16, 25, 17, 41, 5, 15, 13, 39, 26, 4, 2, 4, 13, 50, 47, 23, 50, 36, 20, 19, 46, 30, 7, 23, 49, 39, 14, 40, 16, 49, 12, 19, 30, 32, 20, 15, 24, 10, 24, 16, 49, 34, 12, 11, 48, 9, 34, 6, 27, 3, 9, 20, 13, 28, 20, 23, 45, 50, 17] 2926.1548340211566 600046.387371
-- Summary -- 
*SHC*
Found PNE: 0/10
Approx Average: 3118.011747359076
*SA*
Found PNE: 0/10
Approx Average: 2815.302439225492
*CLO*
Found PNE: 0/10
Approx Average: 3035.5160547967653
