Number of instances: 10
Game: Normal Form Game
Players: 10
Actions: 2000
Metaheuristics time: 600
-- 
Instance 0
seed: 1463994763761
--
SHC: [1933, 1864, 1419, 1376, 182, 1715, 1065, 1081, 1175, 1849] 416.43317121970625 600007.273487
SA: [1768, 578, 1910, 1195, 1664, 742, 1805, 906, 133, 320] 362.5990672343496 600717.110719
CLO: [1521, 366, 157, 906, 1058, 140, 927, 201, 247, 1824] 370.18018983293837 600001.214626
-- 
Instance 1
seed: 1463996607821
--
SHC: [827, 1663, 1819, 1573, 1754, 1902, 353, 838, 1724, 1011] 255.18604248803342 600000.888964
SA: [1299, 1235, 1416, 1795, 760, 1404, 1961, 484, 768, 1641] 384.2669557261251 600053.342749
CLO: [419, 815, 1892, 1141, 1256, 1583, 1734, 1108, 1719, 1471] 350.2431372727901 600004.486404
-- 
Instance 2
seed: 1463998446917
--
SHC: [1240, 97, 1070, 249, 855, 469, 1954, 1882, 1411, 1154] 394.7248097537094 600002.001713
SA: [1554, 1262, 1568, 1464, 131, 527, 885, 1405, 1409, 1681] 405.0416752065591 600687.023596
CLO: [190, 200, 859, 752, 117, 1782, 1993, 1594, 797, 369] 320.1136425825235 600004.093155
-- 
Instance 3
seed: 1464000285566
--
SHC: [818, 1736, 1811, 110, 1815, 1281, 421, 855, 982, 240] 376.9937385628018 600001.842667
SA: [1163, 1719, 1736, 932, 1583, 1547, 1743, 1551, 1830, 1213] 386.0575823862931 600224.746236
CLO: [1432, 1199, 731, 1818, 1412, 1083, 1838, 1019, 1305, 827] 287.0877187689519 600000.313258
-- 
Instance 4
seed: 1464002123683
--
SHC: [299, 1496, 1750, 1820, 1811, 376, 686, 1802, 450, 598] 383.76013118266167 600003.313275
SA: [405, 4, 375, 223, 354, 1825, 1601, 60, 26, 1311] 360.33516124647656 600519.355164
CLO: [273, 362, 491, 1754, 380, 1687, 1761, 804, 1237, 175] 293.0530814684963 600000.021953
-- 
Instance 5
seed: 1464003962036
--
SHC: [409, 713, 1129, 1767, 1311, 1843, 205, 1341, 806, 1586] 349.1694818061883 600000.115771
SA: [1099, 1751, 74, 1256, 1196, 1047, 1733, 1358, 341, 804] 373.12511138716076 600715.466258
CLO: [1868, 248, 229, 991, 543, 735, 1290, 1575, 1271, 984] 347.3730958085283 600002.806015
-- 
Instance 6
seed: 1464005800366
--
SHC: [1824, 1348, 760, 708, 858, 1326, 1224, 1959, 1176, 679] 378.1648458163314 600000.407921
SA: [1473, 1410, 233, 769, 1738, 1498, 729, 1081, 1246, 548] 383.5014742423472 600316.641999
CLO: [875, 1396, 1631, 1024, 967, 362, 282, 1412, 1711, 1220] 334.7913451019888 600006.23014
-- 
Instance 7
seed: 1464007638135
--
SHC: [114, 1250, 927, 1971, 1346, 1044, 107, 1365, 811, 1347] 365.46054403528746 600000.545596
SA: [1970, 751, 690, 497, 1450, 899, 1136, 1089, 245, 356] 389.23252364811526 600348.892871
CLO: [878, 386, 1256, 1856, 1459, 1788, 1250, 1617, 878, 382] 333.6809681323377 600002.914466
-- 
Instance 8
seed: 1464009476026
--
SHC: [1804, 1826, 812, 926, 528, 1725, 534, 1135, 556, 341] 340.1700544416482 600000.49082
SA: [878, 1534, 634, 33, 1935, 1991, 655, 876, 1368, 1767] 401.3687723140826 600011.346277
CLO: [1874, 447, 604, 1272, 1424, 380, 412, 1670, 381, 1262] 315.8967993248122 600000.649093
-- 
Instance 9
seed: 1464011313701
--
SHC: [577, 1623, 79, 801, 231, 298, 98, 1755, 779, 520] 319.01153827355597 600005.190752
SA: [870, 1929, 815, 739, 1472, 803, 947, 856, 400, 403] 371.985452367964 600292.029973
CLO: [1477, 1513, 232, 1941, 1539, 1820, 850, 368, 726, 1247] 307.78556370452173 600002.243965
-- Summary -- 
*SHC*
Found PNE: 0/10
Approx Average: 357.90743575799235
*SA*
Found PNE: 0/10
Approx Average: 381.75137757594734
*CLO*
Found PNE: 0/10
Approx Average: 326.0205541997889
