Number of instances: 10
Game: Normal Form Game
Players: 50
Actions: 50
Metaheuristics time: 3600
-- 
Instance 0
seed: 1464094856432
--
SHC: [27, 29, 9, 32, 7, 49, 44, 4, 39, 37, 48, 33, 19, 15, 40, 16, 10, 41, 1, 17, 9, 30, 44, 43, 11, 21, 44, 31, 18, 27, 28, 17, 5, 2, 37, 22, 3, 21, 15, 6, 18, 5, 21, 4, 41, 47, 1, 46, 23, 27] 896.0885184523305 3600004.47025
SA: [21, 4, 2, 45, 7, 2, 18, 2, 47, 10, 21, 47, 48, 42, 4, 36, 34, 16, 10, 33, 43, 12, 34, 50, 16, 49, 21, 18, 40, 49, 43, 28, 25, 33, 27, 47, 22, 44, 44, 41, 35, 18, 7, 35, 24, 38, 1, 50, 28, 39] 818.0203220689319 3600355.822257
CLO: [45, 23, 15, 9, 36, 7, 37, 34, 3, 11, 20, 33, 2, 29, 50, 27, 11, 44, 10, 27, 39, 14, 48, 47, 38, 34, 4, 44, 28, 23, 43, 3, 13, 1, 13, 41, 23, 8, 18, 15, 6, 48, 2, 42, 21, 4, 31, 27, 9, 32] 674.6639584349638 3600002.098061
-- 
Instance 1
seed: 1464105710540
--
SHC: [6, 25, 39, 31, 39, 31, 24, 10, 47, 50, 2, 10, 38, 12, 32, 22, 48, 48, 46, 36, 5, 8, 31, 44, 39, 32, 44, 34, 26, 23, 20, 30, 4, 5, 41, 48, 33, 34, 11, 10, 13, 36, 46, 42, 37, 25, 41, 47, 25, 11] 834.3762851313627 3600001.907865
SA: [26, 25, 17, 37, 36, 15, 47, 17, 20, 40, 50, 44, 25, 33, 36, 31, 42, 8, 14, 42, 41, 3, 34, 1, 38, 38, 18, 24, 28, 45, 22, 23, 42, 22, 19, 7, 11, 38, 21, 38, 48, 19, 19, 39, 34, 40, 15, 1, 25, 50] 841.0158820214031 3600348.412761
CLO: [11, 26, 11, 28, 16, 17, 1, 38, 6, 8, 24, 28, 21, 12, 17, 4, 23, 20, 9, 24, 8, 47, 16, 6, 42, 8, 38, 46, 46, 17, 23, 27, 27, 28, 11, 31, 34, 19, 42, 49, 22, 38, 30, 11, 17, 35, 24, 14, 38, 43] 741.186140135486 3600001.860318
-- 
Instance 2
seed: 1464116585189
--
SHC: [19, 19, 48, 3, 27, 43, 32, 42, 42, 22, 18, 10, 8, 39, 45, 10, 6, 13, 39, 30, 39, 50, 35, 30, 34, 48, 13, 43, 41, 50, 46, 29, 45, 46, 2, 28, 17, 21, 18, 28, 38, 47, 47, 20, 7, 43, 26, 44, 20, 5] 839.9666903422033 3600000.184251
SA: [6, 38, 28, 20, 13, 23, 9, 29, 20, 10, 31, 1, 34, 33, 20, 28, 21, 35, 10, 18, 27, 9, 36, 43, 11, 25, 39, 35, 24, 6, 23, 43, 35, 38, 3, 40, 3, 36, 38, 5, 17, 36, 2, 45, 30, 49, 3, 12, 6, 29] 877.0609622187067 3600347.0233
CLO: [36, 37, 50, 27, 8, 30, 48, 30, 14, 22, 23, 6, 27, 42, 37, 39, 36, 49, 31, 11, 23, 48, 8, 9, 36, 23, 17, 41, 18, 17, 13, 37, 14, 30, 47, 50, 34, 48, 29, 33, 18, 25, 17, 29, 30, 8, 16, 40, 39, 35] 688.950547257465 3600002.596458
-- 
Instance 3
seed: 1464127468815
--
SHC: [15, 23, 43, 10, 28, 12, 42, 37, 3, 23, 5, 31, 50, 39, 18, 32, 4, 5, 18, 16, 15, 9, 17, 14, 29, 4, 35, 44, 26, 26, 32, 17, 9, 36, 45, 1, 38, 34, 24, 49, 35, 38, 18, 45, 27, 46, 29, 24, 10, 16] 867.6635948849109 3600002.253654
SA: [49, 47, 29, 31, 47, 15, 39, 9, 20, 49, 22, 36, 38, 33, 16, 15, 7, 40, 16, 19, 8, 13, 49, 49, 17, 29, 19, 31, 28, 47, 19, 2, 40, 24, 36, 38, 42, 29, 7, 34, 35, 7, 22, 47, 38, 22, 14, 25, 39, 35] 843.5405151407039 3600199.714667
CLO: [21, 27, 26, 28, 17, 26, 25, 31, 3, 37, 19, 17, 20, 19, 1, 12, 4, 27, 8, 21, 39, 3, 6, 16, 15, 47, 32, 46, 19, 50, 36, 13, 2, 50, 41, 9, 43, 20, 9, 1, 18, 38, 34, 29, 9, 29, 12, 33, 38, 11] 752.5816993078104 3600003.679082
-- 
Instance 4
seed: 1464138364416
--
SHC: [14, 30, 48, 10, 7, 5, 19, 32, 50, 19, 36, 2, 41, 30, 2, 28, 3, 16, 29, 17, 28, 50, 16, 16, 10, 12, 29, 17, 5, 29, 42, 40, 50, 31, 49, 7, 45, 4, 38, 45, 33, 31, 48, 3, 12, 36, 26, 23, 17, 12] 891.7140708220237 3600000.520149
SA: [9, 3, 10, 38, 48, 15, 14, 1, 48, 27, 2, 40, 39, 39, 29, 7, 47, 38, 16, 39, 34, 30, 3, 3, 26, 7, 25, 9, 5, 29, 12, 5, 40, 17, 47, 33, 7, 24, 9, 17, 5, 38, 24, 5, 35, 44, 25, 10, 19, 29] 857.7451747806198 3600095.674323
CLO: [48, 14, 33, 36, 39, 17, 26, 3, 37, 18, 22, 12, 9, 41, 24, 12, 39, 41, 45, 15, 1, 9, 47, 19, 16, 5, 15, 26, 36, 42, 22, 16, 2, 26, 2, 32, 29, 29, 14, 39, 20, 28, 22, 34, 36, 5, 40, 49, 31, 9] 688.75035657933 3600004.499723
-- 
Instance 5
seed: 1464149251991
--
SHC: [37, 12, 18, 36, 31, 47, 17, 27, 13, 20, 5, 3, 13, 41, 31, 22, 43, 44, 30, 29, 31, 25, 11, 31, 34, 12, 48, 43, 46, 12, 49, 11, 31, 22, 38, 35, 24, 12, 41, 40, 49, 46, 27, 27, 32, 45, 36, 29, 43, 20] 899.2019115652816 3600000.020853
SA: [36, 27, 44, 42, 30, 3, 19, 33, 29, 6, 35, 32, 2, 22, 9, 22, 4, 33, 37, 20, 18, 43, 8, 29, 19, 35, 42, 45, 20, 23, 7, 36, 3, 2, 23, 23, 30, 30, 16, 43, 31, 33, 29, 4, 28, 33, 16, 39, 2, 17] 869.4944400698485 3600541.498945
CLO: [17, 30, 38, 25, 27, 45, 9, 47, 35, 23, 38, 45, 8, 30, 35, 38, 49, 2, 39, 2, 32, 7, 4, 42, 19, 15, 35, 16, 1, 22, 19, 3, 40, 14, 1, 44, 45, 9, 18, 22, 49, 26, 20, 23, 15, 14, 15, 15, 40, 35] 687.6419478788612 3600004.972569
-- 
Instance 6
seed: 1464160108705
--
SHC: [27, 47, 22, 25, 24, 47, 17, 14, 1, 7, 12, 31, 9, 22, 8, 37, 34, 42, 41, 7, 9, 18, 27, 38, 5, 4, 45, 10, 36, 16, 46, 6, 20, 37, 43, 9, 45, 36, 18, 41, 40, 39, 39, 28, 43, 35, 36, 16, 49, 20] 912.1715238783557 3600004.698354
SA: [42, 41, 20, 12, 2, 36, 17, 31, 46, 32, 25, 21, 41, 9, 17, 30, 35, 28, 38, 24, 32, 8, 3, 33, 35, 8, 45, 20, 21, 45, 22, 15, 27, 48, 28, 20, 45, 22, 50, 50, 30, 5, 16, 16, 17, 5, 25, 25, 21, 6] 845.475053927267 3600010.151437
CLO: [37, 9, 17, 41, 12, 20, 27, 45, 5, 13, 20, 21, 4, 11, 1, 25, 10, 28, 11, 19, 12, 34, 35, 18, 4, 10, 40, 48, 10, 41, 24, 5, 44, 10, 20, 18, 33, 27, 31, 23, 6, 44, 41, 42, 50, 23, 8, 11, 46, 2] 763.776357128175 3600000.780318
-- 
Instance 7
seed: 1464170968991
--
SHC: [27, 49, 1, 35, 7, 16, 9, 24, 10, 37, 46, 8, 50, 49, 11, 37, 47, 11, 38, 18, 19, 33, 22, 13, 31, 3, 38, 12, 37, 39, 26, 24, 20, 4, 32, 28, 37, 8, 20, 30, 38, 35, 20, 9, 38, 38, 19, 43, 41, 21] 868.4264965126802 3600003.375178
SA: [29, 35, 5, 30, 30, 41, 18, 9, 21, 42, 7, 42, 47, 22, 47, 2, 36, 23, 47, 15, 1, 29, 30, 12, 7, 40, 38, 10, 45, 2, 4, 34, 6, 47, 36, 34, 3, 38, 4, 5, 5, 15, 41, 41, 40, 42, 44, 6, 25, 16] 889.7461765657179 3600071.544135
CLO: [24, 33, 23, 21, 35, 29, 16, 28, 1, 32, 25, 20, 6, 45, 50, 34, 8, 43, 18, 12, 36, 20, 28, 8, 18, 27, 50, 35, 36, 40, 50, 3, 28, 36, 12, 24, 49, 39, 44, 13, 2, 44, 29, 24, 8, 34, 41, 25, 34, 3] 699.582883801327 3600004.880764
-- 
Instance 8
seed: 1464181844774
--
SHC: [21, 6, 46, 18, 41, 1, 12, 46, 12, 38, 8, 10, 26, 1, 50, 46, 50, 15, 47, 29, 40, 34, 37, 31, 5, 14, 28, 44, 3, 20, 25, 15, 3, 22, 25, 16, 29, 12, 7, 3, 24, 26, 46, 10, 18, 26, 32, 10, 21, 9] 833.3456216744576 3600004.806385
SA: [39, 2, 49, 48, 28, 11, 9, 39, 26, 4, 12, 11, 33, 7, 30, 41, 25, 2, 24, 40, 19, 36, 39, 14, 23, 32, 24, 21, 43, 42, 14, 30, 21, 50, 35, 25, 21, 13, 42, 17, 15, 6, 1, 12, 6, 31, 16, 37, 12, 25] 886.3896193511441 3600265.898026
CLO: [46, 17, 10, 39, 21, 3, 13, 20, 29, 30, 15, 48, 27, 17, 44, 46, 49, 37, 16, 16, 44, 21, 31, 33, 20, 6, 49, 23, 45, 19, 1, 45, 39, 46, 50, 26, 15, 45, 23, 42, 11, 43, 7, 49, 27, 7, 48, 30, 13, 38] 746.41319590813 3600002.506951
-- 
Instance 9
seed: 1464192730104
--
SHC: [49, 3, 41, 16, 11, 24, 32, 37, 42, 31, 43, 34, 34, 35, 13, 24, 16, 41, 18, 25, 34, 35, 36, 1, 4, 31, 14, 6, 46, 30, 45, 9, 47, 16, 20, 39, 14, 28, 47, 24, 40, 6, 18, 45, 24, 10, 35, 43, 48, 50] 893.1798422173412 3600003.494118
SA: [36, 41, 19, 7, 43, 25, 14, 18, 45, 13, 41, 5, 27, 6, 23, 32, 41, 34, 47, 14, 3, 30, 10, 23, 21, 26, 13, 13, 15, 40, 20, 36, 30, 24, 18, 39, 16, 12, 19, 31, 36, 34, 11, 2, 25, 34, 28, 1, 30, 36] 855.3709693512667 3600031.977291
CLO: [38, 44, 7, 3, 22, 2, 24, 43, 47, 17, 44, 8, 32, 23, 27, 24, 23, 1, 11, 36, 4, 37, 19, 42, 36, 3, 43, 22, 49, 32, 14, 43, 9, 27, 20, 9, 31, 18, 33, 7, 12, 47, 5, 41, 41, 18, 27, 45, 35, 5] 665.9082014845599 3600002.527994
-- Summary -- 
*SHC*
Found PNE: 0/10
Approx Average: 873.6134555480949
*SA*
Found PNE: 0/10
Approx Average: 858.385911549561
*CLO*
Found PNE: 0/10
Approx Average: 710.9455287916106
