Number of instances: 10
Game: Normal Form Game
Players: 100
Actions: 50
Metaheuristics time: 3600
-- 
Instance 0
seed: 1464094856401
--
SHC: [23, 5, 37, 9, 10, 7, 2, 30, 28, 27, 24, 7, 7, 36, 27, 25, 41, 3, 27, 39, 16, 29, 37, 27, 32, 5, 7, 36, 23, 12, 7, 45, 48, 26, 35, 43, 36, 32, 26, 16, 13, 40, 21, 23, 17, 48, 12, 15, 19, 18, 38, 48, 42, 26, 9, 32, 24, 32, 23, 36, 22, 44, 20, 43, 10, 49, 41, 33, 23, 27, 12, 36, 26, 7, 30, 45, 13, 17, 34, 26, 1, 30, 44, 32, 16, 1, 30, 34, 16, 35, 25, 38, 26, 8, 10, 30, 28, 14, 42, 10] 1656.7078467741271 3600003.627256
SA: [33, 44, 34, 12, 39, 41, 21, 35, 19, 8, 38, 19, 45, 22, 3, 6, 17, 21, 31, 2, 18, 25, 15, 1, 14, 46, 19, 14, 11, 8, 18, 18, 14, 21, 13, 44, 11, 23, 3, 34, 18, 44, 20, 16, 26, 32, 22, 35, 41, 11, 24, 11, 34, 35, 32, 33, 33, 25, 15, 8, 43, 42, 50, 44, 15, 27, 45, 14, 2, 49, 43, 37, 5, 19, 45, 20, 23, 45, 13, 32, 19, 23, 49, 38, 17, 31, 40, 22, 47, 9, 28, 5, 12, 44, 22, 40, 2, 49, 1, 29] 1568.6911265227698 3600762.223122
CLO: [49, 39, 23, 41, 19, 2, 34, 5, 47, 46, 37, 16, 24, 48, 17, 40, 18, 47, 9, 41, 18, 25, 34, 25, 28, 8, 13, 15, 44, 5, 46, 13, 20, 20, 25, 13, 46, 25, 41, 32, 2, 14, 40, 11, 23, 22, 49, 14, 2, 42, 50, 41, 20, 20, 50, 23, 31, 21, 14, 45, 14, 24, 37, 11, 31, 12, 46, 42, 41, 44, 26, 40, 24, 26, 49, 4, 47, 30, 33, 40, 8, 5, 30, 44, 24, 48, 31, 22, 25, 2, 30, 4, 26, 10, 44, 21, 50, 31, 23, 50] 1433.9303839321874 3600008.731085
-- 
Instance 1
seed: 1464116715123
--
SHC: [46, 46, 21, 2, 31, 29, 24, 37, 29, 43, 28, 41, 6, 44, 31, 48, 15, 23, 9, 36, 16, 43, 49, 29, 42, 5, 43, 15, 10, 36, 27, 14, 30, 23, 40, 49, 16, 22, 11, 2, 20, 39, 12, 31, 5, 15, 16, 14, 4, 12, 44, 19, 41, 30, 2, 23, 48, 38, 47, 39, 21, 34, 17, 6, 31, 13, 18, 46, 14, 2, 17, 2, 45, 36, 23, 15, 6, 29, 40, 30, 31, 32, 32, 36, 25, 8, 44, 10, 40, 33, 22, 45, 33, 36, 24, 15, 30, 33, 5, 42] 1581.0811920042634 3600014.865388
SA: [37, 32, 38, 31, 12, 2, 27, 41, 3, 11, 27, 23, 5, 48, 7, 15, 4, 23, 29, 35, 22, 31, 36, 28, 43, 47, 50, 47, 39, 20, 26, 44, 44, 40, 45, 12, 10, 43, 36, 3, 23, 29, 27, 40, 5, 18, 24, 29, 8, 2, 8, 29, 10, 16, 2, 11, 43, 37, 24, 39, 15, 26, 49, 11, 9, 12, 12, 45, 8, 46, 45, 31, 12, 19, 11, 39, 27, 35, 45, 12, 34, 31, 37, 5, 20, 4, 10, 4, 17, 5, 20, 42, 44, 34, 41, 2, 47, 44, 50, 13] 1525.6107045438548 3600129.411109
CLO: [10, 43, 31, 46, 31, 25, 17, 47, 13, 34, 20, 45, 34, 35, 29, 20, 29, 41, 1, 30, 12, 4, 36, 45, 36, 45, 39, 45, 40, 37, 5, 8, 43, 14, 33, 3, 42, 40, 45, 23, 14, 16, 33, 40, 10, 4, 31, 41, 20, 39, 29, 49, 34, 15, 16, 4, 34, 40, 16, 2, 24, 49, 35, 31, 24, 32, 40, 41, 24, 16, 38, 22, 37, 39, 19, 10, 21, 18, 6, 24, 8, 48, 20, 37, 27, 25, 35, 27, 45, 48, 40, 27, 46, 48, 5, 46, 42, 29, 9, 21] 1385.3391622715756 3600005.658991
-- 
Instance 2
seed: 1464138591571
--
SHC: [22, 24, 47, 46, 44, 46, 33, 34, 45, 5, 6, 32, 47, 42, 31, 11, 27, 6, 18, 26, 34, 19, 45, 44, 19, 49, 17, 34, 20, 44, 37, 48, 50, 7, 40, 35, 46, 41, 38, 13, 45, 11, 17, 6, 19, 18, 26, 17, 34, 18, 19, 47, 1, 46, 29, 26, 36, 7, 1, 45, 39, 30, 13, 2, 39, 27, 45, 42, 45, 39, 1, 28, 9, 39, 42, 4, 46, 31, 11, 37, 48, 4, 24, 31, 26, 45, 11, 49, 4, 43, 19, 2, 37, 16, 9, 34, 31, 26, 12, 36] 1591.875799614671 3600005.487735
SA: [40, 24, 17, 29, 10, 38, 17, 40, 4, 1, 36, 40, 33, 4, 18, 17, 2, 6, 25, 28, 6, 47, 8, 29, 31, 12, 5, 35, 18, 10, 34, 17, 29, 37, 8, 16, 17, 41, 38, 50, 44, 23, 40, 31, 31, 14, 19, 23, 45, 49, 14, 42, 45, 48, 41, 16, 18, 6, 1, 22, 10, 3, 16, 22, 3, 43, 45, 8, 26, 24, 12, 33, 19, 31, 36, 34, 25, 49, 8, 10, 6, 46, 43, 49, 39, 19, 40, 44, 18, 19, 44, 10, 38, 36, 23, 43, 4, 2, 28, 18] 1434.8320335834558 3601078.439276
CLO: [30, 9, 12, 34, 14, 42, 3, 5, 36, 16, 29, 5, 46, 32, 17, 31, 29, 42, 40, 15, 27, 50, 31, 9, 28, 25, 28, 45, 13, 30, 1, 7, 12, 42, 34, 38, 15, 39, 15, 27, 49, 44, 1, 14, 43, 33, 6, 30, 27, 12, 12, 36, 24, 11, 26, 9, 14, 6, 28, 5, 12, 31, 46, 47, 28, 43, 14, 49, 38, 46, 1, 5, 50, 25, 32, 34, 47, 44, 6, 13, 38, 19, 19, 32, 37, 20, 22, 14, 21, 35, 45, 47, 25, 8, 30, 37, 14, 32, 26, 40] 1389.6304311843273 3600007.738756
-- 
Instance 3
seed: 1464160544184
--
SHC: [9, 28, 20, 17, 25, 43, 17, 32, 9, 26, 37, 3, 8, 14, 22, 35, 28, 34, 46, 38, 49, 11, 8, 47, 48, 16, 31, 23, 32, 45, 24, 32, 30, 50, 39, 37, 11, 8, 11, 44, 37, 15, 4, 2, 28, 42, 11, 11, 23, 47, 3, 27, 10, 18, 45, 19, 50, 11, 35, 30, 14, 9, 49, 45, 22, 50, 36, 13, 4, 9, 37, 34, 18, 26, 28, 48, 13, 4, 35, 8, 9, 12, 5, 18, 17, 31, 11, 5, 32, 20, 23, 49, 49, 38, 30, 12, 31, 8, 45, 35] 1656.1955978545204 3600000.338299
SA: [15, 37, 26, 45, 29, 26, 48, 47, 36, 11, 50, 27, 48, 19, 44, 3, 11, 42, 43, 21, 33, 20, 11, 15, 15, 20, 26, 1, 31, 22, 5, 24, 14, 4, 38, 43, 5, 14, 24, 25, 23, 3, 22, 8, 1, 8, 23, 6, 41, 22, 11, 30, 46, 47, 8, 25, 42, 30, 18, 5, 9, 20, 14, 45, 50, 39, 37, 27, 3, 38, 19, 15, 31, 22, 17, 45, 32, 15, 43, 34, 24, 32, 21, 36, 30, 49, 11, 17, 46, 37, 41, 9, 4, 35, 47, 32, 50, 26, 28, 30] 1546.3542963749917 3600151.374646
CLO: [46, 48, 34, 28, 44, 19, 5, 31, 6, 36, 22, 47, 32, 18, 9, 28, 48, 17, 47, 24, 30, 22, 32, 33, 20, 32, 20, 40, 12, 12, 41, 10, 15, 44, 22, 30, 28, 22, 2, 23, 28, 5, 16, 35, 34, 35, 22, 32, 36, 16, 39, 9, 49, 26, 3, 20, 16, 16, 41, 38, 17, 14, 16, 8, 15, 13, 40, 45, 14, 7, 4, 27, 24, 2, 18, 37, 41, 12, 25, 1, 50, 39, 5, 18, 35, 16, 9, 17, 40, 2, 48, 15, 31, 13, 33, 25, 48, 5, 9, 50] 1430.2382950980527 3600006.618805
-- 
Instance 4
seed: 1464182559043
--
SHC: [42, 28, 12, 30, 13, 4, 29, 42, 26, 49, 39, 44, 41, 49, 4, 16, 18, 14, 4, 41, 46, 40, 6, 1, 2, 46, 28, 44, 5, 6, 24, 43, 46, 3, 22, 44, 25, 1, 18, 19, 43, 45, 25, 46, 38, 45, 44, 40, 47, 17, 20, 15, 45, 44, 19, 14, 18, 2, 34, 28, 16, 3, 10, 29, 44, 10, 23, 4, 31, 45, 46, 38, 45, 30, 32, 27, 6, 35, 4, 29, 50, 42, 23, 4, 21, 17, 9, 47, 29, 36, 5, 27, 12, 25, 15, 50, 50, 28, 10, 21] 1581.2513480011003 3600002.654977
SA: [22, 41, 49, 20, 13, 24, 39, 12, 7, 17, 5, 29, 19, 30, 11, 34, 28, 30, 29, 8, 11, 48, 18, 5, 2, 48, 27, 46, 44, 2, 39, 49, 15, 4, 31, 42, 10, 2, 40, 32, 36, 41, 25, 2, 49, 47, 41, 17, 49, 26, 5, 3, 29, 50, 40, 40, 36, 5, 37, 7, 49, 25, 6, 5, 23, 8, 42, 2, 30, 21, 13, 1, 24, 32, 5, 4, 34, 42, 43, 45, 18, 21, 3, 20, 24, 47, 27, 2, 38, 30, 30, 22, 32, 15, 27, 39, 29, 11, 44, 24] 1547.5020397368448 3600183.045119
CLO: [25, 44, 48, 19, 38, 16, 50, 49, 18, 20, 2, 14, 45, 42, 11, 44, 6, 47, 18, 19, 2, 17, 42, 21, 15, 15, 26, 30, 29, 7, 45, 10, 1, 39, 8, 25, 41, 13, 11, 44, 7, 24, 36, 3, 22, 48, 30, 29, 29, 26, 34, 32, 41, 34, 45, 49, 36, 2, 31, 18, 1, 2, 42, 47, 31, 35, 34, 2, 45, 23, 21, 1, 33, 18, 28, 21, 5, 31, 10, 1, 13, 2, 8, 19, 5, 50, 14, 15, 10, 35, 7, 17, 8, 10, 33, 24, 23, 12, 41, 14] 1465.419932666094 3600004.191634
-- 
Instance 5
seed: 1464204562786
--
SHC: [11, 19, 13, 31, 3, 12, 28, 2, 33, 21, 37, 31, 43, 18, 38, 22, 40, 6, 26, 31, 25, 35, 10, 31, 15, 43, 9, 49, 9, 3, 46, 8, 37, 26, 44, 40, 48, 35, 31, 10, 24, 15, 18, 3, 16, 17, 41, 40, 13, 38, 4, 23, 15, 1, 50, 21, 15, 6, 40, 23, 26, 41, 23, 1, 28, 15, 10, 47, 42, 30, 28, 44, 29, 36, 41, 48, 40, 46, 23, 28, 28, 2, 24, 38, 36, 8, 16, 28, 48, 27, 6, 43, 25, 31, 50, 23, 45, 3, 3, 41] 1382.4588695107311 3600001.450197
SA: [11, 6, 2, 50, 21, 35, 21, 36, 23, 9, 27, 23, 45, 16, 1, 23, 46, 28, 46, 1, 49, 16, 35, 16, 31, 8, 39, 21, 10, 29, 50, 43, 8, 15, 30, 18, 13, 35, 46, 42, 27, 26, 31, 38, 7, 18, 15, 49, 1, 11, 32, 32, 1, 31, 5, 7, 46, 16, 17, 21, 10, 18, 2, 22, 13, 33, 4, 5, 28, 10, 44, 3, 14, 48, 17, 6, 6, 39, 2, 50, 42, 5, 4, 38, 35, 17, 50, 42, 4, 39, 48, 31, 21, 17, 20, 43, 46, 24, 41, 16] 1555.7869827361212 3600976.780746
CLO: [12, 27, 9, 17, 48, 12, 34, 1, 45, 42, 46, 32, 22, 29, 8, 29, 41, 41, 50, 5, 37, 23, 39, 37, 10, 38, 40, 26, 40, 15, 38, 46, 9, 27, 44, 9, 13, 23, 18, 26, 38, 40, 17, 37, 35, 49, 49, 27, 24, 29, 6, 36, 18, 27, 13, 46, 22, 41, 13, 47, 45, 18, 15, 40, 29, 50, 22, 25, 8, 42, 6, 2, 30, 16, 43, 32, 30, 27, 29, 6, 8, 28, 39, 40, 41, 8, 25, 18, 38, 46, 23, 36, 35, 30, 37, 19, 9, 2, 13, 30] 1369.2879225507625 3600006.547726
-- 
Instance 6
seed: 1464226572832
--
SHC: [32, 33, 20, 48, 22, 47, 45, 2, 21, 41, 23, 31, 30, 40, 3, 19, 49, 17, 18, 32, 8, 1, 4, 19, 25, 34, 44, 44, 16, 30, 13, 33, 12, 9, 27, 41, 43, 42, 13, 16, 14, 37, 11, 5, 28, 39, 42, 17, 33, 6, 8, 13, 32, 34, 21, 10, 41, 14, 14, 5, 49, 49, 16, 39, 36, 39, 16, 30, 33, 34, 18, 29, 27, 42, 4, 3, 33, 45, 49, 26, 2, 49, 14, 13, 13, 33, 25, 23, 3, 16, 18, 7, 20, 15, 30, 11, 40, 10, 24, 17] 1650.5641356173237 3600011.333408
SA: [32, 1, 45, 28, 41, 12, 43, 29, 30, 19, 5, 28, 9, 11, 5, 46, 19, 20, 15, 29, 10, 40, 26, 24, 12, 28, 45, 45, 16, 49, 42, 11, 44, 5, 11, 44, 8, 49, 12, 40, 30, 31, 36, 6, 39, 49, 24, 9, 6, 48, 26, 2, 35, 2, 2, 48, 41, 21, 12, 12, 5, 28, 5, 27, 34, 40, 5, 18, 37, 21, 16, 18, 16, 40, 8, 15, 7, 41, 8, 18, 43, 8, 21, 32, 14, 34, 31, 22, 33, 13, 21, 1, 2, 8, 7, 16, 11, 6, 4, 15] 1517.0378754930348 3600849.376346
CLO: [14, 37, 13, 24, 13, 48, 7, 43, 34, 30, 38, 12, 10, 29, 49, 50, 47, 34, 15, 17, 6, 6, 9, 26, 27, 26, 30, 46, 48, 16, 46, 19, 32, 36, 39, 2, 24, 6, 33, 18, 3, 24, 21, 29, 44, 7, 6, 4, 46, 17, 46, 11, 4, 50, 40, 42, 8, 43, 42, 26, 28, 28, 40, 30, 11, 44, 6, 22, 46, 27, 19, 4, 37, 9, 47, 15, 49, 20, 5, 14, 37, 35, 33, 27, 31, 28, 13, 4, 28, 19, 18, 30, 19, 6, 13, 48, 23, 31, 24, 40] 1328.9253425664224 3600002.099949
-- 
Instance 7
seed: 1464248436318
--
SHC: [44, 28, 45, 4, 1, 12, 12, 36, 5, 20, 30, 42, 49, 36, 40, 33, 8, 33, 11, 29, 4, 43, 7, 9, 31, 14, 7, 36, 1, 14, 24, 31, 21, 42, 47, 31, 17, 11, 3, 26, 8, 42, 3, 10, 8, 39, 16, 10, 25, 27, 7, 3, 4, 38, 49, 12, 16, 12, 8, 20, 5, 23, 35, 42, 33, 25, 6, 20, 38, 11, 3, 1, 30, 26, 23, 44, 25, 48, 44, 39, 36, 27, 7, 34, 7, 22, 37, 38, 11, 13, 38, 11, 7, 27, 19, 8, 8, 9, 33, 38] 1519.3992103136975 3600008.047649
SA: [12, 16, 32, 40, 5, 3, 29, 33, 25, 2, 31, 39, 6, 8, 18, 25, 29, 7, 41, 46, 40, 5, 17, 28, 41, 10, 35, 32, 10, 45, 22, 47, 33, 19, 13, 18, 49, 10, 23, 35, 5, 19, 3, 43, 21, 33, 34, 37, 27, 13, 41, 48, 39, 45, 32, 23, 7, 21, 25, 24, 50, 20, 48, 50, 26, 38, 10, 50, 15, 19, 33, 15, 14, 36, 39, 42, 30, 9, 26, 16, 31, 38, 18, 26, 29, 35, 41, 29, 36, 43, 39, 3, 4, 35, 39, 24, 48, 16, 31, 14] 1618.8766249590535 3601019.760009
CLO: [20, 48, 25, 44, 30, 23, 17, 36, 33, 32, 46, 1, 50, 36, 2, 3, 37, 23, 27, 37, 6, 42, 44, 28, 39, 18, 36, 14, 33, 26, 25, 21, 4, 42, 14, 9, 27, 9, 39, 16, 11, 12, 50, 14, 1, 42, 43, 12, 14, 6, 23, 21, 44, 13, 27, 30, 21, 50, 12, 25, 2, 14, 23, 44, 37, 47, 2, 18, 6, 45, 39, 28, 47, 41, 43, 50, 14, 34, 3, 47, 9, 29, 22, 22, 26, 15, 13, 27, 27, 25, 29, 1, 37, 8, 3, 50, 3, 20, 49, 10] 1447.5483963426764 3600020.735991
-- 
Instance 8
seed: 1464270316452
--
SHC: [43, 33, 21, 36, 5, 4, 13, 11, 2, 34, 7, 3, 23, 18, 31, 11, 41, 2, 47, 4, 28, 26, 37, 31, 36, 48, 6, 39, 14, 29, 39, 47, 10, 28, 33, 9, 28, 14, 36, 3, 7, 9, 33, 23, 33, 10, 44, 5, 19, 26, 32, 15, 15, 32, 15, 32, 39, 47, 14, 14, 1, 37, 16, 28, 6, 15, 50, 42, 24, 32, 24, 22, 28, 24, 48, 8, 34, 50, 1, 39, 41, 1, 48, 13, 3, 3, 18, 21, 14, 6, 8, 16, 28, 6, 24, 46, 37, 44, 50, 26] 1554.1950776495664 3600000.977625
SA: [33, 27, 31, 15, 32, 39, 2, 44, 31, 24, 47, 15, 1, 39, 10, 22, 23, 37, 19, 21, 6, 34, 15, 30, 41, 14, 17, 35, 17, 32, 27, 9, 43, 1, 42, 10, 12, 49, 25, 18, 26, 29, 13, 12, 23, 27, 1, 46, 15, 19, 26, 4, 1, 29, 39, 45, 37, 13, 34, 46, 47, 5, 38, 9, 44, 12, 13, 48, 28, 12, 50, 24, 21, 25, 21, 28, 13, 49, 43, 44, 14, 13, 41, 44, 23, 1, 11, 35, 39, 17, 24, 38, 39, 14, 2, 16, 24, 12, 19, 11] 1541.7854919280028 3600515.554953
CLO: [24, 11, 30, 11, 41, 15, 22, 41, 30, 18, 48, 26, 25, 6, 8, 21, 13, 32, 33, 25, 2, 14, 22, 38, 31, 34, 29, 37, 15, 39, 46, 37, 33, 25, 43, 23, 26, 30, 10, 24, 46, 32, 26, 16, 30, 50, 46, 10, 29, 8, 19, 12, 35, 39, 23, 10, 23, 15, 33, 36, 23, 24, 22, 17, 36, 33, 44, 27, 28, 21, 34, 3, 41, 20, 38, 37, 48, 28, 25, 1, 16, 41, 45, 39, 50, 2, 13, 44, 40, 32, 12, 37, 6, 50, 31, 23, 15, 4, 28, 7] 1411.2329514779465 3600001.528871
-- 
Instance 9
seed: 1464292249795
--
SHC: [12, 27, 27, 35, 45, 30, 42, 44, 13, 17, 44, 5, 14, 31, 37, 50, 35, 5, 10, 19, 24, 44, 43, 25, 29, 2, 29, 45, 42, 40, 31, 43, 11, 22, 33, 33, 25, 27, 24, 22, 1, 35, 36, 12, 20, 20, 12, 6, 34, 26, 31, 25, 37, 28, 24, 42, 24, 48, 29, 17, 27, 30, 39, 10, 1, 45, 34, 45, 7, 15, 46, 26, 25, 3, 45, 50, 46, 27, 48, 4, 4, 2, 38, 7, 12, 17, 30, 44, 26, 49, 31, 33, 46, 33, 27, 21, 7, 20, 4, 13] 1654.0920887456546 3600007.908678
SA: [48, 3, 38, 13, 36, 33, 38, 24, 3, 13, 2, 46, 33, 13, 42, 27, 41, 2, 18, 17, 5, 38, 16, 25, 33, 23, 47, 16, 8, 27, 34, 34, 46, 49, 50, 33, 24, 18, 30, 25, 17, 33, 4, 12, 26, 48, 13, 34, 36, 2, 23, 20, 28, 25, 32, 36, 5, 44, 16, 39, 3, 50, 31, 37, 22, 44, 36, 6, 38, 28, 27, 42, 11, 14, 28, 20, 45, 18, 16, 12, 36, 1, 28, 6, 11, 38, 41, 18, 36, 49, 5, 21, 8, 13, 28, 6, 38, 37, 2, 9] 1529.3145612266433 3600473.316094
CLO: [47, 35, 44, 29, 39, 32, 5, 45, 42, 9, 12, 8, 41, 16, 20, 2, 37, 14, 50, 25, 7, 44, 49, 32, 13, 27, 13, 27, 3, 46, 39, 3, 15, 33, 25, 43, 2, 36, 32, 37, 31, 27, 15, 33, 37, 19, 4, 46, 45, 19, 13, 40, 23, 27, 46, 2, 6, 27, 25, 30, 11, 31, 2, 11, 31, 49, 31, 18, 47, 37, 1, 22, 15, 42, 23, 43, 35, 3, 49, 46, 14, 14, 17, 24, 9, 49, 36, 40, 3, 36, 50, 33, 30, 31, 11, 29, 30, 14, 15, 29] 1386.084198074141 3600009.157848
-- Summary -- 
*SHC*
Found PNE: 0/10
Approx Average: 1582.7821166085655
*SA*
Found PNE: 0/10
Approx Average: 1538.5791737104773
*CLO*
Found PNE: 0/10
Approx Average: 1404.7637016164185
