Number of instances: 10
Game: Normal Form Game
Players: 100
Actions: 50
Metaheuristics time: 600
-- 
Instance 0
seed: 1463994765133
--
SHC: [30, 17, 17, 17, 27, 14, 10, 44, 35, 14, 2, 6, 34, 31, 31, 17, 7, 31, 48, 26, 37, 20, 20, 25, 1, 40, 10, 13, 10, 47, 24, 35, 9, 19, 46, 17, 26, 8, 7, 19, 13, 26, 40, 3, 46, 30, 45, 34, 18, 10, 21, 17, 45, 47, 28, 18, 6, 4, 2, 39, 14, 40, 45, 6, 37, 30, 2, 32, 13, 23, 36, 11, 33, 39, 50, 39, 29, 9, 9, 7, 13, 47, 1, 3, 1, 25, 38, 37, 2, 30, 22, 46, 6, 25, 26, 12, 18, 20, 44, 49] 1645.654073289159 600017.160662
SA: [45, 1, 22, 1, 48, 13, 30, 10, 21, 31, 39, 41, 19, 45, 14, 19, 4, 41, 16, 42, 24, 2, 17, 11, 43, 3, 35, 30, 49, 27, 8, 17, 23, 21, 35, 49, 43, 16, 5, 26, 33, 47, 33, 37, 30, 34, 13, 25, 17, 46, 31, 24, 16, 43, 24, 39, 11, 6, 41, 13, 35, 11, 33, 25, 30, 16, 11, 49, 41, 28, 23, 3, 49, 10, 3, 12, 35, 1, 18, 36, 48, 41, 18, 14, 19, 37, 6, 7, 49, 42, 37, 35, 35, 36, 4, 24, 39, 20, 17, 12] 1603.21777845725 600574.00667
CLO: [49, 36, 45, 46, 39, 41, 10, 3, 46, 49, 4, 5, 41, 41, 34, 7, 22, 1, 39, 1, 48, 41, 27, 41, 43, 46, 36, 6, 4, 42, 34, 26, 4, 20, 28, 38, 37, 22, 17, 2, 18, 29, 33, 35, 30, 45, 20, 31, 28, 49, 15, 45, 34, 19, 34, 15, 28, 42, 1, 16, 23, 41, 29, 39, 1, 19, 10, 48, 32, 23, 10, 26, 7, 11, 23, 6, 24, 46, 2, 19, 35, 33, 17, 43, 26, 21, 14, 5, 24, 30, 26, 1, 17, 35, 41, 14, 29, 40, 4, 11] 1615.7841090183138 600011.799508
-- 
Instance 1
seed: 1463998423295
--
SHC: [33, 5, 47, 37, 47, 33, 22, 14, 39, 34, 12, 17, 1, 40, 41, 42, 47, 50, 14, 43, 41, 35, 37, 13, 22, 26, 25, 11, 18, 14, 47, 32, 25, 18, 50, 33, 24, 3, 24, 2, 43, 25, 40, 8, 24, 28, 25, 14, 20, 31, 47, 26, 47, 25, 28, 14, 42, 32, 48, 25, 14, 25, 43, 10, 17, 3, 40, 14, 15, 19, 36, 19, 49, 36, 33, 40, 34, 11, 32, 31, 23, 9, 31, 32, 42, 3, 10, 40, 6, 33, 29, 27, 44, 38, 11, 41, 40, 41, 41, 14] 1686.4937423859556 600014.121499
SA: [28, 3, 41, 4, 18, 12, 34, 17, 12, 26, 28, 39, 39, 34, 28, 31, 3, 6, 13, 29, 6, 27, 13, 47, 41, 35, 40, 28, 43, 4, 12, 8, 46, 29, 43, 6, 39, 7, 2, 26, 32, 11, 14, 10, 14, 22, 10, 15, 35, 50, 13, 41, 36, 8, 14, 13, 48, 12, 22, 2, 19, 6, 14, 35, 3, 14, 6, 50, 30, 7, 38, 21, 41, 43, 6, 32, 24, 29, 32, 12, 11, 8, 11, 12, 24, 46, 48, 38, 4, 34, 3, 16, 1, 37, 8, 34, 29, 41, 18, 5] 1589.2146273259443 600747.289798
CLO: [34, 33, 49, 49, 32, 3, 22, 25, 19, 31, 30, 46, 38, 2, 42, 11, 42, 27, 49, 49, 10, 39, 37, 44, 28, 25, 40, 19, 36, 38, 23, 39, 7, 21, 30, 21, 49, 7, 6, 49, 37, 13, 50, 29, 25, 34, 25, 20, 19, 16, 6, 32, 18, 2, 22, 32, 44, 9, 50, 34, 30, 2, 49, 3, 21, 33, 44, 6, 4, 30, 3, 17, 43, 6, 17, 34, 5, 32, 4, 4, 43, 38, 31, 12, 44, 22, 33, 49, 19, 41, 8, 42, 28, 49, 12, 1, 1, 5, 27, 37] 1599.1807076778734 600003.675752
-- 
Instance 2
seed: 1464002082603
--
SHC: [24, 28, 23, 12, 43, 43, 30, 27, 27, 35, 44, 15, 43, 5, 34, 24, 7, 14, 48, 22, 26, 16, 44, 11, 9, 23, 34, 17, 3, 46, 33, 2, 7, 25, 1, 1, 30, 17, 47, 32, 20, 34, 3, 7, 18, 41, 49, 1, 8, 1, 25, 10, 30, 47, 38, 42, 20, 43, 15, 36, 1, 45, 6, 33, 17, 44, 37, 28, 30, 12, 35, 1, 39, 8, 26, 9, 4, 39, 14, 30, 9, 25, 36, 44, 46, 21, 2, 42, 11, 17, 26, 6, 18, 3, 3, 13, 16, 28, 38, 47] 1816.2244860957537 600004.527803
SA: [42, 40, 5, 11, 21, 26, 21, 36, 27, 23, 31, 10, 1, 3, 41, 11, 18, 30, 50, 45, 37, 25, 44, 1, 8, 38, 24, 44, 36, 22, 32, 49, 6, 31, 33, 10, 10, 10, 28, 29, 48, 44, 8, 26, 42, 14, 11, 19, 29, 32, 2, 28, 19, 35, 29, 29, 32, 19, 46, 18, 2, 31, 50, 22, 13, 15, 25, 8, 36, 3, 47, 47, 6, 5, 24, 20, 35, 35, 37, 3, 49, 46, 12, 17, 2, 1, 25, 35, 3, 21, 14, 28, 43, 2, 45, 22, 38, 8, 7, 42] 1596.7969387533371 600878.76476
CLO: [25, 21, 42, 24, 11, 12, 24, 15, 45, 10, 15, 43, 34, 41, 15, 34, 16, 3, 31, 6, 8, 14, 10, 26, 24, 10, 32, 38, 1, 50, 11, 25, 40, 15, 6, 39, 41, 14, 32, 36, 18, 12, 19, 12, 17, 44, 19, 42, 39, 23, 1, 1, 33, 47, 34, 11, 43, 36, 20, 6, 5, 4, 7, 1, 2, 47, 1, 32, 27, 46, 17, 16, 41, 39, 37, 11, 22, 41, 2, 38, 17, 47, 8, 19, 49, 30, 15, 38, 28, 16, 42, 30, 19, 22, 21, 25, 28, 23, 29, 44] 1605.8416669850512 600001.980776
-- 
Instance 3
seed: 1464005740205
--
SHC: [18, 8, 6, 34, 38, 31, 49, 34, 12, 43, 37, 10, 24, 18, 37, 11, 37, 6, 35, 22, 8, 32, 24, 10, 3, 17, 19, 27, 49, 45, 38, 3, 36, 41, 2, 15, 44, 4, 13, 1, 10, 20, 50, 26, 17, 11, 37, 41, 35, 50, 22, 2, 12, 17, 9, 3, 31, 48, 11, 30, 39, 14, 43, 31, 39, 18, 45, 41, 22, 31, 22, 44, 6, 20, 13, 30, 11, 30, 12, 15, 14, 25, 23, 39, 42, 11, 40, 3, 29, 31, 38, 43, 33, 6, 36, 31, 15, 19, 28, 8] 1788.9343046424362 600013.32245
SA: [3, 11, 35, 28, 32, 13, 5, 25, 41, 39, 43, 2, 43, 31, 13, 29, 14, 40, 8, 17, 33, 44, 26, 25, 8, 32, 16, 2, 48, 24, 41, 14, 45, 27, 41, 14, 16, 44, 42, 19, 49, 38, 45, 40, 42, 29, 20, 41, 7, 33, 7, 10, 10, 45, 10, 21, 11, 28, 23, 21, 27, 1, 9, 46, 47, 43, 22, 25, 26, 23, 38, 37, 2, 42, 33, 40, 22, 49, 10, 17, 50, 32, 37, 35, 6, 40, 31, 8, 19, 21, 15, 40, 46, 50, 7, 38, 41, 11, 17, 46] 1580.5865367542367 600740.08467
CLO: [23, 40, 1, 16, 2, 23, 42, 13, 31, 8, 48, 43, 10, 49, 4, 37, 44, 15, 33, 19, 9, 7, 30, 6, 3, 37, 47, 15, 6, 24, 46, 29, 38, 20, 2, 26, 5, 13, 29, 33, 28, 44, 49, 12, 29, 21, 28, 34, 20, 9, 42, 38, 26, 14, 29, 29, 21, 15, 28, 30, 37, 34, 34, 25, 12, 4, 7, 16, 50, 27, 2, 10, 11, 5, 34, 26, 28, 17, 30, 23, 18, 32, 24, 37, 37, 23, 17, 39, 38, 27, 37, 23, 16, 40, 33, 31, 28, 21, 11, 17] 1580.4830860815532 600013.784812
-- 
Instance 4
seed: 1464009396998
--
SHC: [30, 39, 10, 9, 18, 40, 25, 37, 5, 14, 30, 15, 34, 4, 32, 44, 23, 5, 22, 11, 37, 35, 38, 29, 4, 42, 22, 17, 48, 33, 8, 50, 3, 2, 50, 20, 42, 9, 46, 23, 2, 7, 25, 1, 8, 27, 44, 49, 46, 37, 27, 6, 21, 48, 33, 14, 37, 34, 31, 35, 28, 24, 39, 16, 2, 3, 4, 40, 22, 2, 18, 46, 27, 50, 31, 14, 35, 25, 36, 2, 36, 40, 34, 32, 36, 7, 22, 25, 45, 14, 8, 20, 42, 44, 40, 16, 22, 44, 18, 1] 1536.569848203709 600009.574767
SA: [37, 17, 32, 43, 47, 40, 8, 31, 9, 30, 46, 12, 40, 39, 46, 32, 50, 5, 26, 34, 50, 45, 2, 47, 5, 26, 16, 7, 45, 41, 23, 31, 27, 39, 19, 35, 9, 26, 18, 5, 5, 3, 35, 1, 15, 26, 11, 26, 12, 29, 25, 20, 29, 15, 44, 35, 3, 18, 30, 31, 39, 47, 19, 27, 4, 50, 10, 42, 27, 38, 22, 2, 3, 44, 24, 25, 37, 11, 45, 38, 47, 27, 6, 35, 16, 22, 44, 39, 45, 17, 21, 48, 18, 1, 5, 29, 33, 13, 18, 8] 1569.5968822397228 600920.85573
CLO: [22, 16, 42, 15, 23, 4, 22, 22, 17, 38, 7, 4, 25, 14, 44, 28, 39, 40, 26, 33, 18, 1, 3, 24, 11, 29, 9, 44, 2, 28, 49, 43, 10, 3, 22, 40, 31, 9, 11, 12, 40, 37, 8, 9, 42, 35, 43, 6, 7, 48, 3, 29, 45, 32, 4, 1, 16, 17, 15, 25, 49, 6, 29, 8, 9, 8, 22, 29, 46, 45, 36, 26, 21, 21, 37, 31, 46, 50, 45, 21, 26, 20, 11, 4, 8, 9, 28, 11, 47, 38, 48, 26, 30, 49, 40, 44, 42, 20, 10, 35] 1600.4062662487322 600014.301138
-- 
Instance 5
seed: 1464013054202
--
SHC: [12, 44, 37, 33, 25, 17, 22, 9, 18, 1, 35, 6, 23, 33, 25, 28, 38, 37, 47, 8, 3, 38, 9, 2, 48, 36, 16, 18, 41, 8, 13, 17, 27, 30, 49, 47, 11, 38, 45, 1, 38, 38, 17, 44, 31, 2, 34, 23, 37, 4, 26, 25, 40, 32, 46, 40, 23, 21, 25, 39, 28, 25, 50, 14, 25, 18, 47, 9, 50, 5, 32, 11, 2, 22, 25, 15, 24, 20, 24, 41, 46, 3, 41, 44, 5, 14, 15, 32, 16, 46, 43, 7, 25, 45, 25, 17, 1, 4, 7, 12] 1791.3169627455766 600002.809843
SA: [6, 27, 42, 20, 2, 41, 15, 39, 48, 47, 46, 38, 45, 12, 27, 15, 18, 39, 12, 4, 35, 41, 48, 44, 30, 38, 11, 9, 8, 17, 40, 16, 16, 47, 24, 1, 44, 39, 17, 50, 34, 36, 6, 6, 1, 37, 46, 27, 22, 40, 41, 50, 20, 43, 20, 26, 48, 13, 22, 38, 41, 23, 14, 21, 24, 44, 45, 28, 30, 5, 23, 8, 38, 44, 14, 9, 20, 33, 7, 26, 8, 44, 37, 4, 30, 46, 9, 43, 15, 12, 14, 14, 38, 40, 48, 35, 3, 44, 46, 36] 1521.6568201922232 600634.562576
CLO: [8, 36, 1, 39, 49, 44, 34, 25, 12, 6, 23, 17, 30, 48, 32, 45, 16, 9, 32, 20, 10, 35, 34, 26, 46, 39, 24, 42, 4, 33, 47, 49, 35, 3, 3, 26, 34, 13, 25, 20, 4, 38, 29, 37, 27, 25, 23, 25, 1, 37, 21, 48, 5, 9, 48, 11, 3, 40, 50, 26, 32, 42, 17, 42, 6, 47, 29, 21, 19, 11, 17, 15, 47, 10, 18, 27, 8, 33, 24, 31, 5, 28, 43, 7, 43, 40, 41, 34, 1, 41, 43, 9, 39, 43, 44, 29, 30, 14, 28, 3] 1629.6179347449927 600012.037847
-- 
Instance 6
seed: 1464016710719
--
SHC: [12, 34, 40, 28, 37, 1, 17, 10, 42, 7, 30, 45, 22, 48, 40, 46, 2, 48, 11, 24, 34, 19, 50, 12, 26, 5, 28, 32, 21, 40, 18, 39, 15, 49, 38, 12, 49, 19, 20, 24, 13, 36, 5, 28, 37, 27, 1, 6, 27, 7, 24, 31, 29, 45, 40, 39, 33, 40, 23, 32, 29, 8, 12, 40, 41, 40, 40, 10, 18, 44, 10, 12, 40, 24, 20, 25, 2, 5, 40, 32, 21, 20, 2, 40, 48, 15, 26, 18, 9, 37, 46, 43, 31, 43, 31, 12, 42, 4, 38, 9] 1699.5963102583432 600012.942853
SA: [48, 44, 17, 18, 40, 46, 17, 10, 19, 15, 49, 16, 10, 50, 11, 49, 38, 21, 19, 30, 26, 35, 49, 32, 35, 24, 41, 18, 49, 28, 42, 48, 49, 14, 25, 33, 35, 30, 25, 26, 16, 1, 47, 29, 33, 34, 10, 11, 2, 49, 39, 8, 3, 47, 19, 13, 13, 20, 16, 49, 1, 49, 47, 12, 32, 18, 14, 23, 20, 21, 6, 33, 41, 35, 32, 47, 12, 15, 9, 36, 44, 45, 33, 33, 15, 6, 4, 24, 32, 30, 47, 31, 28, 28, 9, 16, 3, 11, 27, 40] 1705.162650888598 600482.894553
CLO: [9, 20, 2, 20, 17, 38, 23, 42, 50, 32, 23, 16, 39, 34, 23, 10, 47, 31, 26, 9, 50, 19, 34, 21, 5, 16, 3, 29, 18, 8, 42, 25, 48, 29, 20, 15, 3, 11, 45, 6, 8, 19, 38, 14, 12, 15, 30, 14, 17, 1, 26, 8, 50, 31, 32, 30, 50, 50, 25, 35, 41, 35, 13, 14, 19, 14, 46, 13, 43, 34, 5, 8, 38, 26, 24, 14, 11, 19, 18, 36, 49, 18, 40, 48, 25, 6, 37, 23, 10, 3, 8, 4, 24, 14, 19, 42, 41, 47, 9, 5] 1443.4529054712766 600012.528255
-- 
Instance 7
seed: 1464020367332
--
SHC: [44, 6, 44, 35, 12, 9, 49, 17, 32, 45, 33, 16, 9, 20, 17, 10, 1, 44, 27, 45, 35, 8, 31, 39, 30, 3, 31, 48, 7, 6, 27, 47, 18, 49, 16, 48, 15, 2, 50, 6, 40, 5, 14, 1, 8, 32, 5, 2, 7, 19, 17, 3, 25, 12, 4, 11, 6, 12, 32, 38, 3, 40, 33, 34, 49, 35, 28, 28, 3, 10, 14, 23, 41, 35, 41, 13, 35, 36, 46, 17, 47, 24, 47, 25, 15, 8, 32, 40, 10, 6, 32, 28, 7, 32, 30, 44, 20, 10, 48, 5] 1725.4634301682863 600006.679197
SA: [19, 41, 6, 31, 26, 3, 23, 7, 20, 33, 24, 14, 44, 12, 19, 35, 44, 20, 24, 34, 29, 29, 38, 49, 3, 36, 17, 11, 30, 33, 8, 47, 31, 36, 48, 18, 44, 20, 37, 20, 9, 17, 35, 49, 8, 5, 22, 25, 5, 8, 24, 29, 36, 5, 41, 1, 9, 7, 14, 11, 46, 5, 28, 34, 25, 30, 33, 45, 32, 25, 22, 17, 9, 3, 43, 45, 27, 42, 50, 18, 27, 16, 49, 8, 9, 31, 31, 39, 5, 41, 36, 47, 13, 25, 17, 25, 47, 49, 46, 44] 1567.9280451114396 600839.831557
CLO: [50, 30, 17, 48, 10, 1, 29, 4, 27, 37, 17, 10, 37, 43, 31, 42, 6, 24, 34, 17, 5, 15, 39, 34, 4, 17, 12, 3, 23, 35, 43, 39, 14, 19, 32, 19, 17, 24, 31, 40, 23, 1, 15, 36, 4, 45, 44, 16, 47, 25, 12, 36, 9, 22, 32, 9, 13, 35, 14, 40, 22, 42, 47, 8, 8, 32, 17, 34, 42, 13, 27, 45, 20, 42, 26, 1, 32, 31, 8, 5, 7, 15, 17, 41, 33, 4, 28, 32, 24, 30, 3, 6, 38, 7, 45, 48, 1, 20, 21, 27] 1599.1424010994854 600009.208832
-- 
Instance 8
seed: 1464024024494
--
SHC: [27, 16, 32, 37, 43, 15, 26, 44, 25, 35, 13, 29, 20, 9, 43, 27, 26, 45, 2, 21, 43, 20, 37, 17, 11, 22, 42, 2, 41, 50, 11, 20, 39, 11, 23, 21, 22, 2, 6, 14, 9, 17, 28, 7, 27, 21, 38, 49, 40, 45, 5, 43, 43, 45, 32, 5, 50, 21, 6, 22, 13, 27, 35, 31, 18, 23, 1, 2, 26, 3, 33, 4, 18, 24, 43, 43, 6, 18, 38, 5, 49, 22, 20, 1, 16, 31, 38, 47, 6, 7, 3, 18, 48, 34, 43, 23, 31, 13, 28, 45] 1761.2258367672937 600002.786123
SA: [35, 35, 37, 40, 7, 23, 49, 8, 8, 39, 46, 27, 23, 38, 50, 35, 6, 31, 9, 22, 15, 7, 3, 41, 34, 10, 10, 49, 34, 42, 9, 24, 5, 28, 4, 6, 35, 6, 4, 20, 6, 41, 16, 18, 37, 12, 27, 36, 42, 12, 12, 29, 23, 4, 24, 49, 50, 41, 45, 15, 23, 32, 35, 37, 34, 20, 19, 10, 17, 30, 19, 50, 5, 22, 15, 12, 17, 34, 49, 22, 6, 45, 40, 8, 23, 23, 20, 9, 14, 41, 8, 26, 47, 8, 32, 43, 5, 47, 2, 17] 1591.066126998012 600267.898439
CLO: [41, 44, 21, 4, 33, 37, 13, 16, 44, 42, 3, 9, 35, 3, 25, 41, 28, 50, 24, 1, 21, 39, 35, 22, 10, 29, 17, 11, 26, 44, 11, 37, 21, 49, 50, 44, 20, 24, 13, 30, 21, 46, 26, 49, 22, 4, 35, 29, 48, 46, 13, 47, 50, 24, 2, 21, 25, 6, 6, 14, 13, 31, 50, 29, 45, 44, 48, 36, 8, 47, 49, 40, 46, 33, 26, 43, 44, 15, 10, 32, 28, 48, 44, 38, 46, 40, 29, 28, 40, 48, 40, 14, 28, 30, 36, 34, 45, 29, 5, 40] 1593.6138454998277 600007.51581
-- 
Instance 9
seed: 1464027680346
--
SHC: [8, 10, 11, 40, 36, 27, 30, 24, 10, 5, 29, 46, 24, 49, 32, 23, 17, 20, 14, 36, 33, 12, 42, 15, 12, 47, 36, 22, 10, 17, 24, 42, 50, 9, 9, 25, 27, 32, 15, 19, 28, 1, 5, 22, 1, 3, 32, 3, 43, 30, 50, 44, 43, 32, 2, 18, 5, 47, 6, 45, 49, 21, 20, 49, 8, 7, 29, 17, 17, 30, 27, 34, 19, 30, 36, 2, 10, 36, 42, 9, 17, 24, 19, 44, 2, 40, 3, 4, 36, 12, 27, 36, 4, 36, 32, 41, 21, 47, 44, 21] 1689.3206092203195 600010.750386
SA: [47, 31, 23, 31, 2, 4, 14, 41, 29, 14, 13, 38, 8, 2, 18, 1, 39, 30, 21, 33, 32, 16, 34, 38, 25, 24, 19, 41, 12, 28, 9, 41, 36, 33, 32, 10, 39, 5, 26, 23, 28, 36, 31, 44, 1, 28, 29, 44, 22, 21, 20, 45, 30, 10, 3, 15, 14, 15, 32, 25, 2, 12, 48, 42, 19, 49, 1, 15, 32, 38, 35, 43, 13, 47, 17, 40, 16, 31, 21, 16, 46, 13, 6, 16, 50, 35, 36, 36, 13, 32, 46, 38, 5, 4, 9, 4, 17, 20, 46, 34] 1650.8955732505988 601194.180496
CLO: [10, 2, 15, 31, 14, 30, 11, 7, 45, 29, 24, 48, 35, 23, 49, 5, 24, 32, 20, 1, 32, 21, 19, 26, 45, 4, 8, 31, 36, 45, 49, 46, 40, 9, 10, 30, 31, 34, 43, 12, 25, 24, 5, 23, 38, 32, 34, 26, 6, 5, 8, 13, 33, 22, 46, 35, 11, 40, 26, 11, 36, 29, 48, 2, 34, 47, 4, 19, 5, 41, 44, 31, 29, 34, 13, 33, 21, 47, 43, 9, 49, 24, 47, 7, 34, 27, 42, 21, 23, 5, 25, 2, 37, 39, 29, 12, 1, 29, 4, 19] 1543.1464989828985 600009.964739
-- Summary -- 
*SHC*
Found PNE: 0/10
Approx Average: 1714.0799603776832
*SA*
Found PNE: 0/10
Approx Average: 1597.6121979971363
*CLO*
Found PNE: 0/10
Approx Average: 1581.0669421810003
