Number of instances: 10
Game: Normal Form Game
Players: 200
Actions: 75
Metaheuristics time: 600
-- 
Instance 0
seed: 1463994767160
--
SHC: [42, 1, 7, 15, 38, 56, 59, 68, 45, 31, 43, 55, 58, 29, 69, 28, 59, 61, 10, 52, 37, 47, 67, 59, 57, 28, 69, 9, 37, 17, 66, 20, 54, 46, 5, 66, 33, 13, 16, 24, 20, 46, 26, 74, 5, 63, 12, 36, 16, 54, 50, 18, 43, 70, 17, 2, 34, 62, 46, 17, 64, 13, 10, 62, 54, 53, 11, 19, 13, 33, 45, 75, 17, 3, 29, 40, 8, 13, 56, 13, 7, 43, 17, 33, 33, 24, 48, 26, 31, 70, 35, 39, 43, 12, 20, 8, 51, 27, 34, 41, 59, 9, 62, 28, 12, 38, 59, 57, 62, 4, 19, 35, 5, 61, 9, 9, 15, 54, 42, 57, 60, 68, 46, 15, 48, 16, 31, 5, 20, 54, 23, 9, 26, 13, 20, 38, 57, 29, 52, 28, 57, 8, 48, 70, 65, 56, 36, 74, 14, 51, 3, 4, 28, 28, 14, 60, 18, 60, 70, 13, 11, 45, 70, 12, 51, 62, 66, 4, 57, 10, 31, 18, 2, 35, 14, 11, 55, 2, 38, 43, 59, 32, 17, 66, 27, 28, 63, 65, 42, 39, 13, 66, 61, 23, 75, 54, 28, 30, 75, 48] 3308.6109024255784 600025.230197
SA: [25, 66, 41, 36, 24, 59, 62, 32, 25, 13, 42, 31, 47, 39, 73, 5, 67, 35, 48, 24, 10, 34, 44, 61, 75, 35, 63, 14, 46, 32, 68, 39, 30, 31, 23, 22, 70, 20, 50, 64, 46, 46, 66, 52, 25, 64, 14, 42, 47, 46, 63, 52, 11, 51, 56, 24, 46, 17, 46, 58, 52, 29, 51, 14, 74, 7, 34, 35, 44, 75, 66, 67, 19, 37, 43, 45, 15, 70, 50, 43, 42, 72, 45, 47, 23, 75, 34, 3, 60, 25, 70, 39, 21, 18, 20, 66, 61, 16, 24, 21, 72, 58, 20, 5, 25, 22, 47, 67, 74, 10, 73, 9, 30, 34, 15, 74, 12, 18, 1, 26, 39, 32, 51, 17, 27, 31, 50, 43, 18, 58, 58, 12, 61, 31, 44, 9, 12, 40, 66, 45, 36, 59, 67, 9, 25, 59, 1, 28, 47, 36, 66, 44, 57, 58, 40, 14, 40, 51, 5, 52, 39, 74, 33, 32, 2, 10, 27, 10, 26, 67, 70, 28, 64, 28, 47, 38, 48, 2, 40, 6, 35, 25, 33, 54, 64, 41, 64, 73, 18, 75, 56, 38, 37, 21, 3, 66, 40, 69, 37, 20] 2896.0969036081474 606209.153415
CLO: [24, 7, 1, 71, 17, 20, 17, 44, 45, 41, 40, 35, 2, 24, 53, 47, 71, 12, 45, 62, 12, 10, 61, 19, 75, 1, 37, 6, 9, 40, 53, 68, 47, 55, 15, 51, 65, 70, 39, 49, 54, 74, 40, 31, 24, 13, 8, 67, 56, 74, 52, 38, 2, 70, 9, 50, 67, 6, 11, 52, 62, 33, 49, 19, 42, 52, 33, 75, 50, 56, 56, 63, 58, 8, 32, 42, 19, 19, 60, 57, 5, 17, 70, 15, 72, 14, 31, 49, 16, 58, 7, 65, 50, 25, 74, 3, 70, 75, 20, 25, 75, 65, 26, 12, 52, 70, 63, 37, 31, 36, 30, 53, 40, 8, 29, 11, 38, 33, 5, 71, 62, 23, 56, 40, 26, 13, 6, 42, 39, 71, 2, 20, 74, 71, 27, 57, 16, 71, 25, 64, 58, 33, 31, 40, 6, 45, 37, 17, 3, 35, 62, 64, 64, 69, 43, 48, 57, 32, 66, 71, 54, 49, 51, 50, 13, 22, 32, 44, 51, 63, 34, 10, 28, 13, 57, 74, 20, 45, 20, 22, 3, 23, 48, 46, 23, 73, 43, 38, 3, 63, 47, 12, 33, 52, 17, 29, 67, 66, 51, 56] 3434.2595496054237 600001.440049
-- 
Instance 1
seed: 1463996608961
--
SHC: [34, 75, 54, 44, 50, 18, 73, 61, 41, 22, 68, 18, 63, 36, 17, 37, 74, 24, 74, 37, 16, 44, 3, 13, 31, 52, 19, 65, 69, 30, 26, 28, 42, 67, 20, 56, 61, 73, 59, 74, 25, 72, 26, 13, 62, 54, 66, 19, 56, 6, 12, 19, 64, 28, 47, 57, 36, 58, 55, 75, 31, 34, 68, 6, 35, 40, 8, 61, 24, 17, 34, 22, 57, 2, 23, 15, 58, 20, 55, 14, 48, 51, 35, 14, 43, 25, 74, 13, 19, 71, 71, 27, 47, 33, 33, 30, 53, 12, 6, 73, 46, 36, 49, 44, 24, 57, 75, 58, 66, 15, 37, 1, 9, 57, 14, 11, 31, 35, 13, 47, 54, 9, 25, 64, 43, 15, 14, 8, 38, 13, 26, 20, 35, 69, 27, 50, 23, 49, 13, 24, 57, 66, 73, 10, 29, 74, 45, 37, 51, 30, 63, 49, 50, 52, 71, 10, 66, 6, 61, 11, 43, 52, 48, 38, 28, 58, 17, 16, 46, 64, 27, 9, 57, 45, 46, 63, 23, 7, 66, 33, 38, 39, 14, 48, 71, 19, 46, 20, 41, 47, 74, 40, 36, 71, 18, 69, 43, 57, 24, 59] 3250.739950894841 600042.572471
SA: [69, 40, 73, 45, 54, 35, 70, 30, 59, 45, 16, 52, 40, 47, 17, 23, 24, 27, 4, 51, 11, 21, 51, 54, 21, 15, 42, 45, 56, 22, 21, 72, 67, 4, 7, 2, 62, 20, 64, 43, 34, 11, 68, 11, 4, 58, 10, 18, 51, 32, 74, 53, 23, 54, 45, 22, 70, 46, 15, 4, 19, 32, 18, 45, 19, 14, 22, 40, 67, 68, 62, 57, 34, 36, 42, 23, 21, 56, 28, 41, 75, 17, 23, 27, 33, 4, 35, 54, 4, 22, 17, 71, 71, 43, 30, 18, 4, 5, 3, 41, 32, 52, 29, 15, 47, 23, 34, 57, 10, 17, 51, 19, 39, 51, 46, 4, 35, 41, 64, 58, 39, 34, 4, 75, 37, 27, 12, 69, 32, 17, 55, 12, 44, 17, 1, 31, 61, 7, 41, 13, 55, 29, 37, 75, 46, 48, 51, 31, 69, 74, 11, 5, 35, 65, 58, 5, 70, 41, 62, 32, 55, 18, 5, 42, 12, 9, 51, 3, 68, 4, 24, 59, 68, 34, 56, 1, 16, 50, 75, 44, 40, 35, 17, 19, 49, 44, 47, 28, 75, 70, 32, 73, 2, 27, 62, 66, 26, 31, 68, 56] 2982.06563794066 607400.080476
CLO: [39, 61, 28, 22, 38, 45, 26, 24, 54, 24, 54, 42, 52, 46, 57, 54, 25, 4, 11, 15, 55, 2, 11, 74, 16, 1, 15, 41, 66, 61, 32, 28, 7, 75, 39, 59, 60, 13, 28, 72, 62, 48, 12, 11, 57, 69, 41, 22, 72, 71, 41, 2, 39, 26, 51, 37, 14, 62, 61, 3, 40, 61, 17, 36, 32, 59, 36, 44, 26, 4, 13, 66, 41, 17, 59, 33, 28, 54, 69, 29, 39, 51, 62, 64, 13, 30, 66, 24, 14, 52, 74, 48, 17, 75, 9, 48, 14, 33, 58, 21, 40, 9, 70, 10, 19, 16, 44, 27, 16, 64, 22, 73, 34, 16, 34, 25, 60, 9, 73, 52, 49, 61, 20, 45, 21, 19, 59, 67, 33, 65, 70, 22, 74, 56, 49, 38, 3, 68, 72, 15, 62, 22, 28, 37, 33, 55, 36, 69, 41, 41, 46, 65, 25, 13, 22, 51, 66, 25, 11, 70, 60, 35, 30, 8, 57, 24, 52, 19, 18, 63, 40, 52, 6, 42, 26, 11, 33, 73, 26, 21, 32, 38, 41, 26, 6, 1, 74, 56, 2, 28, 61, 63, 59, 7, 1, 41, 15, 3, 67, 44] 3198.571226802976 600038.408529
-- 
Instance 2
seed: 1463998457884
--
SHC: [52, 17, 68, 22, 50, 28, 61, 6, 72, 39, 25, 32, 67, 55, 42, 59, 26, 15, 23, 67, 26, 59, 45, 8, 36, 25, 35, 55, 61, 33, 75, 17, 30, 3, 44, 12, 1, 29, 18, 41, 74, 1, 20, 54, 14, 1, 61, 74, 58, 53, 29, 45, 14, 56, 31, 2, 57, 49, 47, 45, 6, 66, 47, 68, 15, 16, 63, 53, 23, 23, 7, 62, 8, 69, 4, 61, 29, 28, 17, 64, 12, 38, 37, 47, 67, 43, 11, 28, 30, 39, 64, 24, 7, 3, 9, 69, 4, 35, 61, 66, 7, 44, 72, 48, 9, 25, 67, 30, 61, 60, 57, 48, 39, 39, 52, 73, 28, 10, 22, 39, 15, 71, 55, 60, 60, 70, 36, 34, 25, 59, 28, 27, 40, 5, 50, 38, 63, 46, 42, 43, 20, 39, 61, 56, 58, 15, 62, 46, 69, 74, 47, 5, 56, 22, 20, 29, 9, 19, 40, 23, 61, 72, 26, 37, 35, 1, 28, 73, 36, 72, 71, 47, 7, 34, 63, 31, 64, 25, 26, 47, 56, 72, 65, 5, 10, 47, 12, 19, 7, 39, 44, 11, 47, 8, 25, 33, 62, 42, 34, 54] 3249.1477894545924 600094.503952
SA: [51, 6, 37, 45, 48, 15, 12, 52, 57, 52, 3, 62, 50, 61, 21, 41, 48, 6, 15, 61, 36, 19, 36, 35, 8, 36, 59, 1, 12, 63, 60, 33, 25, 26, 1, 65, 26, 5, 59, 72, 15, 30, 27, 27, 40, 40, 74, 66, 58, 36, 27, 38, 30, 27, 57, 72, 54, 34, 45, 65, 45, 72, 19, 19, 21, 61, 43, 62, 42, 55, 42, 49, 20, 16, 50, 29, 67, 71, 18, 23, 67, 23, 16, 18, 25, 22, 61, 64, 2, 60, 26, 46, 9, 54, 54, 60, 26, 42, 10, 75, 2, 11, 67, 27, 15, 8, 17, 50, 17, 29, 18, 33, 1, 30, 50, 26, 23, 25, 64, 1, 41, 27, 43, 43, 23, 24, 6, 40, 6, 46, 64, 67, 40, 57, 66, 29, 73, 44, 37, 57, 37, 63, 71, 68, 72, 22, 53, 2, 44, 53, 59, 21, 9, 3, 50, 43, 36, 59, 29, 31, 64, 42, 34, 11, 14, 36, 61, 10, 61, 15, 4, 17, 7, 69, 4, 39, 58, 70, 56, 2, 54, 50, 57, 72, 36, 34, 18, 66, 7, 49, 29, 22, 66, 42, 9, 47, 32, 64, 38, 20] 2855.8003569005414 608139.776505
CLO: [14, 41, 68, 40, 54, 69, 38, 53, 41, 52, 46, 30, 3, 49, 48, 6, 70, 56, 36, 21, 31, 17, 71, 6, 36, 16, 19, 6, 4, 42, 5, 23, 15, 8, 46, 59, 40, 8, 10, 39, 24, 34, 56, 33, 41, 9, 66, 65, 32, 9, 1, 36, 69, 37, 13, 37, 70, 22, 44, 68, 63, 39, 30, 54, 7, 69, 59, 68, 73, 55, 32, 23, 7, 47, 57, 1, 41, 34, 16, 14, 11, 38, 10, 52, 73, 22, 4, 68, 4, 28, 73, 49, 23, 18, 27, 4, 35, 26, 21, 44, 54, 54, 2, 19, 32, 10, 4, 15, 49, 61, 31, 74, 30, 10, 60, 45, 47, 70, 65, 55, 2, 18, 45, 35, 71, 68, 55, 68, 51, 7, 71, 27, 55, 45, 67, 4, 44, 7, 70, 9, 72, 19, 12, 39, 53, 63, 74, 27, 15, 25, 72, 31, 42, 26, 44, 67, 49, 51, 54, 49, 33, 7, 65, 11, 42, 12, 11, 74, 68, 51, 49, 32, 37, 9, 52, 32, 28, 21, 1, 21, 64, 5, 24, 56, 69, 43, 47, 66, 37, 25, 66, 35, 69, 21, 69, 5, 21, 42, 60, 41] 3188.988802064862 600093.195703
-- 
Instance 3
seed: 1464000294032
--
SHC: [48, 5, 31, 49, 46, 28, 28, 24, 53, 30, 22, 32, 10, 57, 65, 23, 40, 20, 36, 75, 65, 44, 16, 45, 75, 57, 49, 4, 42, 2, 39, 64, 28, 38, 29, 68, 64, 40, 68, 40, 15, 15, 55, 16, 61, 49, 40, 14, 72, 30, 64, 69, 23, 5, 47, 68, 18, 38, 40, 34, 40, 58, 68, 60, 68, 4, 11, 19, 35, 25, 2, 26, 75, 60, 72, 26, 50, 39, 49, 63, 55, 16, 12, 30, 19, 63, 72, 22, 72, 21, 11, 38, 48, 44, 36, 52, 9, 36, 61, 55, 42, 12, 69, 36, 72, 64, 40, 58, 45, 46, 53, 72, 73, 24, 42, 6, 67, 69, 67, 65, 73, 2, 2, 54, 10, 11, 53, 32, 8, 30, 58, 38, 33, 68, 61, 10, 42, 42, 32, 10, 28, 62, 46, 46, 54, 41, 52, 41, 58, 20, 61, 11, 1, 20, 11, 8, 55, 16, 51, 49, 60, 61, 22, 48, 46, 12, 75, 38, 21, 26, 1, 11, 54, 28, 58, 17, 68, 42, 36, 17, 7, 37, 14, 68, 25, 15, 45, 32, 68, 50, 47, 70, 59, 61, 51, 10, 37, 5, 1, 28] 4309.998125661234 600090.476176
SA: [35, 59, 11, 18, 40, 60, 16, 50, 44, 36, 38, 47, 32, 49, 66, 1, 53, 6, 61, 15, 17, 5, 60, 34, 6, 16, 59, 40, 19, 46, 56, 68, 19, 48, 57, 10, 29, 3, 6, 5, 74, 68, 41, 52, 51, 13, 70, 68, 39, 55, 75, 62, 72, 31, 68, 45, 60, 62, 43, 26, 23, 42, 58, 46, 15, 15, 56, 44, 62, 70, 18, 16, 53, 14, 64, 43, 36, 29, 17, 57, 19, 31, 28, 11, 45, 7, 27, 49, 36, 13, 1, 73, 7, 41, 18, 72, 29, 48, 6, 71, 3, 20, 22, 31, 47, 48, 39, 33, 56, 27, 57, 32, 62, 31, 1, 53, 45, 63, 65, 21, 34, 54, 3, 37, 54, 58, 45, 35, 5, 62, 24, 18, 63, 63, 40, 55, 64, 15, 47, 56, 43, 58, 59, 42, 41, 2, 14, 74, 25, 63, 32, 14, 39, 75, 22, 59, 52, 42, 47, 27, 46, 38, 34, 28, 13, 55, 47, 67, 44, 15, 74, 41, 75, 1, 18, 67, 71, 26, 59, 20, 69, 25, 27, 47, 22, 75, 25, 37, 56, 16, 67, 31, 52, 59, 46, 57, 34, 45, 29, 75] 3037.4567971031042 609073.285533
CLO: [7, 10, 3, 51, 70, 4, 52, 8, 33, 42, 18, 8, 29, 57, 66, 48, 22, 64, 52, 74, 23, 4, 26, 11, 15, 22, 48, 41, 9, 63, 49, 41, 53, 35, 46, 23, 67, 35, 52, 6, 48, 73, 48, 44, 2, 36, 32, 21, 41, 23, 35, 69, 74, 60, 36, 23, 2, 73, 60, 6, 2, 63, 38, 41, 31, 16, 51, 39, 65, 67, 19, 13, 38, 72, 7, 55, 36, 26, 75, 34, 4, 66, 48, 9, 40, 49, 40, 48, 22, 61, 12, 55, 42, 34, 34, 28, 17, 45, 54, 16, 21, 35, 69, 16, 33, 59, 67, 15, 6, 62, 7, 52, 54, 15, 34, 46, 48, 69, 41, 27, 41, 14, 33, 72, 52, 57, 65, 35, 37, 70, 4, 6, 9, 1, 6, 17, 35, 70, 54, 20, 46, 7, 48, 17, 59, 45, 75, 41, 61, 43, 50, 66, 53, 48, 50, 14, 34, 26, 67, 41, 14, 59, 2, 42, 38, 52, 40, 49, 70, 66, 53, 58, 5, 7, 41, 69, 21, 36, 27, 54, 27, 33, 66, 68, 11, 44, 40, 39, 55, 49, 10, 67, 23, 62, 61, 31, 17, 13, 38, 32] 3544.047154527285 600024.537158
-- 
Instance 4
seed: 1464002118559
--
SHC: [11, 3, 19, 53, 12, 29, 70, 29, 31, 54, 22, 19, 8, 12, 41, 19, 12, 63, 46, 51, 48, 49, 14, 47, 59, 30, 73, 12, 49, 50, 7, 32, 63, 20, 70, 54, 58, 58, 56, 48, 17, 2, 10, 66, 32, 44, 48, 13, 72, 17, 1, 48, 66, 13, 20, 75, 18, 26, 71, 68, 4, 40, 55, 58, 3, 54, 34, 12, 67, 73, 46, 44, 12, 71, 61, 10, 70, 14, 60, 7, 31, 40, 58, 70, 19, 28, 52, 27, 35, 42, 47, 19, 2, 4, 49, 70, 58, 70, 73, 19, 21, 59, 43, 21, 35, 70, 71, 4, 67, 74, 62, 18, 56, 57, 4, 67, 44, 7, 7, 47, 21, 74, 5, 12, 21, 70, 50, 71, 36, 5, 31, 50, 63, 71, 74, 56, 72, 40, 55, 20, 75, 60, 48, 15, 30, 13, 56, 68, 50, 61, 2, 35, 56, 59, 3, 32, 11, 1, 68, 74, 62, 11, 62, 55, 9, 65, 53, 1, 40, 1, 53, 65, 67, 16, 35, 40, 72, 4, 17, 23, 70, 55, 73, 3, 32, 70, 13, 75, 29, 11, 63, 17, 69, 34, 25, 59, 38, 70, 52, 17] 3474.482413524511 600041.405942
SA: [6, 66, 67, 58, 54, 71, 13, 16, 3, 72, 65, 3, 40, 35, 25, 46, 34, 9, 50, 66, 43, 64, 32, 67, 55, 38, 25, 68, 52, 55, 72, 14, 7, 7, 36, 33, 21, 67, 74, 67, 43, 29, 63, 23, 19, 63, 2, 40, 9, 57, 58, 6, 5, 23, 73, 26, 5, 31, 75, 9, 50, 23, 23, 45, 70, 59, 31, 60, 46, 9, 32, 3, 27, 61, 31, 39, 15, 8, 73, 67, 51, 8, 56, 7, 75, 8, 73, 18, 34, 67, 58, 32, 27, 48, 39, 56, 10, 59, 27, 54, 54, 69, 15, 44, 12, 51, 21, 16, 30, 53, 11, 11, 44, 16, 39, 50, 47, 31, 3, 6, 31, 47, 11, 8, 57, 4, 13, 36, 40, 31, 13, 67, 53, 50, 34, 70, 6, 48, 56, 44, 16, 22, 17, 11, 57, 25, 14, 55, 67, 25, 33, 22, 10, 9, 11, 55, 70, 67, 51, 13, 50, 31, 49, 40, 29, 7, 48, 53, 57, 70, 72, 71, 25, 57, 35, 27, 49, 39, 60, 40, 71, 39, 40, 59, 68, 57, 34, 21, 73, 33, 53, 27, 1, 39, 2, 6, 72, 4, 24, 13] 3013.200049657348 608311.376675
CLO: [8, 30, 44, 56, 58, 62, 8, 41, 8, 73, 59, 19, 53, 6, 69, 39, 54, 67, 69, 29, 70, 17, 19, 40, 63, 65, 73, 37, 67, 57, 12, 7, 41, 17, 3, 51, 54, 22, 55, 6, 4, 25, 21, 33, 41, 60, 30, 60, 56, 49, 55, 11, 11, 57, 66, 38, 43, 69, 35, 52, 73, 74, 4, 19, 50, 14, 42, 38, 16, 65, 13, 61, 7, 28, 54, 62, 51, 27, 26, 16, 51, 29, 37, 30, 5, 74, 15, 67, 27, 51, 63, 30, 63, 20, 2, 53, 35, 24, 35, 18, 56, 63, 38, 55, 4, 37, 36, 31, 38, 74, 42, 66, 56, 41, 63, 59, 1, 26, 6, 67, 36, 55, 72, 61, 31, 31, 68, 10, 9, 35, 44, 68, 34, 9, 41, 23, 34, 60, 12, 31, 60, 64, 33, 61, 48, 35, 26, 64, 8, 63, 32, 72, 11, 29, 2, 15, 69, 22, 23, 33, 70, 38, 36, 22, 42, 25, 31, 73, 14, 38, 72, 15, 6, 39, 3, 75, 23, 6, 56, 27, 47, 29, 51, 50, 37, 5, 52, 67, 29, 33, 2, 21, 27, 14, 11, 10, 8, 37, 38, 20] 3334.975827921936 600071.304409
-- 
Instance 5
seed: 1464003941597
--
SHC: [26, 75, 39, 45, 30, 15, 64, 67, 18, 11, 35, 43, 17, 48, 15, 61, 65, 43, 1, 24, 68, 28, 63, 55, 69, 25, 25, 51, 52, 2, 2, 75, 65, 23, 69, 60, 16, 32, 61, 16, 54, 47, 11, 5, 58, 63, 51, 41, 38, 9, 27, 22, 63, 65, 75, 23, 35, 60, 35, 26, 75, 67, 41, 6, 36, 24, 11, 8, 30, 8, 63, 34, 9, 51, 29, 68, 11, 15, 69, 40, 42, 68, 36, 75, 63, 17, 3, 71, 59, 13, 25, 29, 60, 30, 16, 15, 73, 11, 54, 51, 71, 28, 48, 31, 55, 43, 48, 39, 47, 45, 39, 38, 75, 18, 60, 35, 71, 1, 4, 24, 47, 21, 48, 60, 24, 39, 41, 27, 68, 26, 2, 4, 56, 63, 52, 47, 33, 42, 15, 19, 29, 56, 1, 17, 57, 45, 63, 35, 60, 39, 4, 25, 63, 72, 63, 27, 66, 54, 7, 59, 23, 37, 3, 66, 32, 63, 27, 13, 49, 1, 34, 37, 17, 43, 62, 40, 29, 30, 58, 32, 12, 22, 42, 49, 24, 59, 46, 36, 10, 68, 13, 18, 37, 11, 71, 63, 70, 17, 9, 48] 3373.131809108502 600098.064616
SA: [69, 46, 22, 31, 67, 74, 32, 67, 32, 43, 74, 16, 38, 67, 38, 12, 6, 17, 31, 8, 27, 15, 1, 29, 65, 28, 64, 14, 17, 73, 5, 1, 52, 20, 31, 30, 64, 70, 51, 60, 62, 36, 68, 56, 47, 25, 16, 19, 19, 53, 67, 9, 45, 54, 73, 54, 6, 55, 6, 67, 17, 39, 31, 46, 40, 18, 69, 58, 28, 31, 34, 40, 72, 4, 38, 48, 45, 35, 24, 58, 30, 2, 18, 43, 63, 39, 30, 63, 70, 33, 7, 37, 56, 41, 60, 29, 57, 69, 57, 35, 28, 49, 51, 9, 74, 67, 59, 43, 27, 52, 33, 69, 36, 54, 32, 69, 71, 52, 30, 52, 45, 56, 75, 9, 10, 2, 44, 38, 13, 35, 42, 17, 71, 18, 69, 48, 1, 74, 36, 64, 19, 7, 72, 35, 72, 34, 65, 24, 43, 33, 73, 60, 7, 20, 37, 62, 64, 69, 33, 2, 44, 34, 2, 37, 23, 12, 8, 47, 15, 36, 67, 2, 74, 38, 17, 53, 54, 50, 24, 5, 6, 48, 53, 37, 49, 32, 50, 55, 10, 59, 22, 30, 19, 52, 51, 31, 69, 43, 38, 50] 3058.932303955837 608969.861475
CLO: [37, 67, 33, 66, 41, 32, 6, 67, 28, 10, 27, 41, 18, 2, 44, 13, 51, 75, 11, 6, 8, 10, 19, 55, 13, 59, 47, 54, 38, 19, 75, 28, 40, 22, 54, 18, 75, 14, 50, 25, 56, 41, 73, 60, 55, 65, 1, 11, 17, 5, 57, 62, 36, 67, 13, 57, 15, 47, 45, 60, 20, 6, 41, 25, 50, 14, 75, 34, 17, 75, 18, 44, 60, 43, 61, 8, 46, 32, 47, 30, 53, 27, 42, 69, 44, 36, 6, 34, 27, 11, 30, 24, 39, 73, 39, 14, 7, 40, 66, 14, 39, 4, 54, 40, 28, 47, 14, 17, 68, 40, 8, 60, 9, 60, 5, 11, 12, 35, 74, 67, 5, 65, 31, 54, 66, 16, 72, 27, 54, 59, 4, 8, 14, 47, 17, 20, 23, 67, 28, 67, 39, 68, 14, 34, 48, 72, 64, 2, 7, 18, 40, 1, 18, 71, 24, 50, 44, 35, 2, 67, 11, 30, 2, 13, 58, 73, 25, 68, 47, 6, 61, 6, 48, 38, 66, 3, 4, 22, 27, 65, 1, 18, 41, 72, 55, 23, 73, 34, 10, 44, 53, 35, 5, 29, 5, 32, 62, 21, 5, 42] 3562.207520780369 600060.274036
-- 
Instance 6
seed: 1464005766501
--
SHC: [52, 63, 40, 48, 55, 15, 18, 29, 36, 27, 39, 10, 10, 16, 9, 38, 52, 11, 63, 40, 21, 25, 59, 70, 40, 29, 50, 1, 3, 11, 52, 55, 19, 8, 20, 49, 69, 63, 16, 72, 63, 64, 52, 14, 53, 15, 68, 36, 63, 25, 25, 70, 10, 45, 19, 61, 73, 32, 3, 33, 45, 52, 41, 33, 75, 4, 73, 27, 34, 27, 3, 20, 11, 22, 14, 14, 18, 14, 69, 63, 33, 55, 21, 41, 64, 40, 15, 42, 44, 10, 35, 50, 22, 59, 41, 66, 18, 12, 55, 65, 27, 46, 4, 67, 62, 73, 54, 62, 49, 27, 73, 31, 57, 6, 13, 37, 72, 61, 74, 68, 1, 11, 41, 40, 24, 27, 37, 64, 58, 14, 47, 54, 30, 43, 29, 12, 70, 15, 41, 28, 62, 64, 45, 30, 45, 35, 42, 11, 52, 43, 57, 45, 71, 20, 62, 62, 30, 3, 20, 5, 55, 51, 6, 48, 23, 73, 47, 15, 67, 49, 49, 53, 34, 56, 37, 47, 7, 43, 29, 10, 34, 31, 73, 5, 6, 6, 9, 55, 6, 22, 61, 62, 10, 28, 14, 71, 3, 65, 28, 64] 3499.9149708913355 600025.343208
SA: [62, 73, 69, 12, 2, 42, 4, 53, 32, 49, 33, 45, 60, 55, 21, 30, 60, 7, 13, 44, 68, 48, 47, 51, 10, 1, 22, 45, 47, 13, 33, 11, 9, 56, 27, 56, 7, 12, 70, 51, 68, 8, 16, 38, 37, 32, 71, 3, 20, 29, 5, 5, 47, 39, 32, 17, 68, 27, 30, 55, 36, 37, 60, 48, 14, 34, 38, 60, 44, 72, 53, 71, 57, 66, 43, 57, 20, 45, 52, 54, 44, 63, 36, 62, 15, 45, 14, 3, 39, 59, 26, 28, 61, 15, 73, 66, 73, 12, 8, 72, 52, 58, 49, 50, 27, 5, 13, 46, 10, 7, 63, 66, 64, 21, 14, 29, 13, 19, 62, 42, 63, 73, 50, 14, 25, 11, 63, 8, 55, 67, 19, 65, 27, 52, 18, 49, 19, 61, 13, 31, 27, 56, 43, 59, 31, 8, 36, 61, 26, 34, 31, 53, 49, 32, 66, 31, 31, 13, 43, 65, 7, 22, 69, 58, 23, 28, 30, 43, 18, 66, 48, 29, 15, 74, 63, 49, 43, 41, 38, 28, 13, 39, 29, 64, 44, 18, 58, 19, 30, 46, 17, 73, 71, 50, 52, 70, 38, 49, 5, 57] 2957.2482571762516 609027.570584
CLO: [3, 63, 34, 35, 56, 70, 7, 30, 14, 47, 16, 62, 21, 36, 5, 47, 59, 3, 22, 14, 24, 2, 1, 73, 35, 73, 37, 41, 75, 74, 6, 10, 54, 33, 25, 38, 9, 16, 70, 52, 10, 36, 3, 32, 45, 13, 13, 19, 48, 49, 46, 29, 41, 21, 32, 61, 12, 40, 15, 8, 7, 15, 23, 36, 17, 36, 34, 7, 72, 7, 5, 4, 9, 57, 50, 34, 15, 69, 65, 74, 31, 45, 39, 53, 16, 69, 67, 14, 57, 33, 46, 36, 28, 39, 47, 56, 4, 23, 64, 42, 57, 64, 36, 59, 54, 14, 66, 42, 45, 59, 25, 73, 37, 68, 62, 8, 28, 15, 15, 1, 28, 35, 3, 62, 34, 19, 31, 9, 25, 43, 16, 57, 58, 5, 6, 59, 2, 37, 27, 8, 1, 58, 5, 34, 68, 57, 71, 66, 14, 27, 48, 37, 65, 5, 66, 23, 41, 70, 37, 24, 8, 43, 35, 16, 54, 70, 36, 32, 50, 52, 30, 42, 71, 51, 38, 69, 67, 9, 70, 23, 46, 75, 46, 49, 7, 64, 23, 31, 24, 64, 69, 25, 52, 22, 26, 75, 27, 23, 24, 71] 3469.2321508002196 600081.780183
-- 
Instance 7
seed: 1464007593663
--
SHC: [32, 41, 38, 50, 46, 8, 41, 33, 63, 3, 3, 56, 69, 70, 71, 2, 35, 41, 21, 50, 55, 23, 48, 5, 6, 70, 15, 48, 61, 71, 9, 4, 48, 59, 10, 11, 6, 61, 32, 57, 5, 8, 3, 48, 58, 11, 75, 65, 4, 17, 59, 24, 57, 24, 72, 44, 12, 39, 60, 51, 28, 25, 62, 1, 25, 48, 72, 17, 10, 6, 49, 70, 52, 42, 37, 50, 8, 24, 3, 6, 63, 69, 57, 63, 62, 8, 12, 21, 3, 49, 9, 31, 38, 63, 69, 11, 25, 46, 20, 71, 10, 74, 6, 46, 49, 28, 46, 68, 45, 66, 73, 21, 28, 10, 4, 37, 46, 26, 13, 43, 63, 28, 19, 37, 10, 48, 46, 49, 63, 2, 26, 24, 58, 28, 48, 20, 40, 43, 75, 65, 44, 35, 20, 75, 23, 46, 62, 38, 32, 68, 72, 13, 14, 22, 7, 30, 2, 12, 48, 51, 72, 47, 69, 11, 29, 44, 35, 62, 20, 54, 62, 35, 19, 44, 58, 61, 58, 45, 48, 53, 41, 14, 65, 32, 66, 39, 56, 50, 75, 30, 51, 3, 74, 16, 10, 54, 19, 7, 49, 55] 3312.628695385153 600078.558057
SA: [29, 22, 49, 37, 25, 40, 73, 73, 34, 18, 44, 74, 34, 41, 17, 56, 58, 48, 65, 1, 39, 69, 59, 68, 4, 46, 16, 46, 43, 28, 24, 50, 44, 35, 72, 64, 7, 28, 7, 63, 48, 14, 46, 66, 37, 54, 37, 51, 15, 9, 67, 27, 43, 62, 66, 19, 66, 69, 45, 34, 34, 49, 42, 17, 32, 50, 53, 75, 65, 72, 61, 24, 64, 12, 53, 15, 29, 11, 16, 7, 73, 47, 40, 5, 58, 47, 17, 60, 3, 74, 69, 43, 31, 69, 38, 53, 14, 69, 26, 50, 66, 35, 32, 12, 72, 26, 4, 5, 8, 69, 23, 44, 21, 74, 64, 33, 52, 33, 33, 51, 69, 17, 5, 11, 62, 38, 60, 15, 46, 16, 70, 32, 8, 17, 24, 38, 10, 11, 65, 8, 25, 33, 21, 71, 11, 3, 75, 44, 62, 59, 68, 34, 57, 41, 51, 20, 30, 12, 30, 53, 60, 61, 39, 61, 29, 22, 31, 57, 22, 41, 49, 19, 56, 45, 18, 40, 39, 73, 8, 38, 70, 42, 4, 1, 59, 45, 46, 57, 43, 55, 4, 64, 12, 18, 75, 24, 19, 15, 7, 15] 2946.927684281743 605263.175528
CLO: [5, 29, 33, 13, 46, 44, 1, 20, 33, 65, 44, 49, 22, 47, 26, 27, 67, 8, 7, 11, 34, 33, 27, 14, 35, 71, 31, 37, 54, 39, 66, 48, 54, 16, 17, 73, 28, 13, 38, 21, 9, 72, 5, 70, 63, 38, 1, 74, 25, 13, 59, 10, 14, 2, 60, 33, 73, 31, 55, 29, 11, 74, 39, 25, 16, 11, 31, 30, 38, 71, 70, 36, 42, 73, 4, 40, 70, 2, 22, 25, 37, 72, 75, 41, 40, 46, 63, 19, 4, 61, 2, 71, 56, 45, 29, 63, 71, 33, 10, 65, 4, 36, 48, 68, 57, 3, 15, 24, 31, 5, 15, 2, 21, 46, 44, 13, 68, 40, 73, 55, 32, 58, 46, 5, 46, 51, 56, 30, 42, 3, 69, 28, 15, 29, 8, 73, 58, 25, 26, 50, 6, 50, 72, 31, 75, 60, 71, 56, 56, 13, 10, 39, 19, 3, 9, 6, 71, 26, 63, 9, 3, 42, 35, 8, 57, 43, 29, 60, 69, 34, 73, 55, 72, 39, 35, 20, 23, 30, 67, 16, 43, 64, 48, 31, 16, 70, 19, 20, 40, 63, 9, 51, 9, 9, 1, 13, 6, 55, 55, 51] 3363.14326278683 600074.319874
-- 
Instance 8
seed: 1464009412680
--
SHC: [32, 34, 71, 21, 45, 43, 45, 27, 72, 67, 48, 14, 14, 33, 42, 42, 58, 70, 72, 73, 50, 51, 40, 61, 18, 19, 42, 68, 18, 62, 67, 53, 45, 71, 36, 21, 55, 52, 1, 40, 61, 71, 52, 53, 7, 1, 68, 32, 52, 38, 28, 43, 8, 39, 65, 9, 24, 63, 51, 56, 17, 36, 50, 11, 8, 12, 47, 67, 50, 44, 30, 6, 25, 66, 44, 53, 23, 40, 50, 73, 27, 62, 46, 7, 2, 57, 23, 10, 4, 59, 22, 41, 9, 19, 66, 49, 40, 39, 47, 1, 2, 7, 73, 44, 63, 42, 15, 3, 64, 64, 37, 45, 40, 45, 2, 27, 50, 26, 54, 9, 64, 25, 52, 37, 65, 19, 69, 67, 29, 62, 49, 15, 13, 62, 19, 57, 40, 40, 4, 70, 43, 46, 6, 23, 20, 60, 56, 52, 66, 45, 29, 52, 33, 13, 58, 55, 30, 61, 21, 27, 15, 13, 15, 37, 67, 53, 16, 47, 74, 8, 21, 47, 75, 65, 32, 56, 61, 11, 2, 11, 44, 43, 57, 57, 13, 10, 55, 25, 20, 42, 59, 15, 59, 8, 8, 73, 15, 23, 73, 72] 3359.286060868473 600004.71844
SA: [52, 42, 51, 15, 35, 58, 54, 9, 3, 35, 2, 72, 31, 54, 45, 66, 11, 26, 49, 56, 42, 9, 45, 25, 17, 46, 10, 18, 74, 15, 68, 24, 26, 66, 30, 52, 65, 66, 51, 38, 11, 12, 27, 58, 14, 66, 69, 72, 41, 5, 12, 2, 22, 31, 34, 43, 13, 13, 13, 58, 39, 38, 15, 27, 64, 51, 40, 55, 63, 18, 56, 5, 38, 41, 65, 26, 35, 66, 8, 18, 45, 44, 54, 48, 71, 30, 65, 30, 41, 13, 50, 17, 72, 24, 18, 70, 40, 27, 29, 58, 34, 5, 61, 30, 37, 20, 48, 61, 65, 39, 71, 39, 59, 33, 9, 40, 69, 3, 56, 36, 55, 21, 54, 39, 46, 67, 60, 67, 64, 32, 42, 23, 24, 39, 9, 21, 54, 68, 69, 13, 33, 27, 1, 67, 50, 8, 68, 42, 57, 17, 26, 8, 56, 54, 11, 54, 48, 30, 32, 48, 3, 64, 68, 60, 69, 4, 23, 70, 46, 44, 54, 17, 4, 13, 49, 47, 73, 36, 14, 40, 12, 53, 7, 31, 14, 59, 59, 75, 52, 53, 65, 11, 59, 56, 19, 1, 21, 23, 27, 49] 3127.3121630479313 606623.149546
CLO: [3, 68, 32, 49, 66, 68, 54, 18, 45, 7, 37, 24, 16, 26, 54, 73, 67, 42, 36, 54, 42, 65, 9, 24, 59, 7, 48, 22, 17, 11, 2, 45, 8, 45, 50, 68, 36, 50, 49, 51, 6, 65, 10, 29, 5, 52, 30, 46, 48, 72, 30, 2, 59, 61, 68, 72, 44, 24, 67, 64, 33, 34, 33, 64, 7, 12, 32, 58, 49, 50, 54, 57, 8, 64, 47, 54, 11, 63, 39, 35, 60, 13, 30, 53, 28, 48, 5, 65, 7, 28, 47, 15, 20, 48, 28, 72, 68, 25, 51, 70, 8, 22, 20, 13, 48, 46, 51, 13, 22, 30, 37, 42, 32, 12, 63, 40, 61, 32, 16, 72, 28, 72, 34, 70, 54, 2, 67, 2, 28, 53, 65, 67, 14, 28, 61, 60, 27, 17, 13, 19, 63, 30, 16, 27, 36, 50, 27, 26, 45, 33, 6, 34, 24, 12, 16, 1, 54, 21, 46, 73, 49, 36, 35, 38, 45, 73, 6, 42, 5, 46, 16, 55, 66, 44, 31, 6, 35, 25, 17, 33, 71, 75, 72, 5, 7, 50, 69, 16, 25, 46, 6, 65, 19, 20, 20, 2, 38, 19, 44, 60] 3257.1839795317665 600099.501723
-- 
Instance 9
seed: 1464011235142
--
SHC: [27, 27, 58, 36, 57, 31, 57, 6, 2, 59, 49, 54, 51, 29, 27, 23, 41, 67, 4, 28, 71, 24, 58, 24, 13, 5, 11, 48, 19, 19, 44, 61, 52, 5, 55, 59, 71, 27, 71, 50, 66, 59, 63, 49, 49, 33, 63, 34, 27, 13, 1, 25, 40, 54, 46, 34, 52, 57, 18, 30, 71, 45, 50, 15, 59, 64, 6, 62, 24, 37, 52, 68, 16, 27, 71, 20, 28, 71, 64, 27, 18, 34, 44, 59, 12, 75, 7, 21, 26, 39, 38, 27, 75, 34, 13, 69, 39, 7, 31, 12, 56, 12, 65, 41, 6, 44, 30, 32, 70, 51, 40, 14, 51, 33, 58, 6, 19, 25, 10, 51, 58, 22, 72, 64, 25, 73, 45, 29, 56, 55, 56, 50, 21, 53, 10, 66, 51, 58, 18, 71, 65, 23, 47, 70, 5, 25, 44, 30, 24, 65, 15, 3, 67, 45, 52, 69, 41, 7, 58, 50, 27, 42, 57, 22, 13, 37, 19, 31, 22, 40, 18, 73, 49, 28, 74, 7, 18, 39, 58, 8, 11, 46, 27, 22, 64, 2, 12, 57, 3, 21, 46, 48, 25, 35, 66, 67, 40, 49, 53, 16] 3704.124094319486 600023.839104
SA: [45, 52, 33, 6, 45, 29, 13, 59, 60, 60, 66, 64, 25, 8, 11, 24, 13, 36, 24, 31, 18, 48, 23, 22, 9, 25, 22, 50, 39, 75, 13, 34, 27, 59, 41, 13, 56, 73, 61, 35, 31, 59, 8, 9, 17, 73, 24, 53, 57, 3, 21, 75, 3, 64, 35, 19, 55, 34, 21, 37, 54, 75, 64, 7, 74, 61, 3, 45, 10, 70, 43, 22, 33, 20, 27, 68, 23, 24, 10, 7, 15, 34, 35, 59, 63, 75, 28, 41, 63, 35, 29, 29, 15, 5, 17, 7, 34, 35, 1, 15, 56, 61, 57, 68, 71, 2, 25, 2, 14, 72, 40, 35, 47, 65, 28, 34, 68, 60, 71, 39, 15, 54, 7, 63, 63, 40, 34, 70, 42, 55, 72, 58, 27, 74, 20, 23, 4, 9, 35, 55, 27, 69, 69, 2, 37, 26, 59, 66, 61, 58, 7, 13, 52, 64, 18, 28, 3, 37, 38, 37, 69, 30, 65, 58, 40, 15, 55, 24, 33, 5, 67, 18, 63, 45, 33, 75, 3, 42, 44, 50, 12, 32, 49, 16, 40, 16, 65, 24, 37, 31, 21, 1, 1, 39, 29, 24, 72, 20, 52, 17] 2969.3622080787463 607217.682965
CLO: [70, 51, 53, 66, 70, 53, 46, 26, 49, 53, 73, 22, 16, 32, 41, 6, 2, 10, 52, 56, 27, 14, 47, 64, 19, 74, 43, 24, 47, 7, 73, 73, 18, 4, 68, 10, 25, 74, 6, 24, 64, 1, 75, 26, 19, 60, 3, 61, 61, 44, 59, 24, 45, 45, 41, 48, 13, 25, 43, 33, 15, 26, 16, 16, 37, 45, 18, 8, 37, 32, 69, 69, 48, 7, 71, 68, 43, 12, 59, 45, 29, 65, 62, 55, 34, 12, 2, 3, 70, 57, 47, 49, 12, 75, 38, 52, 29, 66, 29, 32, 64, 71, 74, 5, 52, 21, 52, 11, 35, 54, 57, 13, 9, 66, 63, 1, 39, 16, 19, 49, 48, 7, 59, 28, 63, 26, 48, 63, 54, 64, 39, 15, 31, 36, 20, 57, 23, 68, 45, 16, 26, 73, 58, 32, 28, 34, 64, 44, 68, 49, 18, 67, 57, 49, 62, 35, 62, 36, 50, 38, 23, 47, 26, 60, 43, 2, 58, 13, 61, 19, 42, 59, 53, 32, 30, 64, 74, 25, 22, 8, 30, 4, 54, 8, 20, 53, 44, 66, 35, 26, 7, 12, 53, 54, 24, 44, 67, 31, 36, 65] 3539.5536277933206 600006.857485
-- Summary -- 
*SHC*
Found PNE: 0/10
Approx Average: 3484.2064812533704
*SA*
Found PNE: 0/10
Approx Average: 2984.4402361750313
*CLO*
Found PNE: 0/10
Approx Average: 3389.216310261499
