Number of instances: 10
Game: Normal Form Game
Players: 100
Actions: 100
Metaheuristics time: 3600
-- 
Instance 0
seed: 1464094856418
--
SHC: [48, 72, 33, 41, 23, 82, 81, 71, 5, 46, 37, 82, 67, 39, 9, 80, 95, 7, 38, 78, 71, 14, 32, 73, 6, 87, 74, 84, 75, 87, 49, 14, 40, 65, 62, 66, 66, 100, 15, 20, 80, 43, 34, 75, 82, 38, 55, 53, 89, 15, 78, 89, 92, 15, 10, 15, 77, 65, 12, 5, 47, 98, 29, 48, 56, 90, 36, 1, 16, 87, 29, 97, 25, 26, 22, 2, 52, 12, 37, 6, 73, 88, 75, 69, 58, 66, 16, 75, 44, 2, 35, 39, 76, 84, 6, 5, 80, 40, 18, 64] 1832.0165646252915 3600032.207523
SA: [53, 21, 19, 75, 44, 95, 75, 74, 89, 53, 73, 9, 92, 87, 18, 1, 85, 5, 98, 87, 74, 93, 12, 68, 1, 40, 93, 72, 22, 24, 13, 62, 6, 98, 74, 22, 44, 31, 78, 96, 2, 78, 83, 3, 47, 67, 15, 89, 37, 4, 66, 17, 9, 86, 56, 57, 17, 51, 12, 38, 78, 60, 64, 4, 93, 56, 68, 17, 14, 7, 92, 97, 88, 44, 44, 47, 2, 42, 86, 86, 69, 88, 90, 96, 92, 24, 69, 75, 97, 44, 28, 44, 87, 29, 20, 77, 41, 75, 19, 80] 1740.747215750565 3600597.755701
CLO: [39, 12, 96, 89, 90, 31, 46, 14, 62, 15, 16, 31, 55, 20, 46, 63, 11, 55, 39, 44, 80, 46, 41, 41, 79, 16, 95, 72, 68, 61, 94, 17, 39, 1, 14, 64, 15, 18, 38, 53, 95, 53, 100, 25, 78, 63, 65, 1, 93, 21, 72, 70, 65, 97, 87, 4, 13, 87, 25, 12, 93, 86, 73, 81, 47, 32, 45, 14, 99, 74, 29, 43, 66, 62, 13, 86, 82, 69, 19, 4, 67, 16, 88, 41, 27, 53, 100, 15, 67, 18, 76, 97, 87, 5, 20, 14, 31, 42, 66, 17] 1615.6302039137652 3600016.181441
-- 
Instance 1
seed: 1464105757028
--
SHC: [92, 60, 52, 28, 32, 93, 44, 88, 36, 62, 37, 43, 83, 96, 66, 88, 100, 3, 84, 100, 94, 9, 4, 14, 76, 5, 70, 37, 19, 88, 56, 40, 28, 78, 71, 64, 69, 35, 88, 88, 92, 76, 71, 36, 51, 76, 68, 100, 84, 21, 13, 65, 57, 90, 92, 71, 85, 32, 69, 1, 49, 43, 73, 90, 69, 96, 13, 76, 47, 96, 45, 46, 66, 43, 55, 54, 4, 55, 92, 23, 46, 89, 59, 62, 94, 40, 4, 52, 8, 21, 38, 9, 94, 16, 48, 75, 85, 71, 16, 99] 1666.2298980596515 3600009.0122
SA: [87, 8, 32, 71, 29, 76, 99, 19, 100, 47, 88, 99, 45, 83, 88, 99, 60, 71, 69, 5, 41, 38, 71, 58, 26, 54, 75, 46, 1, 92, 6, 27, 13, 15, 97, 24, 54, 11, 3, 82, 5, 16, 9, 64, 48, 41, 33, 14, 56, 69, 29, 89, 21, 23, 82, 21, 96, 79, 13, 55, 5, 24, 7, 32, 60, 21, 71, 65, 1, 22, 30, 46, 61, 28, 11, 10, 10, 59, 32, 43, 72, 85, 78, 58, 38, 64, 29, 41, 35, 83, 18, 62, 70, 41, 73, 87, 31, 1, 86, 79] 1710.6267527243997 3603503.965003
CLO: [80, 3, 7, 60, 57, 3, 71, 89, 25, 26, 64, 16, 18, 46, 19, 1, 50, 69, 5, 18, 88, 11, 4, 93, 48, 70, 58, 7, 86, 22, 52, 69, 92, 65, 97, 18, 1, 95, 33, 10, 96, 12, 82, 13, 73, 92, 31, 59, 25, 47, 53, 28, 47, 37, 19, 38, 72, 14, 60, 37, 20, 71, 57, 53, 28, 62, 61, 41, 58, 36, 98, 28, 96, 3, 37, 36, 4, 60, 35, 37, 49, 68, 81, 80, 67, 23, 30, 11, 18, 12, 33, 65, 83, 49, 59, 68, 76, 8, 36, 67] 1548.6859148406932 3600000.405223
-- 
Instance 2
seed: 1464116668185
--
SHC: [46, 53, 30, 14, 58, 83, 87, 73, 57, 23, 64, 71, 41, 86, 27, 15, 88, 34, 10, 39, 32, 70, 63, 50, 11, 42, 1, 90, 6, 37, 100, 6, 63, 68, 86, 65, 11, 45, 66, 32, 52, 58, 99, 82, 57, 64, 9, 13, 72, 98, 97, 85, 73, 80, 72, 77, 11, 2, 61, 90, 3, 47, 12, 52, 24, 4, 21, 8, 67, 1, 14, 45, 42, 81, 87, 99, 28, 19, 33, 73, 58, 32, 99, 70, 81, 36, 55, 59, 41, 50, 50, 41, 33, 28, 36, 51, 2, 53, 27, 24] 1802.1620736633918 3600005.814252
SA: [19, 33, 100, 39, 71, 71, 51, 84, 100, 57, 50, 47, 70, 72, 35, 87, 71, 82, 3, 62, 40, 84, 32, 47, 4, 82, 34, 14, 13, 88, 83, 51, 84, 73, 34, 57, 21, 80, 98, 2, 6, 83, 17, 10, 43, 85, 72, 59, 85, 36, 1, 63, 1, 62, 70, 67, 95, 24, 9, 78, 56, 88, 75, 55, 34, 93, 61, 52, 48, 1, 53, 62, 98, 37, 83, 91, 55, 70, 60, 72, 71, 31, 23, 77, 31, 73, 81, 95, 94, 22, 33, 59, 71, 76, 96, 77, 41, 83, 57, 96] 1712.2245762152031 3603185.895186
CLO: [50, 73, 76, 10, 17, 40, 4, 4, 55, 42, 62, 46, 28, 60, 79, 54, 34, 64, 84, 32, 31, 27, 38, 1, 51, 16, 9, 29, 8, 70, 19, 86, 44, 1, 11, 73, 92, 92, 2, 38, 19, 28, 97, 79, 44, 4, 74, 2, 91, 17, 50, 6, 8, 25, 30, 41, 64, 43, 30, 77, 92, 47, 59, 37, 9, 66, 20, 77, 50, 50, 24, 17, 78, 65, 97, 93, 54, 7, 47, 69, 31, 65, 42, 73, 31, 36, 23, 27, 60, 22, 54, 43, 60, 24, 47, 55, 60, 24, 8, 18] 1526.4374990681788 3600021.95956
-- 
Instance 3
seed: 1464127577466
--
SHC: [67, 7, 90, 15, 48, 90, 73, 60, 89, 76, 29, 10, 27, 21, 31, 50, 43, 10, 92, 16, 41, 13, 38, 26, 40, 11, 2, 73, 47, 23, 77, 98, 11, 76, 1, 83, 94, 44, 52, 44, 55, 93, 54, 46, 59, 51, 23, 94, 54, 53, 59, 45, 64, 20, 31, 100, 90, 79, 22, 10, 75, 28, 42, 13, 87, 88, 74, 34, 15, 75, 17, 1, 87, 45, 52, 51, 90, 11, 58, 46, 12, 25, 17, 97, 55, 100, 84, 16, 28, 75, 29, 67, 57, 70, 62, 78, 41, 42, 21, 97] 1681.5913985775258 3600020.569963
SA: [21, 83, 25, 88, 30, 86, 77, 3, 34, 51, 61, 50, 18, 32, 88, 81, 15, 99, 83, 26, 50, 3, 47, 52, 6, 2, 88, 34, 85, 50, 15, 46, 85, 30, 92, 79, 10, 15, 96, 9, 59, 65, 17, 97, 89, 50, 91, 32, 39, 11, 38, 45, 59, 94, 30, 83, 53, 81, 57, 31, 17, 37, 9, 82, 8, 52, 12, 52, 51, 27, 72, 39, 54, 29, 92, 67, 95, 27, 98, 89, 96, 53, 9, 39, 8, 29, 82, 74, 47, 44, 25, 9, 79, 9, 83, 95, 68, 60, 49, 34] 1785.834917781943 3600207.553557
CLO: [96, 55, 50, 88, 56, 54, 17, 76, 17, 13, 82, 76, 96, 35, 2, 60, 11, 88, 69, 50, 56, 65, 37, 75, 61, 78, 67, 74, 94, 86, 96, 19, 47, 93, 6, 42, 92, 3, 90, 72, 6, 72, 10, 88, 31, 88, 82, 41, 76, 55, 52, 79, 78, 7, 70, 48, 66, 83, 59, 44, 38, 90, 70, 59, 20, 60, 82, 57, 77, 5, 39, 78, 77, 87, 13, 54, 82, 94, 66, 59, 24, 17, 78, 46, 56, 66, 22, 12, 10, 5, 67, 92, 35, 14, 76, 84, 70, 95, 10, 59] 1544.3765509542163 3600012.979169
-- 
Instance 4
seed: 1464138483056
--
SHC: [6, 80, 43, 55, 56, 57, 84, 97, 19, 94, 22, 62, 48, 80, 98, 42, 51, 73, 57, 66, 23, 43, 47, 5, 12, 23, 3, 95, 73, 47, 47, 29, 39, 97, 26, 78, 54, 8, 29, 23, 88, 8, 16, 84, 94, 39, 68, 66, 92, 18, 38, 92, 89, 9, 18, 2, 10, 62, 45, 47, 58, 26, 58, 73, 49, 20, 7, 36, 47, 68, 55, 16, 74, 100, 98, 26, 72, 28, 19, 55, 87, 86, 39, 32, 30, 25, 37, 91, 28, 58, 98, 32, 75, 87, 77, 82, 67, 85, 32, 33] 1774.8404214830434 3600019.525941
SA: [2, 15, 11, 1, 20, 58, 6, 56, 85, 97, 83, 72, 38, 8, 58, 89, 64, 100, 82, 34, 16, 63, 31, 20, 30, 6, 93, 92, 5, 80, 57, 44, 2, 95, 37, 39, 80, 12, 19, 32, 51, 40, 19, 95, 15, 42, 36, 45, 8, 88, 73, 40, 83, 26, 12, 26, 73, 35, 7, 89, 48, 48, 8, 75, 26, 72, 29, 55, 9, 81, 69, 66, 9, 69, 32, 81, 74, 64, 47, 12, 40, 23, 29, 23, 31, 90, 19, 72, 36, 77, 22, 6, 100, 2, 87, 51, 72, 93, 34, 69] 1676.1279905531092 3600949.316671
CLO: [32, 82, 49, 48, 74, 94, 62, 21, 22, 60, 54, 31, 60, 14, 33, 8, 97, 92, 33, 73, 54, 13, 26, 73, 46, 76, 36, 60, 92, 59, 57, 96, 79, 42, 7, 8, 96, 41, 40, 40, 94, 23, 46, 24, 46, 86, 20, 47, 9, 91, 75, 38, 78, 85, 17, 37, 86, 63, 10, 30, 10, 70, 28, 95, 83, 14, 64, 67, 7, 7, 6, 61, 59, 40, 49, 60, 80, 61, 56, 80, 39, 50, 89, 56, 81, 28, 99, 8, 15, 54, 98, 86, 35, 33, 62, 66, 90, 39, 54, 5] 1661.3143641145919 3600026.338873
-- 
Instance 5
seed: 1464149394080
--
SHC: [5, 14, 64, 67, 6, 38, 43, 20, 64, 60, 100, 92, 24, 86, 65, 48, 96, 72, 61, 31, 5, 62, 72, 46, 32, 76, 99, 8, 71, 81, 28, 13, 88, 18, 56, 62, 66, 86, 24, 69, 32, 70, 45, 37, 91, 28, 70, 23, 74, 64, 69, 3, 28, 95, 20, 15, 98, 96, 34, 29, 93, 64, 4, 35, 85, 71, 65, 52, 96, 78, 6, 71, 11, 7, 87, 28, 79, 66, 11, 82, 15, 78, 48, 43, 76, 43, 28, 94, 95, 56, 98, 59, 72, 39, 14, 11, 47, 32, 84, 51] 1797.3944482247784 3600013.000568
SA: [85, 81, 43, 46, 51, 87, 21, 97, 95, 8, 71, 47, 86, 57, 42, 20, 74, 12, 57, 19, 88, 38, 5, 93, 72, 40, 9, 34, 54, 78, 54, 45, 9, 20, 98, 37, 91, 82, 52, 4, 43, 78, 17, 61, 83, 59, 27, 53, 59, 51, 89, 20, 46, 49, 12, 1, 25, 14, 56, 85, 44, 95, 26, 48, 79, 13, 87, 13, 32, 95, 3, 53, 49, 45, 71, 81, 70, 89, 65, 87, 24, 75, 70, 50, 25, 28, 78, 27, 23, 32, 74, 28, 66, 90, 14, 74, 83, 20, 70, 63] 1690.077936235294 3603233.360329
CLO: [1, 39, 82, 9, 72, 97, 96, 5, 87, 58, 35, 19, 74, 65, 43, 64, 53, 23, 60, 59, 39, 15, 21, 52, 58, 58, 18, 39, 60, 80, 27, 64, 82, 16, 12, 11, 85, 18, 57, 26, 56, 43, 100, 71, 8, 10, 77, 69, 17, 8, 52, 52, 72, 26, 91, 87, 79, 9, 13, 4, 60, 50, 56, 99, 64, 17, 63, 35, 91, 85, 19, 65, 15, 2, 9, 83, 10, 41, 15, 27, 98, 38, 59, 91, 74, 38, 90, 13, 37, 93, 5, 99, 22, 28, 59, 39, 26, 86, 33, 69] 1628.7114760577263 3600013.531993
-- 
Instance 6
seed: 1464160303360
--
SHC: [3, 75, 56, 22, 94, 32, 89, 70, 19, 32, 42, 7, 21, 26, 95, 49, 13, 81, 55, 17, 82, 39, 49, 68, 75, 35, 97, 35, 1, 7, 59, 84, 65, 80, 77, 13, 62, 51, 7, 44, 15, 72, 100, 40, 10, 73, 19, 52, 94, 46, 74, 66, 55, 3, 9, 80, 50, 16, 74, 40, 54, 60, 81, 25, 66, 46, 9, 79, 80, 73, 66, 20, 95, 74, 93, 32, 12, 72, 20, 60, 96, 26, 8, 55, 47, 45, 41, 74, 89, 16, 71, 71, 65, 17, 31, 63, 95, 94, 11, 32] 1760.181470377181 3600008.539586
SA: [67, 10, 7, 49, 19, 2, 94, 8, 75, 18, 4, 90, 6, 20, 100, 90, 35, 41, 36, 86, 47, 15, 49, 20, 40, 80, 77, 85, 59, 42, 58, 45, 47, 56, 25, 92, 36, 52, 97, 36, 22, 30, 45, 72, 15, 30, 61, 28, 14, 52, 38, 93, 4, 20, 85, 56, 60, 69, 66, 10, 10, 55, 71, 66, 66, 20, 21, 35, 78, 8, 61, 35, 33, 63, 33, 66, 66, 88, 27, 17, 63, 65, 66, 45, 33, 82, 89, 66, 58, 93, 81, 60, 44, 82, 72, 51, 38, 14, 97, 23] 1626.7207349503003 3601971.716848
CLO: [1, 37, 90, 79, 47, 22, 73, 5, 75, 32, 86, 70, 55, 45, 66, 74, 78, 38, 33, 82, 39, 58, 82, 35, 51, 13, 53, 53, 85, 38, 9, 73, 48, 65, 80, 14, 37, 98, 79, 35, 48, 29, 16, 63, 77, 62, 41, 86, 25, 74, 6, 12, 69, 48, 66, 20, 21, 37, 18, 84, 36, 74, 41, 63, 20, 51, 42, 79, 96, 63, 7, 36, 49, 83, 29, 95, 36, 61, 29, 14, 48, 57, 65, 99, 78, 98, 83, 54, 93, 45, 29, 62, 21, 98, 92, 37, 36, 29, 98, 7] 1625.7046835904007 3600007.05749
-- 
Instance 7
seed: 1464171207431
--
SHC: [48, 56, 49, 26, 48, 47, 33, 10, 86, 44, 34, 7, 15, 30, 58, 42, 61, 69, 70, 40, 39, 33, 64, 100, 91, 30, 40, 69, 69, 27, 81, 33, 34, 27, 15, 16, 82, 82, 12, 5, 33, 55, 65, 58, 83, 94, 29, 89, 52, 8, 54, 70, 79, 16, 29, 45, 39, 11, 59, 67, 87, 69, 53, 20, 90, 39, 87, 6, 50, 10, 32, 79, 28, 31, 8, 9, 66, 18, 22, 71, 94, 71, 81, 88, 43, 56, 54, 96, 80, 79, 63, 35, 30, 89, 72, 27, 21, 99, 3, 22] 1896.7996066354885 3600001.226143
SA: [46, 87, 71, 27, 35, 71, 85, 90, 76, 57, 83, 30, 32, 86, 1, 8, 9, 43, 8, 16, 80, 13, 16, 24, 45, 52, 67, 46, 21, 1, 85, 35, 90, 98, 65, 7, 34, 89, 16, 7, 4, 87, 54, 91, 62, 56, 100, 95, 100, 34, 76, 41, 47, 62, 14, 15, 5, 35, 28, 3, 83, 61, 34, 90, 79, 49, 91, 96, 65, 2, 32, 78, 7, 56, 26, 75, 26, 21, 73, 85, 80, 72, 82, 55, 35, 76, 46, 45, 22, 65, 96, 3, 52, 72, 7, 58, 6, 8, 31, 57] 1719.6089259672744 3602601.175053
CLO: [27, 10, 98, 70, 10, 5, 34, 33, 56, 94, 40, 9, 47, 28, 45, 77, 92, 36, 87, 33, 9, 12, 8, 84, 97, 40, 35, 94, 80, 85, 61, 14, 55, 45, 3, 20, 77, 10, 27, 2, 53, 47, 77, 60, 41, 26, 66, 65, 74, 15, 58, 33, 81, 8, 37, 76, 26, 1, 14, 61, 99, 25, 38, 33, 89, 10, 42, 30, 9, 12, 97, 99, 90, 5, 64, 7, 12, 98, 57, 68, 75, 18, 2, 45, 33, 29, 79, 89, 87, 55, 69, 41, 27, 7, 80, 31, 62, 79, 62, 15] 1685.5994887286572 3600021.539401
-- 
Instance 8
seed: 1464182115842
--
SHC: [13, 65, 92, 77, 80, 75, 14, 66, 96, 20, 69, 95, 77, 24, 69, 66, 37, 80, 96, 97, 69, 93, 91, 53, 40, 43, 91, 88, 100, 4, 55, 69, 16, 77, 11, 78, 64, 69, 26, 47, 90, 80, 60, 36, 2, 84, 35, 62, 61, 40, 100, 96, 28, 42, 27, 9, 23, 99, 67, 29, 73, 53, 87, 13, 9, 78, 97, 62, 11, 21, 81, 32, 43, 38, 47, 18, 28, 55, 23, 22, 45, 54, 14, 51, 71, 54, 50, 52, 55, 54, 14, 96, 36, 65, 24, 53, 30, 10, 94, 54] 1758.4810411686608 3600020.908857
SA: [64, 27, 23, 38, 62, 81, 77, 52, 22, 35, 56, 20, 97, 47, 48, 35, 3, 61, 25, 30, 99, 48, 72, 96, 30, 42, 41, 34, 3, 54, 79, 31, 62, 37, 47, 43, 73, 29, 26, 51, 56, 16, 81, 98, 26, 39, 21, 17, 48, 68, 61, 59, 43, 54, 95, 32, 61, 26, 9, 56, 79, 12, 56, 96, 18, 28, 10, 48, 100, 31, 54, 61, 24, 12, 89, 77, 10, 58, 83, 79, 88, 43, 37, 13, 52, 42, 62, 39, 31, 74, 7, 81, 70, 72, 52, 52, 45, 24, 54, 87] 1656.4101517140962 3600213.415051
CLO: [91, 88, 35, 14, 91, 45, 51, 34, 78, 92, 42, 50, 68, 93, 15, 13, 78, 98, 2, 46, 97, 31, 89, 89, 30, 98, 62, 16, 73, 50, 95, 93, 44, 34, 63, 55, 95, 68, 58, 49, 52, 76, 26, 47, 76, 69, 44, 61, 22, 74, 81, 35, 100, 57, 47, 57, 94, 47, 29, 64, 78, 36, 32, 86, 100, 72, 73, 80, 87, 57, 2, 60, 1, 40, 88, 23, 49, 39, 91, 50, 92, 82, 41, 6, 51, 10, 26, 76, 89, 77, 1, 11, 76, 56, 48, 86, 68, 29, 64, 43] 1575.8629345784134 3600024.529996
-- 
Instance 9
seed: 1464193021923
--
SHC: [11, 56, 84, 47, 57, 45, 28, 79, 82, 88, 1, 9, 6, 52, 94, 59, 94, 43, 30, 11, 76, 81, 8, 61, 38, 68, 9, 47, 6, 63, 79, 17, 24, 12, 87, 88, 24, 47, 49, 58, 50, 25, 37, 95, 100, 61, 80, 49, 27, 42, 96, 68, 76, 5, 58, 91, 25, 96, 89, 25, 18, 7, 67, 87, 2, 70, 93, 26, 58, 85, 43, 53, 35, 34, 61, 66, 70, 84, 52, 68, 35, 69, 67, 44, 34, 13, 19, 12, 91, 87, 60, 22, 84, 28, 4, 89, 21, 20, 86, 89] 1782.2980800388923 3600015.696469
SA: [3, 31, 59, 33, 36, 44, 79, 84, 41, 98, 51, 47, 15, 17, 24, 24, 81, 54, 56, 75, 79, 99, 6, 28, 32, 95, 61, 40, 87, 63, 3, 14, 28, 27, 41, 95, 61, 96, 53, 10, 58, 17, 42, 59, 72, 31, 4, 57, 40, 14, 29, 22, 66, 53, 66, 33, 98, 48, 70, 45, 61, 75, 10, 46, 14, 82, 46, 86, 75, 9, 85, 14, 16, 57, 33, 49, 42, 36, 17, 85, 89, 24, 67, 52, 67, 37, 82, 98, 54, 72, 94, 74, 47, 47, 10, 19, 56, 58, 23, 18] 1780.6854761170034 3600395.556797
CLO: [48, 39, 31, 40, 71, 71, 18, 25, 22, 69, 50, 26, 67, 67, 71, 7, 89, 33, 21, 41, 58, 24, 91, 32, 46, 76, 47, 80, 70, 58, 61, 28, 67, 84, 43, 9, 26, 26, 1, 66, 48, 49, 61, 100, 12, 6, 60, 93, 38, 91, 86, 70, 78, 58, 93, 76, 75, 46, 48, 25, 96, 12, 96, 80, 83, 54, 53, 96, 57, 99, 36, 62, 78, 74, 27, 46, 85, 18, 72, 36, 9, 91, 1, 23, 82, 20, 85, 54, 37, 51, 44, 94, 70, 21, 35, 29, 72, 91, 61, 79] 1565.04813841968 3600022.662162
-- Summary -- 
*SHC*
Found PNE: 0/10
Approx Average: 1775.199500285391
*SA*
Found PNE: 0/10
Approx Average: 1709.9064678009188
*CLO*
Found PNE: 0/10
Approx Average: 1597.7371254266322
