Number of instances: 10
Game: Normal Form Game
Players: 10
Actions: 100
Metaheuristics time: 3600
-- 
Instance 0
seed: 1464094856414
--
SHC: [59, 55, 5, 39, 98, 84, 8, 58, 67, 48] 110.38855156262599 3600002.751099
SA: [5, 92, 18, 64, 9, 70, 90, 51, 73, 69] 172.73485220381573 3600004.323994
CLO: [1, 84, 11, 68, 99, 53, 52, 29, 8, 6] 101.85707913407259 3600000.129684
-- 
Instance 1
seed: 1464116660494
--
SHC: [84, 62, 53, 10, 98, 46, 45, 95, 67, 64] 106.20811004420369 3600000.054053
SA: [56, 76, 65, 46, 69, 31, 97, 62, 66, 30] 178.0928137877341 3600012.521391
CLO: [77, 92, 82, 62, 64, 63, 73, 76, 10, 80] 79.95099236530609 3600000.100111
-- 
Instance 2
seed: 1464138492095
--
SHC: [98, 67, 52, 80, 49, 81, 89, 36, 2, 43] 120.44877100872901 3600000.027263
SA: [65, 69, 7, 57, 84, 6, 18, 88, 1, 74] 170.89709719094083 3600003.413503
CLO: [25, 12, 26, 62, 7, 6, 94, 90, 29, 46] 113.45107652188796 3600000.128699
-- 
Instance 3
seed: 1464160319646
--
SHC: [7, 71, 93, 79, 17, 100, 60, 33, 43, 76] 122.99555022820186 3600000.207415
SA: [8, 67, 58, 27, 82, 72, 99, 8, 34, 4] 170.48109050989387 3600005.323547
CLO: [18, 82, 84, 56, 17, 78, 49, 28, 54, 37] 105.83724335039352 3600000.081701
-- 
Instance 4
seed: 1464182143090
--
SHC: [16, 96, 93, 81, 81, 17, 34, 72, 51, 38] 112.78853211974968 3600000.080212
SA: [55, 30, 13, 71, 54, 53, 91, 99, 1, 77] 172.08319260107024 3600020.833216
CLO: [87, 98, 2, 73, 35, 72, 91, 8, 48, 48] 131.85042721380867 3600000.14938
-- 
Instance 5
seed: 1464203925435
--
SHC: [36, 74, 84, 68, 15, 65, 54, 54, 91, 96] 87.73441378682983 3600000.125482
SA: [77, 26, 63, 95, 11, 91, 64, 43, 86, 33] 156.94988809396028 3600003.148409
CLO: [62, 40, 22, 37, 21, 4, 86, 36, 18, 15] 97.72938338526421 3600000.095493
-- 
Instance 6
seed: 1464225724085
--
SHC: [92, 95, 87, 40, 83, 78, 80, 55, 32, 13] 109.3665859659497 3600000.067392
SA: [9, 54, 76, 95, 62, 12, 71, 56, 53, 43] 157.79514452564592 3600016.112788
CLO: [92, 95, 7, 9, 73, 62, 56, 7, 68, 36] 112.1204740904659 3600000.092083
-- 
Instance 7
seed: 1464247449357
--
SHC: [61, 77, 96, 2, 25, 98, 56, 90, 94, 14] 116.81102967488877 3600000.081385
SA: [58, 52, 72, 95, 99, 80, 66, 21, 71, 62] 168.6940388818445 3600018.215054
CLO: [10, 61, 32, 23, 72, 70, 90, 97, 51, 66] 109.63602718927177 3600000.018264
-- 
Instance 8
seed: 1464269173365
--
SHC: [91, 78, 45, 93, 30, 57, 94, 78, 91, 23] 114.38767906889109 3600000.120049
SA: [55, 68, 13, 54, 78, 76, 37, 16, 4, 79] 134.00293555738892 3600012.614378
CLO: [65, 82, 64, 5, 70, 8, 61, 6, 62, 17] 105.58463125257686 3600000.032741
-- 
Instance 9
seed: 1464290905167
--
SHC: [81, 35, 5, 60, 28, 100, 10, 97, 38, 84] 105.98948129873179 3600000.19236
SA: [27, 34, 23, 88, 57, 54, 71, 42, 69, 23] 178.0150426659776 3600020.012868
CLO: [26, 71, 50, 57, 2, 26, 99, 94, 14, 10] 96.1916196507031 3600000.202825
-- Summary -- 
*SHC*
Found PNE: 0/10
Approx Average: 110.71187047588015
*SA*
Found PNE: 0/10
Approx Average: 165.9746096018272
*CLO*
Found PNE: 0/10
Approx Average: 105.42089541537507
