Number of instances: 10
Game: Normal Form Game
Players: 50
Actions: 400
Metaheuristics time: 600
-- 
Instance 0
seed: 1463994764193
--
SHC: [361, 279, 183, 194, 65, 226, 194, 205, 47, 88, 194, 359, 94, 103, 145, 143, 371, 364, 132, 247, 152, 170, 309, 380, 313, 55, 75, 212, 311, 112, 312, 288, 68, 381, 27, 385, 381, 111, 127, 183, 313, 278, 129, 356, 378, 207, 202, 350, 46, 20] 1460.0183879800145 600009.079754
SA: [235, 269, 101, 10, 255, 22, 277, 393, 19, 236, 97, 108, 312, 99, 169, 57, 35, 276, 37, 187, 189, 351, 179, 69, 271, 103, 360, 92, 307, 13, 177, 146, 370, 218, 303, 112, 191, 73, 196, 6, 337, 188, 380, 340, 340, 111, 329, 130, 85, 297] 1252.0352810640427 603216.928405
CLO: [377, 392, 186, 278, 320, 267, 188, 139, 76, 88, 47, 377, 52, 178, 103, 233, 139, 139, 203, 370, 184, 204, 204, 147, 399, 78, 230, 108, 373, 249, 309, 230, 274, 358, 312, 261, 296, 72, 299, 89, 243, 67, 13, 327, 370, 400, 267, 153, 383, 286] 1507.5650886898434 600015.4595
-- 
Instance 1
seed: 1463998443025
--
SHC: [360, 64, 316, 361, 162, 226, 63, 334, 131, 194, 135, 113, 27, 79, 392, 55, 78, 171, 190, 10, 119, 253, 273, 259, 374, 396, 390, 139, 55, 318, 83, 399, 193, 11, 158, 188, 137, 61, 275, 138, 288, 38, 360, 22, 175, 254, 159, 391, 381, 155] 1521.131843330587 600013.842512
SA: [234, 141, 137, 324, 374, 39, 205, 344, 180, 252, 131, 343, 333, 388, 176, 33, 177, 87, 191, 245, 143, 348, 276, 354, 69, 376, 53, 319, 304, 141, 335, 77, 316, 376, 268, 166, 108, 373, 250, 318, 267, 109, 199, 132, 158, 170, 385, 263, 226, 175] 1301.9104396460768 602130.573378
CLO: [43, 147, 393, 277, 57, 306, 86, 174, 24, 241, 90, 333, 251, 94, 361, 258, 314, 249, 12, 203, 32, 134, 398, 218, 112, 307, 186, 90, 142, 219, 50, 265, 245, 392, 140, 71, 378, 391, 60, 261, 245, 276, 9, 360, 399, 345, 330, 334, 69, 117] 1499.249236069623 600025.607834
-- 
Instance 2
seed: 1464002105011
--
SHC: [219, 44, 324, 225, 363, 244, 333, 201, 231, 24, 245, 28, 152, 302, 33, 248, 185, 210, 278, 109, 24, 123, 282, 136, 253, 73, 69, 83, 266, 339, 266, 292, 218, 237, 68, 12, 9, 254, 383, 172, 48, 95, 85, 144, 123, 103, 121, 223, 169, 244] 1573.4427867183258 600020.606929
SA: [269, 75, 200, 335, 307, 205, 53, 56, 363, 256, 311, 236, 324, 134, 117, 336, 47, 119, 89, 310, 189, 280, 191, 332, 84, 196, 289, 96, 293, 261, 75, 100, 12, 298, 262, 259, 149, 51, 93, 250, 133, 276, 175, 6, 342, 250, 131, 222, 306, 299] 1210.3199299572384 603186.16599
CLO: [254, 245, 369, 224, 399, 11, 286, 195, 354, 37, 246, 291, 141, 100, 384, 285, 202, 223, 259, 167, 89, 134, 106, 88, 226, 284, 392, 377, 380, 94, 182, 336, 233, 348, 50, 216, 202, 51, 217, 325, 129, 109, 2, 209, 116, 358, 157, 390, 28, 315] 1536.3509829883828 600004.557496
-- 
Instance 3
seed: 1464005763001
--
SHC: [55, 267, 253, 129, 4, 249, 276, 207, 83, 210, 223, 393, 360, 319, 199, 282, 142, 91, 38, 17, 372, 342, 227, 370, 127, 68, 205, 152, 377, 230, 44, 230, 294, 148, 109, 323, 368, 39, 93, 264, 141, 96, 34, 395, 212, 379, 65, 395, 345, 278] 1580.4890388853041 600023.326865
SA: [131, 252, 201, 104, 322, 234, 134, 363, 32, 355, 17, 6, 57, 262, 108, 221, 100, 214, 39, 144, 392, 252, 347, 105, 344, 225, 383, 331, 344, 320, 378, 356, 95, 209, 170, 395, 396, 370, 139, 271, 191, 63, 116, 353, 54, 297, 290, 340, 307, 237] 1251.065793925767 601648.854529
CLO: [354, 370, 41, 309, 178, 377, 67, 4, 400, 173, 359, 325, 23, 400, 122, 61, 213, 140, 101, 219, 7, 197, 148, 122, 67, 77, 92, 375, 389, 7, 12, 382, 145, 216, 323, 168, 73, 375, 398, 154, 133, 343, 303, 336, 22, 256, 139, 261, 296, 95] 1454.6183027539098 600012.104193
-- 
Instance 4
seed: 1464009422361
--
SHC: [373, 393, 238, 98, 318, 150, 176, 108, 396, 34, 346, 31, 67, 152, 222, 226, 397, 356, 257, 341, 282, 47, 397, 2, 181, 65, 105, 258, 385, 253, 44, 368, 78, 131, 142, 352, 219, 400, 116, 269, 48, 170, 49, 241, 291, 377, 47, 142, 103, 174] 1384.200315390299 600018.876593
SA: [358, 273, 385, 316, 41, 187, 370, 203, 46, 225, 214, 111, 277, 60, 193, 142, 273, 288, 3, 271, 205, 29, 172, 241, 181, 204, 383, 313, 132, 223, 210, 277, 215, 25, 257, 333, 156, 317, 310, 55, 66, 314, 158, 191, 108, 65, 358, 73, 307, 242] 1270.7372291994136 602404.665256
CLO: [375, 279, 81, 193, 307, 21, 135, 107, 42, 205, 239, 143, 295, 216, 350, 51, 38, 14, 311, 40, 116, 28, 80, 104, 146, 85, 116, 233, 185, 179, 355, 294, 311, 264, 206, 30, 375, 209, 231, 117, 367, 326, 25, 322, 11, 169, 233, 121, 39, 121] 1597.0677894940648 600004.000042
-- 
Instance 5
seed: 1464013075626
--
SHC: [338, 49, 19, 267, 44, 325, 249, 54, 22, 291, 69, 265, 248, 389, 397, 51, 109, 8, 175, 195, 391, 256, 185, 19, 248, 294, 99, 222, 399, 77, 314, 14, 397, 382, 72, 390, 130, 175, 303, 89, 260, 64, 53, 316, 176, 109, 248, 369, 264, 167] 1425.6318222619768 600013.556653
SA: [31, 22, 5, 177, 279, 197, 45, 348, 198, 145, 234, 288, 10, 81, 397, 216, 225, 378, 164, 64, 21, 87, 303, 375, 21, 40, 159, 382, 282, 324, 160, 319, 233, 89, 341, 38, 57, 43, 57, 73, 59, 158, 53, 353, 188, 190, 368, 167, 186, 247] 1282.7508393989556 601576.739825
CLO: [396, 96, 359, 155, 303, 224, 239, 223, 21, 78, 25, 195, 290, 320, 190, 53, 50, 22, 338, 55, 306, 15, 2, 275, 375, 185, 128, 73, 10, 24, 381, 275, 200, 86, 51, 326, 204, 104, 175, 224, 268, 219, 398, 222, 43, 61, 129, 377, 372, 25] 1511.7127349943785 600022.18164
-- 
Instance 6
seed: 1464016723389
--
SHC: [177, 168, 59, 230, 150, 397, 339, 383, 329, 127, 217, 42, 160, 124, 284, 105, 4, 329, 353, 64, 73, 268, 243, 288, 386, 359, 157, 368, 48, 70, 389, 54, 160, 307, 148, 61, 237, 235, 303, 163, 108, 77, 33, 177, 151, 396, 292, 386, 369, 8] 1429.742174520502 600019.75738
SA: [157, 315, 250, 336, 182, 7, 227, 301, 293, 296, 201, 181, 205, 53, 209, 28, 308, 220, 207, 60, 44, 314, 296, 335, 149, 368, 103, 271, 210, 350, 39, 302, 236, 62, 179, 322, 367, 48, 39, 225, 6, 353, 394, 370, 12, 336, 198, 382, 178, 340] 1219.7125808944681 601560.032008
CLO: [27, 180, 198, 289, 321, 398, 338, 86, 356, 109, 393, 106, 52, 379, 143, 122, 277, 386, 27, 281, 167, 261, 211, 196, 177, 9, 288, 116, 237, 394, 226, 362, 371, 218, 364, 39, 100, 151, 169, 323, 353, 93, 75, 158, 41, 71, 367, 91, 235, 307] 1423.0874290402699 600002.251415
-- 
Instance 7
seed: 1464020370012
--
SHC: [203, 387, 26, 32, 137, 292, 99, 392, 7, 160, 247, 297, 71, 386, 108, 71, 160, 222, 68, 19, 268, 302, 337, 89, 194, 317, 252, 233, 38, 118, 19, 305, 104, 122, 93, 307, 246, 144, 37, 72, 97, 181, 1, 209, 365, 173, 270, 5, 241, 155] 1490.8836414629282 600014.794341
SA: [189, 260, 136, 229, 375, 386, 16, 287, 398, 25, 108, 256, 111, 159, 352, 80, 246, 14, 128, 24, 162, 173, 339, 231, 70, 34, 390, 167, 191, 220, 113, 211, 3, 49, 357, 345, 7, 337, 14, 246, 89, 280, 239, 25, 11, 105, 50, 52, 43, 291] 1242.313702397194 601785.25107
CLO: [176, 153, 108, 210, 358, 284, 193, 275, 362, 293, 375, 77, 356, 166, 135, 391, 33, 168, 40, 5, 362, 191, 19, 278, 220, 33, 358, 334, 87, 331, 157, 107, 377, 292, 50, 295, 53, 223, 300, 387, 209, 331, 163, 34, 315, 53, 270, 45, 11, 109] 1528.6280828768545 600021.577397
-- 
Instance 8
seed: 1464024016811
--
SHC: [390, 340, 293, 141, 284, 84, 24, 191, 398, 4, 291, 338, 361, 370, 83, 223, 146, 150, 142, 32, 199, 249, 236, 394, 182, 296, 354, 78, 152, 378, 172, 204, 202, 166, 199, 273, 45, 100, 296, 140, 397, 241, 140, 257, 138, 76, 141, 388, 286, 205] 1359.4520883889306 600012.599102
SA: [226, 268, 327, 141, 59, 387, 127, 284, 192, 140, 278, 248, 169, 56, 34, 92, 143, 381, 211, 211, 364, 216, 267, 234, 147, 99, 258, 27, 182, 39, 364, 338, 43, 112, 196, 272, 303, 311, 363, 146, 182, 327, 101, 339, 83, 310, 363, 194, 157, 178] 1278.8362318869572 601019.621538
CLO: [101, 154, 277, 208, 232, 90, 393, 79, 273, 328, 45, 387, 161, 234, 18, 280, 18, 40, 344, 80, 283, 276, 47, 314, 217, 11, 253, 200, 351, 310, 110, 295, 272, 125, 113, 226, 231, 57, 96, 366, 79, 276, 397, 144, 15, 272, 295, 293, 186, 368] 1620.121153536528 600013.152045
-- 
Instance 9
seed: 1464027660541
--
SHC: [72, 278, 88, 201, 35, 399, 60, 59, 336, 379, 235, 17, 125, 177, 269, 15, 47, 4, 263, 96, 117, 385, 272, 46, 217, 389, 358, 206, 76, 154, 382, 185, 198, 69, 188, 292, 281, 392, 51, 289, 42, 322, 249, 318, 397, 376, 242, 34, 315, 190] 1497.1502050121974 600011.43921
SA: [163, 243, 51, 20, 290, 107, 226, 123, 140, 383, 55, 124, 20, 392, 151, 194, 144, 138, 148, 399, 185, 354, 256, 399, 89, 314, 303, 292, 399, 350, 264, 381, 248, 62, 260, 140, 218, 198, 245, 307, 67, 189, 233, 165, 102, 369, 309, 145, 249, 126] 1269.4151400747799 601038.186601
CLO: [262, 263, 61, 389, 23, 129, 358, 370, 200, 111, 284, 341, 332, 215, 167, 13, 225, 171, 154, 387, 243, 275, 157, 79, 227, 254, 214, 298, 79, 390, 102, 193, 391, 87, 31, 304, 167, 266, 49, 277, 118, 305, 120, 188, 228, 13, 192, 46, 10, 37] 1418.7975084903233 600027.818376
-- Summary -- 
*SHC*
Found PNE: 0/10
Approx Average: 1472.2142303951066
*SA*
Found PNE: 0/10
Approx Average: 1257.9097168444891
*CLO*
Found PNE: 0/10
Approx Average: 1509.7198308934178
