Number of instances: 10
Game: Normal Form Game
Players: 10
Actions: 200
Metaheuristics time: 3600
-- 
Instance 0
seed: 1464094856434
--
SHC: [13, 126, 121, 190, 167, 55, 54, 31, 69, 142] 144.95679143857205 3600002.900144
SA: [28, 193, 183, 14, 152, 39, 64, 25, 171, 190] 229.77238090277677 3600013.403687
CLO: [150, 53, 154, 144, 125, 150, 112, 99, 53, 150] 111.6059746961572 3600000.045112
-- 
Instance 1
seed: 1464116862333
--
SHC: [18, 53, 65, 109, 93, 70, 63, 142, 78, 77] 164.60445069604907 3600000.343415
SA: [154, 143, 27, 127, 45, 187, 27, 183, 42, 196] 235.85471108948622 3600042.804032
CLO: [29, 8, 114, 14, 4, 150, 144, 89, 34, 36] 54.13073524223432 3600000.026728
-- 
Instance 2
seed: 1464138790962
--
SHC: [78, 62, 101, 17, 188, 95, 83, 154, 110, 83] 108.47798035179216 3600000.218147
SA: [145, 143, 139, 26, 41, 173, 99, 63, 50, 165] 223.0976013698678 3600054.288916
CLO: [145, 10, 114, 21, 41, 77, 65, 24, 71, 2] 102.70944841980429 3600000.353651
-- 
Instance 3
seed: 1464160819750
--
SHC: [27, 106, 128, 197, 66, 32, 170, 195, 41, 90] 141.52498412840924 3600000.398802
SA: [35, 48, 131, 109, 37, 15, 187, 71, 21, 104] 223.27328466908978 3600030.460491
CLO: [59, 114, 158, 191, 135, 60, 158, 107, 131, 107] 122.33030982975322 3600000.069155
-- 
Instance 4
seed: 1464182834408
--
SHC: [28, 188, 76, 61, 139, 132, 86, 169, 54, 30] 179.4013493366554 3600000.292119
SA: [12, 33, 38, 104, 25, 106, 169, 94, 149, 3] 206.01883766612772 3600051.823073
CLO: [187, 20, 38, 117, 169, 162, 133, 177, 2, 156] 149.33254936502652 3600000.260153
-- 
Instance 5
seed: 1464204766470
--
SHC: [48, 43, 167, 141, 17, 194, 163, 141, 49, 63] 131.95249467592612 3600000.365343
SA: [88, 162, 156, 96, 200, 86, 199, 185, 83, 200] 242.63691697096309 3600002.714398
CLO: [119, 100, 96, 48, 109, 128, 167, 21, 56, 187] 137.4591422019762 3600000.138122
-- 
Instance 6
seed: 1464226700598
--
SHC: [133, 149, 200, 14, 92, 86, 166, 199, 50, 39] 167.75491510426332 3600000.135504
SA: [180, 88, 127, 36, 60, 149, 173, 137, 126, 38] 207.4562425957405 3600006.908337
CLO: [79, 145, 60, 95, 91, 97, 43, 49, 187, 142] 111.90882229496276 3600000.279196
-- 
Instance 7
seed: 1464248644730
--
SHC: [58, 194, 38, 82, 36, 32, 10, 62, 90, 135] 150.3344214628919 3600000.370217
SA: [143, 39, 132, 67, 149, 141, 16, 117, 121, 155] 204.77982488561588 3600021.032174
CLO: [14, 136, 158, 103, 120, 74, 112, 44, 23, 81] 133.42615839690467 3600000.110947
-- 
Instance 8
seed: 1464270502762
--
SHC: [33, 82, 38, 199, 199, 105, 160, 16, 169, 113] 148.44943699861994 3600000.111338
SA: [200, 97, 65, 38, 193, 102, 75, 56, 49, 44] 213.77136975414174 3600011.400856
CLO: [117, 107, 95, 173, 98, 109, 126, 74, 61, 44] 120.4662714067897 3600000.346401
-- 
Instance 9
seed: 1464292468652
--
SHC: [35, 1, 93, 50, 185, 48, 155, 86, 199, 66] 173.83655617076437 3600000.154589
SA: [20, 111, 57, 64, 36, 42, 145, 182, 40, 138] 241.17641229985213 3600046.739018
CLO: [111, 2, 86, 30, 162, 77, 53, 55, 196, 81] 156.1551439833484 3600000.266661
-- Summary -- 
*SHC*
Found PNE: 0/10
Approx Average: 151.12933803639436
*SA*
Found PNE: 0/10
Approx Average: 222.78375822036614
*CLO*
Found PNE: 0/10
Approx Average: 119.95245558369572
