Number of instances: 10
Game: Normal Form Game
Players: 200
Actions: 25
Metaheuristics time: 600
-- 
Instance 0
seed: 1463994766971
--
SHC: [17, 8, 5, 17, 23, 11, 4, 5, 23, 7, 16, 20, 8, 24, 25, 20, 23, 21, 15, 3, 4, 18, 22, 8, 25, 23, 19, 16, 11, 4, 20, 4, 14, 11, 24, 7, 7, 18, 14, 9, 23, 7, 7, 16, 17, 8, 10, 8, 15, 24, 22, 8, 16, 15, 16, 23, 22, 8, 3, 24, 8, 23, 3, 3, 4, 23, 13, 7, 17, 18, 16, 17, 7, 10, 7, 14, 2, 21, 24, 10, 20, 21, 18, 5, 11, 12, 19, 18, 3, 17, 1, 13, 2, 3, 10, 10, 25, 17, 22, 24, 4, 11, 6, 5, 12, 24, 1, 15, 4, 24, 19, 19, 25, 19, 11, 12, 15, 5, 11, 10, 22, 25, 15, 6, 12, 7, 2, 13, 13, 18, 9, 3, 3, 20, 15, 8, 8, 13, 4, 1, 21, 1, 11, 1, 13, 1, 17, 24, 8, 11, 6, 8, 13, 25, 7, 8, 12, 14, 4, 5, 24, 6, 4, 12, 20, 7, 7, 12, 18, 23, 7, 5, 10, 8, 13, 12, 16, 15, 2, 8, 21, 11, 20, 13, 8, 7, 20, 18, 25, 25, 11, 24, 12, 7, 24, 18, 16, 7, 2, 13] 2559.0445051590473 600005.468261
SA: [23, 11, 17, 6, 4, 17, 11, 25, 19, 9, 5, 14, 17, 14, 10, 2, 20, 7, 7, 14, 2, 23, 15, 3, 4, 22, 8, 4, 16, 19, 17, 23, 15, 2, 20, 2, 17, 12, 23, 6, 22, 5, 2, 8, 7, 21, 1, 10, 5, 4, 11, 3, 5, 14, 1, 19, 13, 19, 24, 9, 16, 8, 2, 14, 24, 21, 10, 2, 9, 25, 16, 17, 9, 20, 12, 9, 12, 11, 24, 1, 15, 18, 7, 13, 11, 17, 19, 18, 20, 1, 22, 25, 10, 16, 21, 4, 5, 16, 23, 11, 1, 20, 2, 11, 4, 22, 6, 20, 16, 19, 7, 6, 18, 5, 4, 11, 18, 16, 1, 3, 4, 15, 2, 21, 1, 22, 6, 16, 9, 6, 16, 9, 4, 3, 23, 7, 7, 12, 25, 25, 9, 23, 2, 4, 7, 24, 10, 20, 19, 19, 13, 10, 15, 15, 22, 17, 6, 17, 1, 18, 16, 9, 17, 16, 22, 12, 15, 12, 15, 23, 19, 23, 22, 20, 9, 10, 11, 18, 5, 21, 25, 10, 10, 4, 15, 9, 7, 3, 16, 7, 6, 18, 10, 22, 18, 6, 23, 7, 8, 4] 2421.2872364616064 602509.48447
CLO: [10, 19, 2, 25, 7, 4, 18, 14, 9, 19, 2, 11, 20, 18, 7, 11, 14, 19, 23, 14, 7, 18, 11, 22, 14, 5, 13, 13, 19, 23, 24, 4, 24, 18, 18, 19, 23, 2, 1, 2, 5, 1, 17, 21, 6, 9, 7, 17, 12, 5, 15, 22, 20, 11, 5, 18, 10, 17, 17, 20, 20, 13, 12, 17, 15, 1, 4, 3, 5, 24, 22, 25, 18, 16, 13, 6, 25, 4, 7, 21, 10, 7, 23, 14, 21, 13, 2, 20, 9, 1, 17, 13, 4, 8, 13, 18, 17, 5, 8, 7, 9, 20, 6, 5, 19, 18, 23, 1, 23, 2, 25, 3, 16, 17, 2, 17, 22, 17, 13, 5, 14, 7, 16, 21, 2, 4, 2, 9, 4, 1, 21, 13, 14, 14, 6, 18, 10, 4, 5, 9, 1, 4, 6, 12, 18, 23, 3, 13, 10, 10, 24, 8, 11, 3, 18, 9, 23, 5, 4, 18, 5, 22, 4, 10, 13, 1, 16, 25, 1, 9, 23, 22, 17, 16, 7, 4, 21, 12, 17, 11, 24, 8, 12, 10, 2, 12, 14, 4, 10, 22, 17, 12, 16, 25, 7, 7, 24, 25, 14, 5] 2520.4513486188375 600029.458303
-- 
Instance 1
seed: 1463996589121
--
SHC: [6, 23, 6, 8, 24, 8, 1, 24, 22, 12, 23, 13, 19, 13, 23, 14, 19, 17, 10, 25, 5, 24, 7, 9, 1, 3, 10, 8, 18, 22, 8, 5, 8, 14, 21, 8, 4, 6, 20, 8, 19, 13, 23, 20, 9, 24, 7, 12, 25, 25, 11, 11, 25, 25, 11, 5, 11, 21, 19, 1, 10, 8, 14, 7, 14, 6, 8, 5, 3, 20, 22, 20, 15, 4, 2, 6, 25, 12, 10, 25, 1, 25, 4, 25, 18, 8, 22, 20, 23, 20, 9, 24, 7, 1, 8, 21, 20, 6, 17, 15, 7, 7, 23, 14, 13, 17, 17, 9, 5, 22, 7, 15, 10, 15, 21, 13, 12, 18, 4, 13, 8, 25, 14, 20, 19, 1, 23, 14, 16, 25, 14, 16, 8, 23, 22, 6, 10, 18, 22, 7, 18, 25, 5, 5, 12, 2, 23, 11, 15, 19, 8, 6, 20, 22, 20, 5, 13, 25, 25, 11, 22, 5, 6, 3, 3, 2, 11, 6, 24, 10, 24, 19, 23, 17, 22, 16, 10, 2, 20, 17, 22, 3, 25, 7, 24, 18, 24, 7, 2, 14, 7, 22, 16, 1, 4, 21, 12, 20, 11, 17] 2846.5385556168376 600020.364765
SA: [23, 15, 14, 9, 19, 10, 3, 10, 23, 19, 16, 19, 11, 7, 16, 21, 9, 7, 16, 20, 21, 22, 1, 16, 14, 15, 3, 17, 6, 13, 19, 11, 11, 17, 24, 9, 24, 25, 25, 17, 24, 16, 19, 18, 13, 8, 9, 19, 18, 17, 23, 10, 20, 4, 23, 23, 16, 7, 8, 11, 11, 16, 21, 22, 21, 13, 15, 11, 5, 3, 12, 6, 21, 2, 11, 25, 12, 17, 8, 5, 18, 22, 23, 18, 24, 18, 13, 24, 3, 4, 25, 5, 19, 8, 9, 4, 2, 21, 5, 2, 1, 14, 9, 3, 4, 14, 25, 6, 2, 20, 15, 4, 12, 11, 19, 12, 9, 16, 12, 17, 11, 21, 19, 8, 6, 5, 10, 16, 13, 19, 23, 11, 17, 3, 7, 4, 23, 1, 24, 21, 20, 16, 16, 16, 17, 1, 3, 14, 12, 14, 5, 25, 17, 25, 1, 6, 18, 4, 18, 8, 3, 17, 11, 25, 25, 3, 15, 5, 3, 1, 25, 19, 21, 10, 4, 20, 20, 11, 22, 13, 25, 24, 14, 1, 25, 17, 19, 16, 14, 20, 18, 7, 21, 17, 22, 15, 22, 4, 14, 25] 2561.6887072146965 603196.451767
CLO: [10, 16, 10, 17, 13, 13, 21, 6, 4, 21, 23, 19, 14, 20, 2, 22, 17, 7, 3, 5, 24, 6, 21, 10, 3, 16, 17, 3, 15, 12, 4, 21, 2, 10, 18, 10, 13, 10, 19, 24, 23, 24, 18, 22, 15, 6, 12, 25, 25, 25, 23, 2, 9, 25, 14, 3, 9, 19, 22, 24, 20, 12, 12, 25, 24, 3, 18, 12, 18, 14, 19, 6, 10, 25, 21, 17, 16, 24, 4, 3, 22, 5, 2, 6, 14, 25, 21, 5, 20, 15, 25, 1, 2, 7, 3, 16, 11, 24, 7, 1, 23, 8, 16, 23, 23, 7, 23, 25, 22, 5, 22, 11, 25, 25, 7, 23, 7, 23, 19, 16, 17, 11, 8, 10, 24, 23, 4, 4, 10, 22, 1, 22, 6, 19, 8, 19, 15, 25, 20, 18, 17, 20, 9, 19, 7, 14, 8, 10, 8, 17, 10, 7, 20, 25, 8, 22, 15, 1, 1, 5, 6, 13, 21, 20, 24, 17, 14, 10, 15, 13, 15, 2, 19, 5, 23, 15, 10, 23, 4, 5, 1, 12, 15, 24, 19, 25, 10, 17, 12, 12, 18, 4, 9, 23, 14, 19, 9, 12, 20, 12] 2488.6934641760645 600008.299669
-- 
Instance 2
seed: 1463998405295
--
SHC: [15, 20, 16, 8, 8, 12, 3, 24, 7, 25, 22, 6, 11, 24, 3, 11, 2, 5, 6, 20, 5, 5, 1, 8, 9, 3, 16, 2, 10, 8, 24, 22, 21, 4, 2, 8, 17, 1, 11, 5, 8, 10, 6, 20, 15, 17, 5, 6, 6, 14, 9, 21, 19, 6, 1, 25, 1, 9, 19, 20, 12, 12, 6, 23, 24, 25, 9, 18, 1, 7, 7, 24, 5, 16, 4, 19, 20, 2, 16, 6, 5, 12, 13, 7, 24, 12, 21, 4, 2, 2, 10, 24, 22, 7, 16, 17, 3, 11, 12, 11, 23, 19, 20, 17, 5, 3, 2, 2, 10, 11, 10, 23, 9, 7, 5, 6, 20, 7, 9, 17, 13, 24, 20, 14, 10, 13, 11, 24, 9, 16, 3, 5, 17, 14, 24, 8, 11, 1, 13, 4, 12, 25, 1, 21, 20, 13, 1, 2, 22, 24, 4, 13, 21, 12, 1, 18, 18, 5, 24, 22, 3, 10, 21, 11, 12, 9, 24, 12, 4, 25, 17, 7, 23, 16, 23, 25, 23, 13, 16, 17, 20, 21, 23, 7, 10, 25, 8, 18, 22, 12, 13, 5, 1, 12, 6, 12, 22, 16, 24, 24] 2810.1581545764852 600002.578669
SA: [6, 7, 15, 10, 13, 22, 13, 15, 4, 23, 11, 3, 18, 10, 16, 6, 3, 15, 7, 25, 4, 9, 9, 22, 12, 17, 9, 3, 16, 10, 11, 16, 4, 2, 5, 25, 25, 16, 5, 4, 12, 19, 13, 6, 5, 4, 12, 8, 10, 13, 9, 19, 22, 3, 25, 22, 18, 6, 24, 6, 16, 17, 22, 7, 22, 5, 3, 6, 10, 21, 13, 23, 16, 4, 3, 3, 25, 1, 24, 19, 9, 24, 6, 24, 24, 21, 11, 5, 8, 18, 2, 3, 11, 19, 24, 15, 9, 12, 10, 11, 10, 3, 1, 21, 5, 20, 14, 4, 6, 1, 15, 7, 10, 23, 12, 4, 20, 4, 19, 25, 5, 23, 15, 22, 20, 3, 24, 20, 4, 18, 15, 4, 6, 13, 13, 3, 14, 21, 6, 17, 9, 14, 11, 20, 15, 1, 9, 10, 5, 4, 17, 20, 20, 15, 19, 21, 12, 9, 13, 17, 14, 2, 8, 5, 7, 22, 24, 19, 6, 23, 6, 2, 2, 21, 17, 21, 6, 12, 19, 23, 7, 24, 13, 23, 15, 23, 3, 3, 19, 25, 22, 2, 9, 19, 17, 3, 11, 1, 4, 4] 2453.497947104789 602182.468678
CLO: [4, 1, 5, 13, 22, 4, 11, 19, 22, 16, 22, 2, 14, 12, 3, 19, 15, 4, 23, 6, 12, 21, 4, 12, 6, 7, 10, 8, 13, 17, 15, 12, 22, 14, 21, 25, 10, 5, 17, 24, 7, 11, 5, 6, 5, 22, 14, 20, 10, 8, 7, 17, 1, 1, 3, 19, 3, 6, 7, 11, 16, 24, 4, 15, 2, 19, 22, 15, 24, 12, 16, 12, 18, 25, 18, 8, 9, 21, 1, 21, 14, 23, 20, 11, 5, 5, 5, 13, 8, 17, 5, 23, 23, 10, 7, 13, 15, 23, 22, 1, 14, 7, 10, 5, 5, 17, 9, 8, 12, 17, 16, 2, 6, 20, 20, 3, 12, 25, 2, 10, 3, 4, 20, 5, 20, 18, 3, 20, 17, 10, 23, 3, 17, 9, 23, 12, 8, 20, 10, 12, 13, 23, 22, 7, 5, 11, 13, 15, 17, 16, 22, 9, 2, 11, 24, 15, 24, 5, 19, 16, 15, 2, 11, 3, 5, 24, 11, 23, 11, 14, 11, 17, 4, 24, 4, 14, 21, 15, 4, 22, 1, 22, 11, 13, 10, 5, 5, 7, 25, 11, 14, 19, 21, 13, 11, 12, 6, 14, 7, 23] 2517.996102291812 600030.969209
-- 
Instance 3
seed: 1464000222398
--
SHC: [24, 6, 21, 12, 12, 18, 23, 19, 24, 13, 16, 2, 18, 8, 15, 11, 9, 16, 15, 16, 3, 21, 11, 17, 3, 8, 7, 7, 7, 21, 5, 22, 17, 22, 13, 23, 1, 2, 24, 23, 25, 17, 11, 24, 24, 11, 16, 2, 5, 14, 21, 13, 24, 14, 4, 22, 24, 1, 4, 1, 20, 25, 8, 9, 15, 22, 15, 12, 13, 20, 2, 5, 6, 20, 4, 10, 24, 22, 16, 9, 19, 8, 22, 25, 18, 21, 7, 6, 8, 13, 3, 8, 22, 21, 25, 16, 20, 10, 13, 11, 5, 5, 16, 15, 21, 16, 3, 19, 8, 23, 10, 13, 24, 20, 7, 3, 22, 22, 20, 17, 16, 18, 4, 21, 25, 7, 18, 5, 17, 10, 19, 18, 9, 17, 6, 10, 5, 7, 6, 22, 1, 25, 22, 22, 3, 22, 20, 14, 24, 6, 22, 7, 4, 6, 12, 23, 2, 25, 5, 24, 19, 12, 11, 2, 8, 25, 1, 18, 17, 23, 6, 1, 4, 9, 15, 15, 4, 15, 16, 6, 7, 17, 16, 8, 4, 5, 16, 2, 18, 9, 23, 1, 4, 3, 23, 19, 23, 6, 4, 10] 2619.213916776037 600021.209743
SA: [2, 14, 3, 20, 21, 2, 2, 5, 16, 11, 10, 16, 9, 10, 24, 4, 11, 4, 23, 21, 23, 10, 5, 4, 7, 6, 16, 17, 17, 24, 19, 21, 17, 24, 15, 12, 4, 10, 1, 6, 4, 25, 4, 18, 16, 16, 12, 18, 14, 6, 1, 24, 18, 25, 9, 25, 7, 1, 9, 16, 7, 2, 13, 16, 10, 4, 20, 25, 7, 16, 7, 12, 22, 15, 1, 8, 5, 8, 9, 10, 17, 15, 13, 16, 5, 21, 14, 1, 17, 23, 1, 16, 18, 11, 9, 16, 20, 7, 9, 9, 6, 24, 12, 5, 5, 10, 20, 23, 5, 18, 15, 15, 11, 21, 3, 17, 16, 3, 3, 15, 14, 8, 13, 10, 12, 10, 14, 5, 10, 6, 10, 20, 14, 21, 15, 11, 2, 4, 11, 5, 11, 4, 8, 11, 21, 21, 15, 13, 11, 7, 15, 19, 7, 5, 4, 22, 4, 2, 12, 11, 5, 5, 8, 6, 9, 9, 18, 24, 12, 18, 4, 23, 23, 10, 11, 18, 23, 8, 18, 6, 8, 6, 25, 2, 19, 1, 6, 16, 6, 14, 8, 16, 23, 20, 3, 1, 9, 7, 21, 5] 2408.976079713795 601578.807439
CLO: [6, 5, 4, 7, 21, 25, 14, 21, 2, 9, 4, 1, 9, 1, 8, 23, 25, 1, 4, 5, 7, 11, 19, 14, 2, 20, 18, 15, 10, 9, 10, 22, 3, 1, 25, 24, 7, 13, 17, 6, 11, 9, 24, 7, 12, 16, 4, 17, 25, 9, 1, 15, 19, 10, 24, 5, 6, 22, 25, 5, 1, 25, 11, 23, 20, 22, 8, 6, 25, 15, 16, 23, 16, 19, 5, 6, 14, 7, 15, 14, 9, 9, 12, 3, 13, 9, 2, 16, 8, 8, 9, 3, 6, 3, 24, 21, 8, 18, 3, 24, 14, 25, 4, 23, 12, 7, 5, 15, 4, 21, 9, 16, 12, 17, 5, 7, 3, 17, 15, 14, 23, 21, 1, 18, 17, 24, 18, 1, 13, 12, 12, 1, 10, 14, 19, 2, 12, 1, 3, 14, 2, 14, 22, 11, 11, 2, 14, 25, 18, 19, 25, 6, 6, 22, 18, 19, 1, 5, 15, 15, 14, 22, 17, 15, 23, 1, 16, 24, 14, 22, 3, 21, 11, 22, 22, 19, 9, 9, 3, 1, 9, 15, 4, 22, 16, 14, 11, 11, 24, 13, 21, 3, 19, 19, 25, 18, 22, 25, 25, 9] 2409.644613855336 600028.30099
-- 
Instance 4
seed: 1464002036055
--
SHC: [13, 14, 14, 22, 12, 6, 2, 7, 10, 18, 23, 21, 5, 23, 14, 15, 8, 10, 5, 16, 11, 11, 16, 20, 9, 19, 13, 24, 2, 24, 12, 7, 25, 14, 7, 13, 4, 15, 14, 16, 10, 5, 19, 20, 16, 6, 13, 11, 11, 16, 7, 14, 25, 4, 22, 10, 1, 22, 8, 21, 25, 7, 18, 25, 24, 16, 18, 4, 9, 19, 4, 2, 14, 14, 8, 23, 6, 14, 18, 1, 19, 5, 12, 23, 6, 15, 13, 7, 5, 20, 21, 18, 4, 17, 24, 13, 9, 20, 7, 13, 13, 23, 8, 6, 5, 3, 25, 17, 3, 23, 19, 4, 20, 24, 6, 22, 3, 19, 11, 7, 7, 1, 24, 1, 20, 7, 20, 17, 24, 2, 3, 12, 14, 15, 3, 22, 4, 15, 24, 14, 18, 22, 5, 18, 2, 10, 2, 16, 15, 8, 21, 22, 19, 21, 4, 8, 13, 2, 9, 3, 8, 16, 17, 2, 13, 10, 8, 21, 16, 18, 24, 12, 19, 8, 12, 9, 14, 13, 19, 23, 7, 1, 2, 3, 18, 3, 11, 24, 7, 16, 25, 19, 10, 3, 24, 18, 3, 13, 14, 8] 2563.4543116676277 600022.97024
SA: [25, 9, 20, 16, 6, 7, 25, 2, 1, 22, 11, 14, 23, 22, 12, 7, 9, 11, 4, 10, 17, 23, 19, 10, 19, 18, 11, 11, 9, 21, 9, 10, 24, 8, 14, 18, 12, 5, 2, 1, 12, 3, 1, 19, 4, 8, 13, 3, 16, 13, 24, 8, 4, 17, 13, 4, 9, 25, 9, 23, 7, 14, 12, 20, 2, 5, 21, 9, 1, 4, 11, 10, 7, 1, 18, 13, 10, 1, 13, 1, 2, 20, 17, 8, 7, 15, 14, 2, 2, 21, 12, 19, 17, 20, 12, 23, 7, 25, 24, 8, 15, 21, 3, 10, 23, 2, 8, 18, 10, 6, 24, 3, 8, 16, 15, 18, 20, 15, 19, 24, 10, 15, 7, 16, 6, 1, 22, 14, 12, 8, 17, 7, 21, 1, 6, 24, 19, 21, 5, 4, 14, 6, 17, 9, 24, 2, 13, 8, 3, 6, 2, 13, 5, 12, 7, 5, 18, 25, 21, 25, 24, 6, 17, 4, 10, 11, 8, 12, 1, 15, 7, 6, 21, 1, 4, 8, 17, 14, 16, 1, 18, 13, 10, 6, 14, 9, 22, 16, 8, 6, 12, 18, 6, 9, 11, 19, 19, 21, 11, 2] 2259.4568814212885 601367.772957
CLO: [3, 7, 13, 2, 23, 19, 16, 6, 17, 7, 22, 17, 2, 22, 11, 9, 21, 2, 21, 19, 8, 22, 1, 14, 5, 2, 24, 22, 5, 16, 9, 6, 1, 25, 16, 2, 11, 13, 23, 22, 6, 16, 12, 25, 15, 11, 5, 1, 20, 18, 18, 3, 21, 18, 21, 13, 16, 6, 10, 2, 12, 18, 25, 1, 22, 16, 2, 20, 5, 7, 25, 10, 1, 17, 9, 4, 10, 4, 5, 6, 19, 21, 24, 10, 13, 18, 14, 24, 16, 10, 4, 12, 8, 3, 11, 17, 5, 24, 21, 3, 4, 18, 8, 12, 14, 19, 6, 5, 15, 5, 1, 16, 12, 2, 23, 2, 24, 5, 16, 9, 25, 16, 17, 8, 13, 17, 11, 24, 11, 6, 22, 13, 24, 20, 3, 21, 18, 15, 2, 7, 4, 23, 7, 10, 14, 24, 9, 20, 9, 22, 20, 5, 3, 2, 6, 8, 8, 10, 19, 8, 6, 10, 14, 14, 20, 23, 19, 13, 23, 10, 21, 15, 21, 13, 12, 19, 7, 21, 21, 4, 11, 17, 21, 2, 6, 18, 12, 4, 12, 12, 8, 12, 5, 7, 3, 19, 12, 18, 19, 14] 2604.2330390446023 600010.569657
-- 
Instance 5
seed: 1464003849694
--
SHC: [20, 6, 8, 13, 5, 1, 7, 23, 1, 17, 8, 25, 24, 11, 21, 23, 7, 14, 13, 2, 19, 20, 7, 12, 10, 23, 12, 22, 17, 15, 7, 14, 12, 15, 20, 18, 1, 22, 13, 11, 23, 21, 17, 2, 11, 11, 3, 3, 18, 16, 15, 21, 1, 17, 2, 8, 7, 25, 17, 8, 5, 2, 13, 1, 21, 10, 12, 8, 17, 19, 9, 23, 25, 20, 10, 25, 17, 13, 13, 5, 2, 15, 2, 20, 6, 14, 11, 20, 16, 12, 12, 4, 21, 16, 21, 18, 21, 1, 10, 3, 13, 24, 3, 24, 9, 25, 4, 13, 23, 6, 7, 13, 19, 20, 8, 6, 9, 17, 18, 10, 1, 20, 21, 20, 25, 17, 4, 18, 11, 24, 9, 6, 17, 25, 25, 10, 11, 13, 18, 14, 18, 24, 6, 17, 12, 17, 18, 14, 18, 15, 21, 2, 8, 1, 13, 10, 5, 11, 2, 3, 23, 9, 12, 19, 23, 21, 19, 18, 12, 15, 17, 13, 14, 9, 23, 4, 25, 6, 6, 20, 22, 3, 9, 20, 18, 11, 8, 10, 1, 6, 17, 8, 25, 2, 4, 18, 14, 15, 3, 3] 2728.0940077167247 600017.792521
SA: [10, 6, 21, 9, 20, 17, 24, 3, 23, 10, 25, 1, 6, 5, 8, 17, 8, 13, 18, 17, 25, 25, 24, 23, 18, 10, 19, 23, 7, 14, 12, 2, 4, 6, 4, 25, 22, 15, 10, 14, 19, 15, 21, 11, 22, 10, 5, 6, 21, 22, 17, 8, 8, 10, 12, 24, 23, 9, 11, 15, 20, 19, 4, 18, 2, 23, 10, 25, 9, 11, 17, 16, 17, 18, 19, 9, 18, 1, 13, 11, 2, 19, 25, 20, 19, 23, 7, 23, 3, 16, 14, 13, 13, 5, 21, 7, 23, 2, 16, 10, 14, 25, 22, 10, 18, 8, 11, 12, 4, 6, 13, 14, 1, 2, 1, 13, 16, 15, 2, 3, 12, 12, 17, 8, 16, 5, 22, 20, 7, 18, 8, 5, 10, 9, 6, 14, 5, 12, 9, 3, 7, 11, 13, 9, 7, 12, 14, 6, 8, 25, 23, 14, 1, 18, 25, 3, 21, 5, 15, 18, 19, 18, 9, 18, 16, 5, 15, 9, 1, 14, 17, 22, 21, 5, 7, 15, 14, 3, 19, 1, 4, 5, 21, 15, 1, 14, 20, 19, 25, 18, 20, 19, 23, 8, 19, 21, 1, 4, 3, 8] 2450.7122185339226 600965.321289
CLO: [14, 4, 9, 22, 5, 14, 19, 4, 16, 5, 13, 20, 3, 1, 18, 9, 15, 8, 1, 1, 14, 1, 20, 19, 14, 15, 6, 16, 10, 3, 4, 1, 18, 6, 1, 17, 23, 12, 8, 3, 5, 3, 25, 21, 12, 2, 19, 1, 18, 6, 17, 18, 12, 5, 11, 3, 17, 20, 22, 25, 24, 25, 22, 20, 3, 23, 20, 13, 20, 12, 25, 9, 17, 1, 20, 11, 16, 24, 25, 2, 1, 6, 6, 21, 7, 17, 12, 14, 8, 10, 1, 4, 5, 3, 18, 1, 13, 1, 16, 7, 16, 22, 25, 3, 20, 1, 5, 19, 2, 25, 1, 22, 24, 20, 4, 11, 22, 16, 25, 18, 14, 25, 10, 8, 15, 5, 15, 24, 23, 17, 13, 4, 16, 10, 5, 17, 18, 24, 19, 11, 23, 18, 10, 3, 22, 8, 1, 11, 18, 18, 24, 8, 5, 7, 20, 20, 3, 7, 10, 7, 11, 23, 15, 20, 20, 18, 21, 12, 23, 2, 1, 22, 25, 23, 19, 18, 17, 19, 13, 7, 21, 5, 18, 1, 12, 10, 8, 9, 9, 9, 1, 25, 12, 10, 9, 9, 12, 21, 24, 13] 2380.4444163876647 600010.037691
-- 
Instance 6
seed: 1464005663491
--
SHC: [12, 5, 14, 12, 22, 6, 2, 16, 19, 16, 2, 17, 14, 8, 13, 5, 7, 12, 23, 25, 20, 7, 21, 5, 17, 7, 11, 20, 12, 9, 24, 14, 11, 19, 9, 7, 11, 18, 14, 21, 3, 2, 12, 11, 4, 5, 12, 3, 12, 22, 8, 7, 24, 11, 8, 3, 20, 23, 7, 24, 3, 3, 17, 24, 5, 9, 25, 9, 3, 20, 23, 21, 20, 6, 19, 23, 17, 13, 5, 25, 17, 2, 16, 6, 15, 1, 21, 21, 19, 7, 3, 20, 5, 25, 9, 7, 4, 10, 1, 16, 9, 21, 23, 13, 21, 2, 15, 14, 17, 11, 12, 21, 10, 1, 23, 13, 17, 11, 4, 21, 13, 17, 22, 15, 12, 3, 12, 24, 16, 1, 18, 24, 25, 13, 22, 2, 5, 17, 8, 10, 2, 15, 23, 16, 7, 6, 6, 2, 3, 12, 6, 19, 23, 5, 12, 5, 18, 14, 10, 10, 24, 7, 11, 9, 14, 21, 6, 9, 22, 15, 25, 3, 23, 21, 18, 5, 2, 12, 12, 11, 9, 11, 9, 18, 16, 8, 25, 19, 17, 2, 21, 11, 22, 3, 5, 12, 6, 16, 13, 21] 2660.787907529383 600032.103289
SA: [8, 1, 21, 19, 5, 25, 10, 11, 7, 13, 9, 11, 22, 18, 23, 18, 8, 15, 1, 25, 12, 6, 5, 7, 6, 21, 9, 13, 25, 20, 8, 13, 20, 23, 1, 14, 5, 10, 15, 23, 9, 5, 4, 6, 7, 19, 17, 8, 6, 3, 20, 6, 14, 12, 22, 23, 15, 5, 7, 13, 12, 23, 19, 21, 17, 14, 17, 12, 21, 2, 4, 25, 16, 4, 22, 22, 6, 19, 11, 11, 6, 9, 3, 25, 7, 11, 2, 19, 18, 6, 8, 22, 16, 14, 20, 12, 12, 16, 7, 13, 13, 5, 4, 17, 19, 14, 3, 24, 17, 2, 25, 11, 22, 14, 4, 9, 22, 20, 13, 3, 15, 21, 24, 11, 11, 14, 21, 14, 9, 10, 14, 9, 24, 3, 9, 16, 10, 16, 13, 7, 8, 10, 20, 25, 22, 3, 18, 6, 5, 25, 25, 22, 18, 7, 13, 19, 3, 24, 14, 16, 9, 7, 10, 12, 19, 18, 23, 25, 9, 6, 10, 7, 11, 10, 2, 5, 12, 7, 3, 12, 24, 20, 16, 9, 5, 13, 21, 8, 19, 7, 7, 4, 14, 7, 23, 7, 19, 7, 11, 22] 2368.2444812481917 601669.165844
CLO: [19, 8, 20, 25, 5, 9, 19, 18, 12, 8, 1, 19, 20, 16, 25, 6, 19, 11, 9, 21, 18, 20, 3, 1, 25, 19, 1, 9, 19, 9, 18, 25, 25, 20, 1, 11, 12, 9, 23, 22, 2, 13, 17, 18, 23, 20, 12, 8, 2, 12, 25, 14, 25, 21, 5, 8, 1, 3, 5, 13, 15, 17, 2, 14, 13, 5, 25, 11, 15, 9, 21, 3, 19, 9, 1, 16, 11, 5, 14, 10, 24, 16, 24, 14, 13, 4, 25, 10, 12, 3, 24, 5, 17, 23, 19, 2, 18, 11, 17, 19, 15, 16, 9, 23, 23, 14, 7, 3, 10, 1, 18, 9, 22, 22, 19, 23, 8, 23, 19, 6, 16, 18, 6, 16, 23, 25, 18, 17, 2, 16, 19, 16, 8, 24, 19, 8, 15, 18, 21, 11, 7, 25, 22, 13, 2, 15, 11, 9, 24, 13, 11, 21, 19, 5, 1, 9, 13, 6, 6, 19, 11, 11, 1, 24, 19, 7, 12, 20, 20, 2, 3, 17, 3, 16, 5, 9, 4, 11, 20, 7, 24, 19, 17, 8, 10, 9, 22, 16, 12, 13, 17, 19, 18, 20, 14, 23, 16, 24, 20, 22] 2281.2339613899944 600002.282052
-- 
Instance 7
seed: 1464007478175
--
SHC: [8, 13, 12, 16, 12, 12, 15, 2, 1, 15, 10, 18, 6, 6, 2, 24, 8, 12, 14, 2, 17, 21, 20, 3, 14, 16, 23, 14, 14, 18, 2, 7, 1, 1, 21, 9, 4, 6, 12, 8, 9, 13, 13, 9, 5, 18, 10, 24, 11, 16, 24, 23, 22, 3, 25, 4, 8, 12, 24, 24, 23, 9, 20, 24, 5, 2, 9, 15, 17, 13, 24, 9, 22, 11, 22, 2, 10, 4, 2, 25, 19, 13, 25, 8, 15, 14, 3, 2, 13, 21, 24, 14, 23, 25, 21, 20, 19, 24, 1, 13, 20, 14, 4, 13, 3, 11, 21, 3, 3, 25, 17, 16, 17, 16, 25, 13, 17, 20, 16, 10, 2, 25, 4, 22, 19, 20, 16, 19, 24, 1, 11, 8, 19, 24, 3, 8, 24, 20, 19, 23, 18, 23, 16, 6, 15, 19, 5, 25, 2, 11, 19, 22, 3, 6, 13, 16, 12, 14, 19, 10, 14, 19, 6, 19, 21, 3, 16, 20, 23, 15, 23, 6, 10, 5, 17, 17, 24, 5, 9, 3, 10, 21, 15, 2, 20, 9, 3, 9, 21, 12, 4, 12, 7, 9, 14, 15, 24, 23, 21, 10] 2479.6919715417007 600003.016598
SA: [11, 21, 23, 23, 1, 8, 3, 2, 25, 17, 14, 9, 19, 11, 11, 21, 6, 3, 13, 15, 18, 15, 5, 10, 15, 2, 13, 15, 6, 17, 16, 5, 18, 22, 3, 12, 21, 7, 12, 16, 11, 18, 10, 10, 14, 20, 1, 19, 4, 22, 17, 2, 6, 15, 17, 21, 19, 4, 5, 6, 22, 16, 2, 9, 19, 2, 22, 9, 22, 2, 24, 1, 3, 2, 20, 23, 25, 22, 25, 22, 3, 7, 21, 4, 11, 12, 19, 25, 19, 1, 14, 15, 4, 6, 21, 15, 5, 18, 20, 2, 7, 22, 3, 12, 14, 9, 23, 3, 15, 18, 9, 1, 13, 18, 11, 3, 9, 13, 13, 16, 1, 25, 17, 3, 9, 15, 1, 12, 1, 11, 10, 20, 10, 4, 1, 18, 11, 24, 25, 24, 2, 15, 16, 20, 20, 19, 6, 20, 24, 13, 18, 7, 10, 15, 19, 6, 6, 6, 18, 18, 25, 7, 7, 2, 23, 5, 23, 3, 9, 5, 20, 23, 18, 24, 7, 14, 8, 19, 17, 16, 8, 6, 22, 16, 22, 23, 19, 22, 17, 2, 18, 7, 6, 7, 18, 20, 1, 5, 4, 5] 2581.4235241325587 600641.205373
CLO: [21, 25, 16, 9, 20, 24, 24, 15, 9, 25, 20, 19, 25, 20, 16, 3, 24, 10, 12, 8, 8, 14, 18, 24, 24, 19, 15, 14, 1, 14, 12, 18, 19, 3, 20, 7, 21, 8, 25, 8, 11, 4, 19, 9, 21, 6, 14, 14, 22, 16, 14, 9, 20, 18, 15, 9, 19, 10, 5, 10, 11, 20, 19, 5, 18, 24, 18, 6, 20, 24, 8, 6, 5, 12, 3, 25, 17, 6, 24, 16, 4, 1, 2, 19, 2, 16, 12, 18, 6, 19, 18, 8, 23, 25, 6, 20, 10, 8, 9, 19, 14, 11, 7, 2, 9, 7, 4, 10, 19, 5, 10, 25, 4, 24, 12, 13, 1, 25, 16, 21, 11, 19, 19, 21, 2, 17, 17, 14, 25, 3, 18, 4, 14, 8, 17, 24, 15, 1, 23, 6, 8, 15, 9, 3, 4, 13, 18, 15, 23, 11, 9, 7, 4, 7, 1, 2, 7, 6, 25, 15, 13, 1, 5, 1, 3, 25, 19, 5, 13, 3, 3, 16, 10, 9, 21, 14, 8, 21, 1, 17, 19, 16, 2, 14, 8, 1, 9, 12, 22, 24, 24, 12, 4, 2, 24, 21, 23, 11, 23, 17] 2680.727726569277 600007.665653
-- 
Instance 8
seed: 1464009291065
--
SHC: [25, 14, 11, 24, 9, 15, 19, 18, 5, 3, 13, 7, 2, 4, 4, 17, 23, 23, 15, 12, 16, 15, 4, 9, 4, 15, 18, 25, 14, 18, 14, 1, 13, 2, 4, 24, 8, 21, 11, 19, 21, 5, 12, 11, 19, 25, 13, 1, 12, 2, 10, 17, 18, 7, 6, 3, 24, 4, 8, 11, 20, 7, 2, 13, 21, 14, 2, 13, 14, 8, 13, 7, 10, 18, 25, 5, 11, 22, 12, 9, 20, 10, 21, 9, 6, 4, 2, 14, 22, 22, 25, 1, 7, 22, 12, 25, 2, 9, 8, 4, 19, 15, 18, 25, 5, 24, 16, 7, 12, 11, 9, 14, 17, 25, 10, 14, 21, 15, 23, 21, 16, 13, 4, 17, 13, 17, 14, 11, 25, 18, 18, 24, 12, 14, 16, 6, 4, 6, 3, 18, 13, 17, 25, 16, 24, 8, 17, 10, 4, 11, 24, 2, 15, 6, 17, 14, 5, 9, 9, 8, 17, 3, 15, 14, 5, 3, 2, 9, 14, 2, 25, 13, 4, 6, 10, 5, 6, 8, 16, 22, 20, 22, 18, 12, 5, 12, 14, 20, 12, 10, 15, 9, 1, 3, 11, 23, 2, 22, 23, 1] 2570.9028309345126 600015.962196
SA: [8, 25, 9, 15, 1, 14, 13, 16, 9, 23, 2, 17, 22, 1, 12, 3, 17, 19, 16, 3, 1, 1, 14, 14, 11, 12, 19, 6, 15, 20, 9, 13, 21, 25, 3, 5, 24, 15, 22, 12, 5, 4, 8, 17, 5, 23, 8, 23, 3, 7, 6, 13, 5, 7, 22, 3, 1, 11, 16, 10, 16, 12, 8, 8, 19, 4, 8, 18, 17, 7, 24, 16, 24, 8, 21, 21, 4, 20, 6, 11, 13, 19, 14, 16, 15, 4, 25, 23, 13, 2, 24, 13, 20, 25, 16, 4, 18, 25, 3, 18, 10, 19, 14, 19, 11, 1, 11, 15, 12, 5, 8, 11, 9, 2, 11, 2, 23, 21, 21, 19, 13, 19, 20, 24, 3, 14, 4, 3, 21, 24, 2, 17, 8, 1, 3, 20, 14, 22, 16, 6, 5, 11, 1, 6, 16, 23, 9, 11, 14, 12, 1, 14, 15, 2, 19, 16, 24, 3, 7, 10, 22, 11, 4, 18, 14, 1, 6, 2, 25, 19, 3, 24, 17, 13, 11, 14, 1, 16, 14, 11, 7, 18, 17, 2, 22, 7, 7, 11, 9, 23, 15, 25, 24, 25, 22, 3, 9, 16, 10, 16] 2347.387192874184 603228.248041
CLO: [19, 15, 3, 8, 11, 8, 5, 24, 10, 1, 25, 10, 4, 18, 24, 21, 18, 22, 20, 19, 3, 21, 21, 7, 23, 22, 22, 24, 2, 16, 25, 23, 6, 15, 1, 1, 24, 14, 4, 17, 3, 24, 14, 4, 24, 4, 3, 25, 2, 20, 2, 23, 18, 4, 8, 6, 10, 3, 3, 14, 2, 20, 20, 16, 2, 17, 17, 25, 21, 3, 8, 17, 4, 5, 17, 16, 1, 15, 1, 3, 2, 25, 7, 21, 7, 18, 23, 1, 15, 25, 22, 3, 24, 10, 10, 11, 7, 17, 21, 11, 20, 17, 16, 4, 17, 4, 6, 11, 12, 14, 16, 14, 12, 5, 18, 1, 18, 23, 2, 14, 24, 20, 2, 10, 14, 2, 12, 13, 25, 22, 10, 1, 13, 9, 2, 1, 14, 10, 5, 11, 16, 10, 22, 13, 17, 18, 14, 23, 2, 23, 1, 20, 11, 22, 15, 14, 3, 3, 21, 18, 11, 4, 2, 10, 4, 21, 15, 21, 1, 14, 20, 13, 8, 14, 1, 24, 12, 21, 5, 10, 19, 18, 24, 6, 11, 15, 10, 21, 5, 19, 20, 25, 4, 17, 11, 6, 24, 18, 4, 15] 2455.797995943585 600026.617061
-- 
Instance 9
seed: 1464011108733
--
SHC: [7, 19, 24, 23, 14, 9, 4, 20, 11, 14, 18, 14, 17, 6, 4, 10, 9, 19, 9, 22, 21, 1, 10, 25, 19, 13, 1, 17, 18, 8, 11, 24, 5, 20, 19, 3, 20, 15, 2, 24, 11, 11, 16, 15, 17, 20, 16, 21, 11, 4, 15, 3, 16, 10, 9, 5, 19, 9, 9, 17, 13, 21, 23, 7, 20, 23, 13, 9, 22, 3, 4, 2, 14, 2, 14, 5, 20, 2, 18, 7, 10, 24, 13, 9, 9, 2, 11, 22, 10, 16, 15, 2, 13, 22, 13, 19, 21, 14, 11, 13, 2, 22, 18, 21, 23, 22, 4, 23, 19, 24, 25, 11, 11, 19, 25, 10, 15, 13, 1, 14, 9, 17, 22, 5, 12, 10, 16, 24, 15, 12, 17, 16, 14, 9, 9, 14, 18, 1, 14, 10, 7, 5, 7, 2, 3, 8, 21, 12, 23, 21, 15, 10, 17, 8, 12, 17, 17, 16, 8, 11, 2, 5, 5, 12, 22, 6, 5, 11, 18, 6, 11, 3, 13, 10, 7, 24, 4, 16, 10, 11, 19, 3, 22, 21, 12, 20, 12, 15, 17, 24, 1, 19, 2, 8, 2, 13, 13, 9, 12, 18] 2658.337989060768 600021.369225
SA: [11, 12, 14, 23, 17, 16, 8, 1, 20, 5, 19, 3, 11, 5, 17, 9, 23, 23, 2, 1, 9, 3, 6, 25, 23, 16, 4, 9, 19, 14, 14, 16, 13, 20, 6, 1, 13, 8, 2, 5, 1, 10, 12, 9, 15, 10, 4, 10, 8, 17, 10, 6, 18, 20, 11, 11, 13, 16, 8, 9, 12, 1, 4, 18, 3, 11, 17, 19, 17, 9, 13, 19, 17, 6, 10, 14, 4, 23, 6, 16, 24, 21, 9, 10, 19, 15, 10, 12, 2, 14, 1, 15, 24, 25, 8, 21, 3, 24, 24, 22, 15, 11, 15, 3, 13, 21, 7, 12, 12, 4, 14, 17, 4, 20, 19, 22, 5, 8, 10, 10, 11, 23, 4, 5, 9, 7, 24, 21, 17, 8, 17, 19, 25, 8, 4, 4, 16, 10, 16, 14, 17, 11, 1, 13, 25, 14, 20, 21, 19, 2, 13, 1, 12, 6, 6, 1, 20, 9, 8, 13, 25, 23, 25, 9, 6, 15, 10, 3, 11, 17, 4, 20, 14, 5, 10, 4, 8, 24, 25, 22, 15, 6, 1, 16, 13, 1, 18, 13, 12, 1, 22, 21, 14, 9, 10, 12, 6, 23, 5, 12] 2531.947557215758 600551.330341
CLO: [14, 6, 25, 22, 17, 14, 8, 4, 15, 19, 4, 24, 6, 23, 8, 3, 18, 2, 20, 20, 3, 5, 8, 19, 8, 9, 16, 12, 10, 18, 12, 17, 10, 18, 11, 4, 14, 7, 14, 8, 7, 1, 7, 24, 17, 17, 4, 10, 15, 11, 8, 11, 18, 13, 12, 14, 14, 16, 9, 11, 12, 10, 12, 2, 25, 11, 18, 17, 25, 9, 22, 6, 25, 17, 7, 23, 2, 5, 7, 19, 17, 24, 7, 7, 25, 6, 7, 25, 9, 21, 20, 9, 20, 6, 21, 23, 8, 18, 22, 10, 21, 7, 24, 19, 20, 13, 21, 11, 13, 9, 13, 16, 17, 16, 19, 17, 18, 25, 23, 25, 20, 2, 15, 7, 24, 15, 1, 5, 12, 11, 3, 5, 15, 23, 16, 14, 12, 11, 5, 14, 24, 13, 19, 3, 13, 18, 6, 2, 18, 8, 6, 22, 22, 18, 12, 19, 16, 16, 22, 16, 21, 19, 8, 3, 9, 21, 12, 25, 5, 10, 10, 14, 17, 19, 18, 25, 3, 7, 25, 7, 25, 2, 10, 25, 25, 24, 13, 13, 23, 10, 1, 21, 5, 15, 3, 14, 24, 5, 14, 1] 2645.3986282271644 600012.410812
-- Summary -- 
*SHC*
Found PNE: 0/10
Approx Average: 2649.622415057913
*SA*
Found PNE: 0/10
Approx Average: 2438.462182592079
*CLO*
Found PNE: 0/10
Approx Average: 2498.462129650434
