Number of instances: 10
Game: Normal Form Game
Players: 500
Actions: 30
Metaheuristics time: 600
-- 
Instance 0
seed: 1463994767556
--
SHC: [4, 24, 15, 5, 7, 17, 30, 19, 11, 7, 19, 12, 27, 19, 29, 30, 12, 4, 1, 28, 21, 16, 14, 13, 29, 29, 9, 27, 27, 24, 21, 6, 10, 26, 17, 10, 17, 19, 21, 1, 3, 6, 11, 3, 14, 18, 5, 8, 20, 12, 8, 7, 3, 16, 17, 27, 9, 30, 4, 13, 1, 25, 28, 24, 25, 3, 5, 17, 3, 6, 20, 28, 30, 28, 16, 25, 23, 26, 13, 5, 16, 20, 3, 13, 27, 20, 20, 13, 17, 2, 2, 7, 14, 3, 6, 25, 19, 4, 14, 13, 10, 28, 17, 1, 30, 11, 8, 1, 27, 28, 23, 18, 24, 26, 9, 5, 28, 1, 9, 7, 4, 16, 28, 28, 25, 27, 11, 23, 19, 17, 21, 24, 22, 15, 27, 27, 18, 2, 11, 4, 16, 23, 25, 26, 10, 8, 9, 17, 22, 4, 14, 6, 3, 27, 9, 16, 19, 6, 3, 7, 1, 22, 9, 2, 5, 14, 22, 26, 22, 9, 14, 18, 17, 4, 27, 15, 7, 16, 27, 16, 6, 16, 29, 28, 17, 17, 26, 7, 7, 19, 9, 12, 7, 5, 21, 27, 22, 28, 16, 16, 20, 8, 5, 9, 30, 24, 27, 17, 14, 18, 6, 11, 29, 14, 24, 9, 26, 10, 14, 23, 21, 5, 29, 2, 21, 12, 26, 27, 23, 16, 4, 5, 11, 17, 25, 28, 14, 21, 28, 1, 27, 24, 9, 26, 2, 17, 12, 25, 16, 26, 5, 7, 12, 11, 15, 23, 10, 12, 21, 18, 12, 10, 12, 6, 25, 8, 7, 14, 22, 26, 28, 28, 12, 18, 21, 9, 21, 22, 5, 15, 7, 1, 2, 30, 7, 24, 23, 2, 15, 10, 24, 7, 7, 9, 28, 6, 21, 11, 16, 25, 17, 11, 1, 18, 19, 20, 25, 27, 9, 30, 13, 26, 19, 1, 10, 21, 14, 11, 29, 17, 19, 28, 28, 16, 29, 3, 26, 13, 27, 6, 8, 20, 17, 23, 6, 27, 30, 11, 25, 21, 13, 26, 16, 3, 27, 30, 20, 22, 24, 17, 23, 18, 6, 13, 28, 4, 5, 15, 18, 27, 7, 7, 2, 20, 8, 16, 28, 18, 10, 12, 8, 5, 11, 17, 14, 22, 17, 8, 13, 1, 10, 15, 25, 20, 1, 20, 8, 6, 22, 15, 29, 9, 8, 20, 15, 27, 4, 5, 13, 3, 20, 9, 11, 2, 8, 14, 13, 7, 1, 25, 7, 30, 28, 8, 20, 14, 9, 1, 5, 16, 20, 10, 1, 19, 23, 19, 6, 19, 9, 21, 18, 23, 13, 27, 15, 29, 4, 2, 8, 28, 26, 19, 19, 27, 27, 10, 4, 12, 28, 9, 7, 21, 6, 9, 29, 27, 25, 2, 30, 7, 7, 13, 13, 4, 5, 14, 29, 10, 20, 16, 7, 1, 6, 22, 22, 22, 18, 28, 15, 28, 2, 10, 4, 23, 29, 25, 23, 2, 19, 13, 11, 4, 26, 8, 1, 22, 22, 11, 11, 3] 6698.384837916733 600178.001184
SA: [22, 2, 2, 15, 1, 1, 24, 11, 16, 16, 2, 12, 17, 20, 11, 4, 4, 23, 15, 7, 24, 13, 27, 23, 26, 27, 24, 12, 13, 5, 5, 20, 5, 13, 27, 9, 5, 18, 11, 21, 11, 29, 19, 4, 11, 19, 27, 24, 15, 18, 27, 2, 3, 15, 21, 14, 9, 11, 20, 4, 21, 5, 30, 1, 12, 25, 24, 18, 15, 9, 8, 6, 13, 25, 22, 16, 4, 4, 23, 11, 21, 11, 7, 16, 24, 3, 13, 2, 6, 16, 22, 25, 7, 9, 8, 14, 13, 29, 27, 15, 20, 13, 13, 1, 4, 26, 25, 17, 10, 25, 23, 26, 19, 6, 28, 26, 4, 9, 11, 1, 23, 5, 28, 14, 6, 13, 22, 28, 28, 13, 29, 22, 20, 9, 13, 5, 26, 21, 6, 11, 14, 5, 1, 3, 12, 2, 4, 6, 27, 13, 5, 18, 14, 27, 24, 11, 1, 18, 21, 16, 19, 5, 8, 30, 25, 14, 30, 22, 27, 30, 10, 16, 22, 12, 8, 26, 1, 18, 17, 21, 14, 26, 29, 25, 8, 25, 19, 18, 23, 6, 29, 10, 8, 1, 27, 10, 9, 18, 29, 12, 5, 16, 5, 15, 13, 19, 22, 15, 9, 25, 26, 5, 28, 14, 20, 24, 30, 2, 26, 1, 7, 5, 16, 3, 27, 9, 27, 20, 4, 30, 2, 3, 1, 17, 17, 18, 24, 11, 26, 7, 29, 27, 30, 13, 5, 8, 3, 3, 5, 28, 2, 12, 19, 9, 13, 19, 19, 20, 20, 4, 16, 22, 9, 13, 23, 21, 26, 14, 24, 27, 19, 2, 15, 19, 27, 29, 1, 4, 13, 23, 26, 5, 24, 18, 6, 21, 28, 30, 29, 7, 25, 5, 27, 23, 20, 28, 10, 27, 3, 16, 21, 7, 21, 28, 7, 24, 12, 28, 18, 14, 19, 8, 2, 6, 13, 18, 12, 13, 8, 19, 8, 4, 17, 3, 21, 18, 17, 26, 10, 3, 8, 3, 1, 28, 10, 14, 29, 2, 1, 6, 9, 30, 26, 2, 11, 1, 16, 28, 21, 6, 10, 9, 28, 3, 3, 22, 7, 12, 26, 11, 15, 25, 2, 15, 23, 25, 18, 21, 3, 14, 8, 23, 23, 16, 7, 15, 26, 5, 4, 30, 20, 20, 16, 19, 6, 30, 30, 10, 9, 26, 12, 19, 20, 27, 30, 27, 6, 23, 13, 9, 24, 17, 8, 12, 19, 2, 23, 1, 22, 28, 8, 2, 25, 20, 11, 27, 9, 17, 27, 2, 15, 10, 19, 3, 19, 19, 2, 22, 16, 7, 4, 17, 15, 7, 26, 25, 7, 13, 9, 7, 22, 25, 21, 6, 18, 30, 16, 20, 28, 18, 16, 21, 5, 23, 14, 8, 19, 12, 28, 11, 13, 30, 2, 10, 15, 14, 2, 3, 25, 15, 12, 20, 20, 5, 2, 23, 11, 21, 21, 25, 5, 5, 27, 8, 10, 13, 20, 3, 11, 14, 16, 9, 30, 24, 24, 15, 2, 4, 16, 9] 5715.141567156573 612800.398732
CLO: [20, 11, 14, 24, 6, 8, 2, 1, 13, 21, 2, 19, 6, 7, 20, 18, 2, 14, 6, 4, 23, 8, 18, 26, 30, 24, 16, 6, 4, 8, 30, 2, 4, 15, 9, 29, 17, 2, 15, 3, 8, 6, 26, 27, 2, 17, 8, 15, 4, 23, 4, 23, 29, 27, 29, 4, 10, 12, 1, 21, 17, 6, 13, 24, 12, 6, 2, 25, 6, 9, 12, 18, 26, 16, 16, 6, 13, 13, 14, 7, 20, 8, 23, 5, 11, 16, 30, 14, 7, 5, 18, 11, 18, 7, 23, 28, 14, 5, 14, 25, 6, 30, 21, 12, 2, 23, 13, 14, 19, 30, 11, 9, 2, 11, 7, 15, 22, 24, 15, 4, 7, 2, 11, 21, 30, 29, 23, 18, 14, 26, 7, 27, 8, 23, 10, 14, 10, 25, 12, 23, 16, 13, 30, 28, 14, 19, 5, 17, 9, 14, 23, 12, 24, 5, 29, 3, 13, 3, 11, 12, 28, 2, 6, 29, 2, 18, 9, 14, 22, 11, 9, 3, 8, 17, 13, 30, 3, 28, 28, 23, 25, 27, 10, 27, 20, 3, 3, 14, 11, 7, 12, 4, 12, 7, 6, 6, 9, 4, 18, 14, 5, 9, 27, 11, 6, 1, 17, 1, 3, 23, 16, 7, 9, 20, 8, 14, 25, 14, 11, 15, 7, 4, 4, 20, 11, 4, 20, 3, 12, 11, 9, 9, 18, 26, 19, 22, 27, 12, 1, 16, 4, 19, 4, 23, 27, 14, 18, 21, 14, 10, 22, 28, 26, 1, 15, 21, 14, 13, 7, 3, 16, 17, 20, 11, 28, 14, 20, 17, 15, 17, 19, 21, 11, 2, 8, 5, 13, 23, 8, 17, 14, 29, 21, 21, 15, 25, 6, 6, 19, 2, 28, 10, 27, 17, 16, 23, 17, 22, 25, 10, 21, 22, 18, 8, 2, 1, 14, 7, 17, 12, 8, 20, 15, 1, 15, 9, 25, 7, 15, 14, 22, 5, 8, 14, 29, 26, 15, 11, 18, 8, 6, 23, 2, 6, 20, 12, 23, 3, 6, 25, 8, 3, 22, 20, 21, 27, 11, 9, 2, 16, 16, 2, 27, 14, 3, 4, 20, 5, 3, 16, 17, 10, 2, 30, 29, 13, 16, 2, 24, 4, 26, 5, 23, 25, 16, 14, 6, 9, 4, 27, 9, 17, 21, 6, 30, 3, 6, 23, 25, 3, 16, 8, 12, 3, 20, 4, 24, 9, 14, 28, 11, 4, 29, 2, 9, 20, 28, 30, 16, 8, 19, 11, 17, 23, 10, 22, 22, 10, 20, 13, 8, 5, 18, 23, 30, 14, 7, 28, 21, 25, 28, 10, 30, 26, 3, 10, 24, 21, 24, 5, 16, 12, 24, 10, 18, 22, 11, 11, 12, 7, 1, 30, 1, 2, 8, 8, 25, 2, 12, 29, 16, 27, 27, 27, 17, 17, 9, 30, 11, 8, 27, 16, 28, 11, 4, 27, 17, 22, 20, 25, 6, 16, 14, 13, 3, 2, 30, 16, 7, 10, 23, 10, 12, 27, 1, 23, 25, 21, 8, 9] 5767.002365156428 600211.912249
-- 
Instance 1
seed: 1463996636687
--
SHC: [7, 27, 14, 10, 27, 9, 17, 4, 26, 3, 12, 7, 30, 5, 10, 2, 25, 11, 7, 1, 10, 12, 9, 25, 24, 22, 18, 25, 2, 28, 14, 2, 24, 4, 16, 28, 21, 28, 18, 28, 22, 15, 9, 22, 5, 29, 7, 6, 26, 2, 11, 20, 24, 25, 9, 28, 8, 5, 20, 7, 26, 21, 9, 2, 27, 21, 2, 5, 5, 26, 2, 3, 14, 21, 8, 21, 6, 22, 27, 16, 3, 30, 16, 9, 3, 7, 30, 17, 25, 28, 28, 8, 27, 8, 11, 14, 9, 8, 15, 21, 16, 6, 17, 12, 26, 15, 5, 24, 9, 8, 25, 13, 6, 15, 10, 30, 27, 28, 16, 12, 1, 13, 12, 21, 2, 1, 1, 30, 30, 5, 6, 1, 21, 29, 14, 4, 14, 8, 23, 2, 6, 24, 5, 14, 28, 6, 11, 2, 21, 4, 20, 17, 24, 7, 28, 12, 10, 17, 8, 8, 1, 11, 1, 21, 3, 21, 1, 25, 24, 21, 5, 6, 14, 18, 22, 6, 7, 10, 1, 29, 27, 22, 3, 15, 12, 30, 22, 12, 19, 6, 29, 13, 22, 5, 18, 11, 1, 9, 30, 3, 28, 14, 11, 26, 9, 14, 22, 21, 4, 21, 21, 20, 14, 2, 19, 20, 14, 14, 24, 24, 13, 4, 25, 29, 10, 18, 6, 29, 10, 7, 20, 30, 24, 1, 25, 1, 17, 8, 29, 13, 29, 15, 9, 16, 30, 12, 10, 27, 21, 30, 13, 17, 7, 22, 28, 6, 15, 15, 18, 23, 21, 15, 20, 1, 13, 21, 20, 26, 1, 1, 20, 8, 15, 17, 4, 24, 18, 14, 11, 20, 5, 21, 15, 3, 3, 24, 16, 7, 3, 19, 26, 11, 13, 21, 20, 4, 9, 22, 5, 8, 4, 17, 28, 1, 30, 20, 5, 1, 18, 20, 2, 11, 9, 18, 7, 4, 30, 24, 16, 12, 3, 11, 5, 17, 23, 10, 20, 19, 27, 7, 27, 21, 20, 3, 21, 25, 14, 4, 24, 19, 29, 23, 5, 13, 29, 16, 28, 24, 27, 24, 14, 25, 25, 13, 22, 19, 26, 4, 21, 15, 4, 29, 26, 11, 19, 10, 11, 21, 5, 7, 28, 19, 7, 5, 20, 20, 5, 21, 24, 30, 24, 24, 20, 23, 28, 28, 3, 22, 19, 5, 4, 22, 10, 16, 20, 18, 20, 25, 29, 29, 3, 12, 2, 15, 21, 24, 13, 6, 26, 20, 8, 28, 4, 30, 25, 8, 16, 1, 24, 16, 3, 3, 25, 2, 18, 19, 30, 11, 29, 11, 19, 9, 26, 24, 10, 6, 11, 24, 21, 25, 24, 16, 25, 30, 23, 6, 13, 8, 27, 21, 10, 5, 29, 28, 10, 7, 3, 20, 27, 10, 14, 2, 9, 1, 30, 6, 4, 3, 4, 14, 19, 17, 6, 17, 5, 5, 22, 3, 20, 24, 17, 13, 6, 28, 27, 14, 24, 4, 11, 29, 7, 3, 12, 17, 12, 28, 29, 13, 7, 18] 5686.072285524755 600022.401668
SA: [30, 7, 15, 26, 10, 10, 3, 15, 8, 27, 22, 3, 6, 17, 30, 8, 2, 3, 5, 3, 30, 10, 3, 13, 14, 18, 2, 2, 2, 9, 18, 5, 30, 19, 6, 22, 17, 26, 14, 3, 6, 21, 19, 21, 1, 13, 20, 17, 4, 13, 8, 6, 10, 2, 10, 20, 26, 21, 12, 27, 6, 8, 25, 14, 9, 25, 15, 18, 23, 20, 3, 22, 26, 18, 9, 9, 26, 15, 1, 2, 28, 15, 1, 21, 4, 16, 18, 1, 5, 21, 24, 20, 11, 5, 18, 10, 8, 23, 9, 3, 6, 21, 15, 2, 24, 29, 13, 6, 2, 20, 28, 17, 6, 21, 25, 28, 20, 21, 20, 11, 22, 14, 18, 27, 15, 28, 27, 18, 21, 22, 18, 24, 21, 15, 27, 11, 7, 1, 18, 24, 13, 11, 19, 4, 25, 25, 12, 8, 10, 3, 18, 20, 7, 8, 15, 2, 23, 24, 25, 6, 1, 20, 17, 30, 12, 30, 9, 28, 24, 11, 14, 29, 24, 13, 22, 30, 22, 14, 9, 24, 3, 28, 14, 22, 17, 29, 28, 22, 26, 30, 24, 8, 18, 20, 12, 4, 11, 14, 12, 10, 25, 4, 26, 9, 24, 3, 19, 14, 11, 28, 21, 27, 23, 28, 28, 5, 13, 9, 10, 27, 4, 30, 20, 11, 24, 5, 27, 25, 14, 10, 9, 5, 18, 18, 24, 24, 2, 15, 24, 15, 28, 18, 24, 2, 14, 22, 13, 9, 22, 24, 27, 28, 20, 18, 26, 5, 30, 15, 5, 9, 8, 16, 12, 22, 1, 18, 26, 8, 26, 10, 29, 11, 21, 23, 26, 8, 6, 7, 22, 19, 17, 14, 29, 21, 29, 8, 16, 21, 3, 16, 18, 4, 13, 5, 3, 26, 30, 18, 6, 28, 4, 19, 2, 2, 29, 9, 25, 20, 6, 18, 20, 18, 26, 16, 11, 22, 27, 5, 27, 23, 13, 28, 8, 2, 13, 9, 5, 25, 26, 17, 9, 8, 19, 11, 12, 6, 14, 20, 9, 13, 2, 8, 7, 17, 25, 9, 7, 6, 2, 7, 5, 2, 8, 5, 15, 29, 7, 23, 30, 3, 12, 19, 8, 21, 8, 10, 25, 3, 13, 24, 11, 16, 19, 15, 24, 8, 17, 29, 6, 10, 15, 19, 11, 23, 6, 17, 1, 20, 9, 18, 26, 19, 6, 7, 17, 5, 10, 1, 2, 16, 23, 1, 17, 3, 16, 5, 29, 19, 26, 27, 23, 30, 5, 2, 18, 23, 12, 8, 24, 4, 17, 7, 17, 10, 23, 23, 20, 29, 11, 15, 9, 4, 27, 9, 20, 21, 6, 24, 10, 27, 29, 15, 11, 1, 8, 4, 21, 29, 16, 13, 1, 12, 15, 30, 23, 3, 22, 2, 13, 13, 3, 26, 6, 27, 3, 3, 10, 2, 27, 17, 13, 12, 5, 8, 23, 2, 5, 3, 11, 13, 20, 18, 26, 4, 4, 14, 24, 23, 7, 21, 26, 17, 30, 26, 26, 8, 28, 30, 18, 28] 5661.713236186499 603419.945154
CLO: [19, 13, 20, 24, 6, 1, 16, 11, 5, 22, 30, 20, 2, 25, 12, 17, 5, 12, 4, 21, 5, 6, 4, 29, 16, 14, 5, 5, 24, 26, 29, 20, 12, 16, 1, 15, 2, 29, 27, 16, 17, 30, 10, 14, 30, 13, 27, 3, 9, 26, 2, 5, 21, 18, 24, 4, 8, 23, 28, 5, 14, 20, 24, 29, 24, 2, 24, 13, 11, 19, 17, 29, 8, 14, 16, 10, 17, 22, 4, 10, 14, 5, 13, 25, 11, 6, 17, 9, 11, 16, 6, 6, 7, 25, 8, 8, 12, 10, 1, 1, 24, 21, 16, 17, 13, 26, 5, 17, 25, 26, 21, 20, 1, 29, 25, 17, 22, 9, 14, 8, 7, 21, 28, 21, 23, 20, 28, 4, 9, 19, 1, 2, 5, 9, 10, 17, 30, 4, 18, 27, 18, 22, 22, 22, 27, 13, 2, 29, 5, 25, 11, 16, 2, 30, 25, 12, 9, 1, 11, 18, 17, 28, 28, 18, 2, 30, 10, 14, 20, 30, 1, 8, 11, 28, 11, 6, 4, 24, 29, 25, 27, 7, 28, 15, 26, 9, 14, 28, 22, 18, 25, 28, 30, 13, 25, 3, 25, 6, 24, 19, 14, 12, 15, 2, 15, 30, 15, 3, 25, 21, 30, 3, 19, 22, 2, 1, 27, 5, 24, 17, 15, 4, 11, 7, 1, 14, 19, 6, 27, 25, 5, 18, 24, 10, 12, 13, 18, 13, 18, 2, 11, 26, 29, 17, 1, 30, 4, 10, 19, 30, 28, 16, 1, 15, 11, 2, 17, 6, 29, 11, 20, 18, 12, 28, 21, 18, 13, 29, 28, 23, 29, 6, 10, 23, 10, 28, 6, 14, 5, 10, 19, 3, 11, 17, 29, 17, 24, 16, 18, 10, 2, 6, 6, 11, 1, 6, 15, 26, 22, 7, 19, 7, 24, 13, 14, 9, 10, 30, 8, 7, 18, 14, 1, 18, 12, 19, 30, 26, 8, 12, 11, 5, 24, 8, 23, 21, 26, 17, 20, 26, 30, 23, 10, 13, 14, 6, 2, 5, 23, 25, 17, 10, 28, 22, 6, 20, 26, 23, 9, 7, 16, 21, 19, 30, 17, 28, 29, 22, 19, 10, 24, 10, 4, 9, 30, 29, 29, 24, 27, 30, 29, 12, 2, 27, 14, 5, 15, 22, 28, 14, 13, 23, 26, 21, 20, 29, 28, 11, 28, 28, 30, 19, 1, 28, 19, 5, 15, 3, 5, 26, 25, 19, 7, 30, 21, 12, 12, 20, 8, 18, 10, 7, 18, 24, 12, 5, 24, 13, 7, 19, 5, 5, 1, 1, 5, 17, 11, 9, 19, 27, 20, 21, 29, 2, 4, 25, 13, 12, 30, 11, 10, 3, 9, 2, 27, 22, 2, 13, 12, 17, 6, 22, 20, 13, 22, 17, 23, 18, 20, 28, 17, 30, 23, 9, 28, 26, 1, 2, 21, 15, 14, 23, 20, 10, 7, 10, 8, 15, 14, 7, 11, 23, 26, 10, 13, 17, 9, 26, 10, 11, 5, 6, 12, 3, 29, 23, 6, 8, 7, 17] 6453.278369700637 600287.45135
-- 
Instance 2
seed: 1463998497192
--
SHC: [4, 2, 23, 7, 4, 20, 6, 11, 3, 12, 20, 20, 27, 29, 27, 1, 19, 21, 9, 28, 6, 11, 2, 25, 11, 25, 3, 20, 25, 1, 28, 4, 14, 11, 30, 28, 15, 19, 23, 10, 1, 21, 11, 19, 7, 12, 9, 19, 19, 19, 25, 18, 4, 2, 20, 20, 8, 17, 7, 20, 3, 30, 12, 5, 13, 13, 28, 5, 25, 23, 16, 7, 8, 27, 15, 2, 17, 1, 30, 24, 3, 11, 26, 30, 10, 7, 25, 24, 29, 16, 29, 9, 2, 30, 30, 25, 28, 20, 15, 23, 6, 24, 20, 28, 19, 23, 30, 14, 4, 8, 16, 1, 18, 24, 6, 20, 16, 24, 23, 27, 27, 9, 5, 28, 26, 17, 30, 11, 9, 4, 19, 17, 10, 19, 27, 22, 25, 27, 2, 30, 30, 15, 26, 30, 24, 4, 23, 1, 17, 9, 3, 20, 10, 30, 21, 25, 11, 10, 21, 24, 14, 12, 8, 15, 1, 27, 2, 7, 26, 17, 29, 3, 18, 9, 22, 29, 29, 23, 19, 16, 30, 17, 30, 11, 16, 27, 13, 9, 8, 29, 10, 20, 21, 12, 23, 8, 25, 20, 1, 8, 9, 14, 7, 28, 16, 9, 11, 30, 16, 27, 6, 23, 21, 17, 13, 24, 7, 21, 21, 23, 16, 7, 19, 3, 9, 22, 2, 1, 6, 21, 11, 11, 28, 20, 24, 16, 24, 6, 23, 29, 29, 22, 24, 11, 25, 8, 25, 9, 18, 10, 15, 14, 15, 15, 28, 12, 13, 3, 5, 29, 15, 9, 2, 8, 27, 29, 16, 19, 2, 30, 17, 27, 17, 9, 3, 2, 24, 26, 2, 18, 6, 2, 27, 21, 7, 12, 24, 23, 5, 30, 19, 17, 3, 23, 13, 24, 1, 23, 9, 10, 18, 12, 21, 20, 5, 26, 24, 20, 10, 6, 26, 16, 21, 14, 17, 21, 3, 7, 10, 22, 15, 22, 25, 15, 2, 21, 4, 11, 2, 10, 5, 14, 8, 8, 27, 5, 19, 2, 15, 2, 3, 7, 18, 15, 27, 2, 7, 24, 10, 10, 11, 13, 18, 7, 13, 24, 16, 16, 14, 5, 19, 13, 2, 26, 9, 7, 30, 29, 29, 11, 5, 5, 13, 19, 1, 3, 25, 4, 20, 9, 22, 7, 5, 8, 29, 18, 23, 29, 17, 25, 2, 18, 2, 9, 27, 29, 8, 9, 28, 27, 9, 20, 23, 1, 6, 3, 20, 20, 22, 21, 2, 29, 12, 3, 11, 1, 18, 4, 16, 1, 7, 4, 29, 26, 9, 18, 29, 21, 30, 4, 27, 23, 28, 13, 27, 5, 21, 6, 25, 16, 10, 3, 8, 11, 4, 16, 5, 6, 1, 5, 11, 5, 26, 10, 24, 9, 7, 10, 8, 5, 27, 29, 17, 4, 2, 3, 12, 4, 17, 12, 11, 15, 19, 20, 30, 24, 11, 12, 6, 26, 24, 20, 24, 27, 23, 24, 22, 3, 3, 13, 15, 8, 17, 1, 24, 28, 7, 29, 5, 17] 5861.828441491101 600099.703207
SA: [3, 20, 5, 5, 16, 24, 26, 22, 22, 7, 15, 8, 8, 13, 16, 22, 5, 29, 11, 11, 1, 23, 4, 14, 20, 5, 9, 11, 11, 27, 7, 9, 9, 6, 29, 25, 5, 24, 3, 6, 8, 7, 3, 23, 3, 4, 29, 14, 14, 20, 25, 17, 17, 26, 7, 16, 13, 26, 26, 24, 20, 5, 9, 8, 29, 7, 29, 22, 22, 17, 19, 27, 23, 13, 24, 25, 13, 22, 12, 29, 2, 30, 26, 1, 3, 7, 29, 19, 6, 29, 6, 29, 21, 5, 22, 11, 24, 12, 4, 28, 8, 2, 27, 4, 1, 6, 24, 1, 23, 5, 21, 3, 26, 15, 16, 21, 29, 10, 6, 1, 28, 12, 4, 24, 12, 23, 18, 8, 25, 22, 9, 8, 20, 29, 22, 12, 8, 12, 2, 3, 7, 3, 30, 10, 3, 5, 19, 18, 10, 15, 29, 21, 22, 29, 29, 11, 12, 8, 5, 14, 19, 18, 13, 23, 12, 12, 12, 5, 6, 24, 12, 15, 10, 7, 16, 29, 20, 21, 12, 8, 28, 21, 17, 2, 8, 11, 23, 27, 27, 25, 6, 24, 6, 25, 29, 5, 21, 27, 14, 5, 19, 29, 20, 9, 6, 19, 19, 11, 15, 12, 24, 21, 26, 6, 26, 17, 7, 25, 13, 22, 16, 6, 7, 27, 8, 16, 17, 2, 7, 27, 21, 18, 11, 28, 19, 27, 8, 12, 21, 2, 7, 1, 5, 25, 5, 25, 29, 6, 18, 26, 16, 25, 4, 20, 19, 18, 18, 5, 18, 3, 29, 18, 24, 24, 4, 16, 9, 6, 2, 28, 11, 5, 19, 5, 5, 15, 22, 20, 12, 15, 12, 7, 3, 19, 15, 11, 10, 11, 21, 23, 8, 7, 6, 19, 16, 17, 9, 21, 17, 7, 18, 29, 9, 23, 21, 16, 30, 22, 30, 6, 17, 6, 25, 19, 10, 20, 18, 15, 18, 11, 27, 17, 13, 11, 28, 7, 7, 23, 1, 23, 11, 16, 14, 21, 4, 23, 13, 25, 8, 5, 17, 22, 28, 4, 24, 18, 13, 7, 17, 29, 15, 18, 13, 29, 4, 9, 28, 13, 13, 23, 1, 8, 10, 22, 18, 27, 8, 2, 22, 29, 26, 22, 25, 6, 30, 28, 16, 19, 8, 16, 2, 4, 6, 1, 24, 28, 27, 30, 23, 9, 16, 9, 7, 5, 10, 27, 24, 21, 24, 18, 26, 2, 12, 11, 7, 22, 11, 8, 6, 17, 29, 26, 14, 18, 23, 22, 29, 3, 30, 19, 12, 21, 17, 12, 12, 18, 16, 28, 7, 12, 14, 9, 25, 29, 25, 25, 22, 6, 5, 14, 3, 25, 28, 14, 13, 2, 26, 5, 23, 11, 11, 3, 5, 11, 15, 16, 5, 20, 17, 28, 18, 29, 6, 23, 20, 19, 29, 5, 12, 18, 15, 2, 27, 3, 25, 2, 19, 5, 2, 30, 12, 3, 19, 3, 4, 12, 12, 30, 21, 28, 12, 19, 14, 10, 25, 27, 26, 2, 26, 14] 5570.872177508016 603346.649247
CLO: [26, 28, 30, 20, 4, 23, 3, 23, 30, 25, 24, 21, 27, 27, 10, 12, 24, 15, 11, 18, 28, 12, 27, 22, 26, 2, 15, 16, 11, 30, 30, 21, 27, 28, 7, 30, 20, 27, 26, 14, 3, 3, 23, 2, 6, 20, 15, 15, 21, 25, 19, 17, 30, 2, 6, 27, 6, 23, 29, 11, 8, 4, 15, 17, 19, 3, 23, 29, 3, 1, 8, 16, 18, 3, 23, 18, 30, 5, 26, 19, 2, 14, 10, 16, 20, 16, 27, 17, 3, 12, 1, 12, 22, 5, 28, 3, 24, 23, 2, 10, 9, 23, 13, 18, 6, 14, 12, 18, 15, 14, 6, 8, 11, 20, 4, 11, 24, 7, 29, 14, 17, 4, 19, 27, 7, 8, 29, 25, 29, 16, 10, 5, 12, 27, 1, 27, 29, 11, 30, 27, 29, 30, 18, 21, 23, 3, 29, 29, 8, 10, 4, 10, 17, 8, 22, 23, 29, 27, 17, 21, 7, 14, 11, 26, 4, 4, 13, 27, 20, 23, 30, 4, 30, 11, 8, 29, 11, 21, 12, 29, 4, 28, 4, 25, 4, 16, 5, 30, 28, 16, 6, 9, 5, 21, 18, 3, 18, 20, 4, 30, 7, 14, 5, 20, 20, 2, 30, 25, 4, 13, 28, 9, 8, 12, 18, 16, 7, 15, 16, 6, 20, 16, 24, 16, 25, 17, 26, 15, 5, 24, 24, 4, 27, 1, 15, 28, 15, 14, 13, 8, 7, 3, 9, 29, 3, 13, 5, 27, 11, 23, 7, 12, 19, 23, 15, 28, 20, 27, 11, 29, 27, 15, 21, 4, 21, 24, 28, 15, 13, 24, 4, 22, 3, 16, 27, 9, 19, 13, 2, 18, 3, 18, 16, 12, 25, 30, 13, 21, 26, 11, 8, 4, 15, 7, 18, 8, 22, 11, 23, 24, 2, 27, 21, 16, 15, 3, 10, 15, 20, 23, 28, 4, 14, 4, 12, 3, 12, 23, 10, 24, 22, 5, 19, 18, 24, 17, 4, 12, 28, 19, 17, 22, 29, 8, 21, 11, 20, 12, 1, 18, 6, 4, 21, 2, 13, 1, 2, 1, 12, 24, 19, 6, 4, 9, 24, 3, 9, 5, 4, 13, 14, 10, 10, 29, 16, 19, 8, 15, 15, 7, 1, 14, 16, 14, 27, 25, 19, 30, 14, 12, 18, 30, 27, 5, 9, 1, 16, 7, 27, 8, 26, 16, 5, 21, 22, 11, 30, 30, 28, 15, 14, 25, 12, 24, 2, 20, 9, 26, 16, 5, 12, 7, 6, 13, 20, 20, 30, 30, 27, 17, 18, 10, 6, 20, 2, 25, 30, 16, 27, 21, 15, 28, 23, 6, 7, 12, 30, 18, 12, 21, 3, 12, 13, 11, 17, 6, 14, 28, 18, 18, 21, 9, 4, 23, 3, 24, 20, 14, 16, 23, 4, 3, 3, 28, 17, 16, 6, 10, 30, 3, 22, 18, 18, 29, 26, 23, 9, 15, 16, 26, 17, 27, 29, 19, 23, 10, 30, 28, 26, 4, 2, 15, 29, 17, 26, 28, 30, 23, 11, 27] 5389.193161129184 600189.941294
-- 
Instance 3
seed: 1464000346549
--
SHC: [16, 26, 6, 10, 11, 11, 13, 24, 22, 29, 23, 22, 4, 21, 30, 4, 11, 24, 7, 11, 16, 8, 5, 16, 24, 1, 25, 2, 5, 17, 8, 24, 12, 17, 9, 3, 8, 18, 25, 29, 30, 29, 6, 10, 29, 2, 27, 21, 8, 24, 15, 7, 1, 1, 28, 10, 19, 9, 22, 22, 7, 2, 11, 30, 16, 18, 25, 25, 22, 2, 5, 1, 20, 13, 7, 17, 29, 14, 14, 15, 9, 21, 24, 23, 27, 22, 17, 14, 1, 22, 3, 6, 24, 19, 5, 26, 19, 22, 21, 1, 3, 14, 19, 29, 12, 23, 24, 14, 22, 14, 6, 9, 28, 30, 23, 3, 15, 23, 9, 12, 17, 24, 6, 9, 21, 22, 23, 3, 22, 29, 24, 1, 28, 26, 28, 3, 4, 29, 7, 28, 2, 7, 26, 1, 7, 11, 28, 14, 5, 16, 13, 24, 29, 15, 23, 30, 6, 11, 6, 6, 14, 5, 20, 17, 4, 2, 1, 11, 3, 26, 6, 11, 1, 24, 24, 4, 26, 17, 5, 15, 7, 5, 4, 9, 27, 6, 18, 26, 15, 1, 7, 19, 18, 2, 19, 12, 15, 9, 3, 25, 10, 4, 7, 28, 2, 21, 21, 22, 2, 29, 30, 26, 23, 27, 26, 20, 30, 18, 24, 18, 3, 30, 27, 25, 9, 8, 5, 20, 19, 11, 13, 7, 23, 15, 17, 28, 17, 17, 27, 17, 5, 1, 9, 11, 1, 29, 22, 1, 26, 17, 2, 23, 19, 22, 17, 23, 25, 16, 28, 26, 9, 4, 24, 9, 5, 22, 21, 10, 1, 19, 30, 21, 7, 13, 6, 11, 27, 11, 11, 25, 3, 26, 10, 1, 11, 16, 2, 11, 3, 3, 23, 7, 30, 6, 15, 13, 18, 11, 21, 11, 5, 18, 7, 4, 20, 10, 13, 16, 26, 18, 6, 20, 21, 26, 29, 29, 26, 23, 11, 22, 11, 20, 5, 9, 8, 21, 2, 10, 14, 24, 4, 6, 27, 18, 16, 1, 19, 2, 6, 22, 13, 5, 17, 9, 12, 18, 9, 14, 23, 20, 13, 30, 7, 15, 20, 29, 10, 21, 23, 10, 2, 4, 10, 21, 27, 16, 21, 24, 5, 25, 8, 23, 26, 2, 12, 24, 12, 10, 27, 28, 30, 5, 9, 20, 18, 12, 24, 26, 23, 5, 3, 1, 12, 23, 16, 21, 28, 19, 1, 3, 28, 21, 21, 2, 9, 18, 22, 28, 7, 20, 21, 9, 27, 15, 29, 4, 27, 21, 3, 7, 19, 16, 26, 6, 17, 7, 6, 25, 19, 25, 9, 12, 9, 20, 10, 11, 25, 20, 22, 23, 3, 28, 6, 14, 17, 9, 26, 24, 22, 11, 26, 13, 18, 26, 7, 19, 3, 17, 9, 11, 19, 25, 10, 19, 26, 15, 16, 23, 23, 16, 11, 8, 18, 29, 2, 21, 5, 27, 26, 29, 5, 19, 9, 26, 21, 18, 20, 30, 24, 29, 9, 26, 18, 4, 13, 3, 3, 11, 13, 13] 6224.45630712908 600189.213328
SA: [2, 28, 23, 18, 12, 8, 20, 25, 20, 13, 29, 7, 3, 18, 18, 25, 24, 22, 6, 11, 16, 13, 6, 17, 25, 24, 11, 14, 15, 23, 21, 1, 4, 8, 17, 11, 18, 26, 26, 15, 24, 13, 7, 9, 3, 10, 30, 21, 9, 12, 18, 12, 13, 10, 29, 10, 4, 18, 22, 8, 24, 2, 7, 26, 10, 19, 8, 16, 28, 21, 21, 13, 23, 28, 17, 18, 6, 14, 22, 20, 2, 14, 14, 28, 12, 18, 28, 2, 5, 1, 26, 16, 24, 9, 20, 11, 4, 13, 26, 14, 17, 12, 8, 28, 30, 12, 22, 17, 4, 15, 2, 28, 24, 3, 22, 14, 2, 7, 24, 15, 15, 18, 14, 21, 21, 15, 16, 30, 13, 6, 14, 2, 27, 4, 7, 12, 28, 13, 6, 11, 14, 3, 26, 7, 14, 6, 16, 30, 9, 19, 3, 12, 23, 6, 12, 25, 20, 10, 19, 1, 23, 4, 26, 19, 16, 15, 11, 18, 22, 25, 11, 23, 24, 20, 7, 28, 7, 1, 12, 4, 8, 1, 26, 9, 20, 25, 23, 4, 8, 17, 21, 22, 7, 23, 1, 25, 17, 16, 5, 5, 24, 29, 3, 17, 27, 18, 30, 28, 15, 23, 12, 15, 22, 21, 4, 24, 15, 7, 16, 18, 17, 2, 23, 2, 4, 20, 20, 30, 7, 19, 14, 29, 23, 16, 19, 28, 11, 21, 7, 1, 28, 30, 1, 15, 9, 5, 30, 30, 19, 28, 10, 12, 18, 4, 15, 24, 5, 14, 30, 23, 12, 15, 15, 4, 4, 29, 14, 3, 19, 2, 8, 9, 7, 6, 7, 5, 21, 12, 29, 26, 14, 24, 30, 12, 10, 5, 7, 18, 21, 11, 30, 23, 16, 13, 3, 22, 4, 9, 24, 29, 6, 9, 15, 26, 12, 8, 17, 15, 13, 20, 25, 10, 3, 29, 29, 19, 10, 19, 11, 5, 20, 29, 6, 11, 7, 12, 24, 28, 6, 26, 6, 3, 24, 24, 28, 2, 21, 27, 11, 2, 4, 7, 9, 19, 5, 24, 16, 21, 23, 1, 18, 5, 13, 9, 10, 28, 30, 26, 23, 20, 30, 6, 26, 5, 6, 29, 16, 2, 10, 18, 16, 13, 24, 29, 6, 25, 15, 5, 27, 23, 28, 5, 15, 2, 17, 28, 10, 2, 5, 12, 5, 19, 21, 1, 23, 7, 20, 26, 30, 14, 11, 4, 25, 21, 12, 15, 4, 15, 5, 14, 13, 28, 13, 30, 2, 1, 30, 2, 7, 1, 4, 19, 19, 25, 14, 28, 19, 22, 28, 28, 20, 12, 12, 29, 20, 5, 14, 25, 16, 9, 1, 4, 11, 27, 22, 4, 3, 17, 4, 28, 29, 8, 24, 30, 4, 14, 2, 7, 17, 22, 13, 1, 27, 26, 2, 26, 7, 2, 12, 19, 3, 24, 3, 8, 11, 4, 28, 12, 10, 26, 5, 9, 19, 9, 25, 18, 25, 25, 18, 25, 24, 14, 18, 5, 27, 2, 1, 4, 11, 30] 5716.98751223545 608215.329952
CLO: [5, 30, 29, 18, 7, 25, 29, 17, 11, 30, 20, 23, 7, 20, 21, 25, 30, 28, 17, 27, 28, 15, 26, 6, 6, 30, 9, 17, 30, 14, 25, 23, 18, 26, 13, 1, 15, 5, 11, 5, 25, 21, 27, 5, 14, 19, 25, 25, 20, 4, 26, 25, 11, 13, 9, 9, 8, 21, 24, 1, 5, 6, 6, 13, 23, 22, 28, 13, 16, 19, 11, 20, 4, 29, 23, 19, 13, 5, 21, 6, 10, 30, 4, 20, 19, 17, 19, 12, 21, 8, 10, 18, 16, 17, 20, 1, 6, 28, 27, 27, 18, 12, 21, 10, 8, 3, 28, 23, 19, 27, 3, 19, 21, 6, 29, 27, 23, 7, 26, 15, 7, 15, 20, 2, 19, 24, 17, 4, 13, 21, 27, 28, 26, 9, 8, 24, 21, 4, 27, 22, 20, 16, 5, 12, 12, 27, 14, 12, 14, 28, 8, 3, 1, 6, 7, 25, 17, 15, 21, 28, 24, 20, 7, 30, 5, 3, 10, 29, 13, 22, 9, 18, 14, 3, 25, 13, 24, 6, 12, 25, 18, 22, 29, 24, 7, 9, 7, 7, 1, 3, 28, 29, 13, 5, 10, 30, 3, 17, 13, 17, 21, 13, 29, 24, 15, 3, 11, 8, 17, 27, 28, 9, 29, 26, 17, 18, 19, 2, 7, 13, 13, 10, 13, 28, 27, 27, 30, 18, 23, 14, 1, 11, 24, 22, 30, 30, 17, 11, 28, 28, 26, 13, 21, 1, 24, 10, 24, 19, 22, 3, 4, 12, 12, 9, 6, 15, 27, 21, 12, 29, 26, 11, 1, 11, 13, 18, 23, 27, 24, 24, 2, 19, 30, 25, 16, 21, 7, 15, 19, 10, 11, 21, 13, 15, 15, 23, 23, 26, 22, 27, 9, 17, 27, 19, 3, 23, 10, 29, 8, 21, 16, 28, 27, 28, 19, 3, 25, 9, 28, 26, 10, 6, 1, 6, 7, 28, 14, 9, 24, 18, 10, 16, 5, 11, 7, 13, 3, 6, 27, 8, 16, 30, 21, 27, 3, 24, 27, 22, 3, 6, 15, 18, 26, 1, 1, 1, 17, 15, 5, 30, 23, 14, 29, 14, 18, 20, 24, 1, 7, 11, 24, 2, 28, 22, 29, 12, 18, 16, 26, 10, 9, 29, 4, 24, 4, 28, 8, 6, 27, 28, 24, 17, 30, 28, 22, 19, 13, 20, 16, 18, 15, 6, 20, 7, 18, 21, 4, 15, 27, 21, 2, 21, 19, 12, 17, 17, 13, 13, 27, 13, 12, 21, 8, 29, 2, 4, 3, 17, 6, 2, 16, 4, 10, 19, 6, 24, 18, 4, 27, 9, 16, 12, 24, 21, 4, 6, 16, 20, 5, 22, 12, 3, 17, 2, 27, 3, 3, 5, 10, 1, 28, 28, 19, 20, 6, 29, 11, 3, 21, 4, 1, 23, 13, 29, 29, 6, 8, 26, 10, 12, 30, 22, 3, 10, 29, 10, 26, 28, 7, 22, 11, 15, 6, 30, 2, 10, 18, 28, 25, 11, 21, 29, 16, 25, 6, 14, 5, 16, 10, 26] 5832.077395669196 600218.777143
-- 
Instance 4
seed: 1464002203456
--
SHC: [12, 13, 4, 18, 5, 30, 13, 10, 26, 21, 30, 29, 25, 12, 22, 3, 16, 3, 4, 20, 19, 5, 12, 17, 7, 8, 21, 27, 12, 24, 11, 23, 26, 12, 20, 13, 26, 25, 10, 18, 2, 4, 10, 8, 8, 17, 15, 23, 27, 12, 16, 16, 10, 24, 26, 8, 6, 15, 28, 5, 26, 2, 4, 18, 22, 21, 18, 26, 24, 15, 2, 17, 7, 22, 17, 16, 7, 25, 25, 2, 5, 7, 23, 6, 18, 1, 29, 25, 16, 24, 4, 23, 8, 24, 1, 20, 23, 23, 15, 12, 2, 20, 19, 8, 16, 18, 21, 13, 20, 27, 20, 29, 24, 13, 6, 18, 3, 17, 13, 5, 21, 16, 10, 2, 24, 12, 28, 2, 2, 13, 6, 27, 4, 5, 17, 21, 17, 11, 29, 30, 20, 17, 28, 17, 18, 12, 27, 2, 21, 12, 2, 17, 19, 1, 3, 25, 12, 16, 13, 3, 7, 24, 27, 27, 13, 24, 26, 23, 9, 13, 23, 21, 28, 3, 19, 10, 20, 27, 19, 8, 11, 12, 14, 7, 15, 24, 10, 22, 12, 23, 2, 14, 24, 5, 29, 17, 13, 14, 11, 21, 15, 9, 26, 6, 8, 12, 29, 27, 21, 24, 4, 10, 29, 26, 12, 4, 16, 22, 26, 1, 12, 23, 29, 28, 30, 6, 28, 2, 22, 21, 6, 22, 25, 24, 26, 29, 30, 22, 10, 30, 14, 16, 17, 4, 20, 4, 6, 9, 15, 29, 18, 23, 19, 20, 2, 12, 18, 17, 10, 6, 19, 25, 30, 3, 1, 17, 30, 10, 1, 17, 17, 21, 15, 28, 1, 19, 27, 22, 25, 9, 4, 30, 2, 3, 7, 17, 25, 23, 25, 9, 28, 16, 11, 8, 13, 30, 22, 3, 8, 18, 3, 2, 4, 6, 2, 21, 1, 13, 25, 4, 23, 25, 21, 30, 21, 21, 18, 26, 28, 21, 15, 23, 22, 26, 6, 14, 10, 8, 23, 6, 13, 25, 5, 5, 9, 15, 22, 22, 1, 26, 5, 11, 15, 18, 5, 11, 7, 6, 3, 17, 23, 21, 6, 2, 30, 28, 26, 22, 9, 14, 18, 16, 4, 25, 25, 20, 9, 7, 6, 17, 21, 15, 6, 10, 21, 7, 14, 30, 21, 8, 7, 6, 12, 12, 16, 15, 21, 15, 4, 17, 1, 27, 4, 8, 30, 10, 17, 2, 19, 30, 10, 1, 20, 13, 6, 28, 26, 14, 19, 12, 30, 19, 8, 21, 24, 7, 2, 4, 13, 7, 18, 7, 17, 16, 16, 3, 12, 30, 8, 29, 12, 5, 23, 3, 1, 20, 11, 1, 19, 6, 13, 23, 20, 4, 26, 24, 7, 24, 1, 20, 21, 19, 13, 6, 11, 14, 22, 14, 13, 24, 29, 13, 12, 27, 28, 25, 22, 25, 11, 26, 8, 14, 24, 6, 24, 25, 19, 13, 8, 22, 14, 16, 19, 4, 15, 8, 14, 22, 30, 28, 18, 2, 22, 21, 18, 19, 6, 21, 23, 2] 6443.4154734157 600182.169474
SA: [17, 17, 18, 20, 20, 25, 22, 22, 3, 4, 25, 17, 9, 23, 9, 24, 23, 8, 14, 29, 24, 7, 15, 27, 3, 3, 5, 23, 7, 14, 2, 10, 23, 1, 4, 2, 29, 25, 29, 29, 9, 2, 5, 27, 14, 7, 2, 5, 15, 21, 11, 17, 25, 8, 6, 19, 1, 4, 6, 21, 15, 1, 19, 11, 29, 21, 2, 2, 10, 13, 5, 23, 13, 4, 12, 24, 13, 29, 12, 7, 26, 8, 28, 3, 26, 24, 14, 30, 9, 17, 26, 8, 13, 3, 18, 17, 7, 1, 12, 18, 20, 29, 9, 12, 8, 22, 7, 24, 12, 17, 11, 14, 13, 18, 15, 6, 5, 16, 14, 9, 1, 15, 26, 3, 8, 17, 27, 24, 27, 5, 22, 28, 19, 15, 12, 27, 6, 8, 6, 27, 25, 30, 7, 13, 4, 2, 12, 3, 26, 14, 10, 2, 26, 18, 24, 22, 8, 25, 24, 30, 19, 14, 13, 22, 16, 2, 6, 14, 26, 29, 10, 26, 19, 20, 9, 16, 18, 26, 29, 27, 25, 5, 16, 3, 15, 18, 1, 5, 18, 7, 5, 11, 26, 27, 6, 2, 20, 23, 3, 4, 13, 21, 29, 27, 21, 14, 5, 7, 21, 30, 4, 3, 14, 2, 19, 3, 17, 14, 9, 30, 5, 19, 7, 20, 21, 21, 3, 25, 2, 26, 23, 8, 16, 23, 11, 19, 20, 20, 4, 8, 16, 25, 16, 19, 1, 28, 17, 3, 30, 13, 23, 25, 15, 14, 24, 26, 27, 26, 4, 24, 16, 30, 21, 1, 2, 5, 14, 9, 26, 2, 13, 2, 13, 19, 22, 10, 21, 26, 3, 24, 6, 29, 11, 11, 26, 2, 14, 13, 4, 15, 7, 21, 9, 11, 18, 9, 4, 4, 15, 24, 17, 25, 28, 18, 27, 20, 1, 16, 3, 17, 20, 26, 2, 7, 14, 5, 2, 30, 13, 7, 23, 4, 23, 28, 24, 23, 12, 29, 18, 9, 25, 21, 25, 3, 6, 6, 15, 13, 29, 9, 16, 10, 27, 13, 18, 29, 12, 2, 23, 26, 26, 20, 28, 15, 22, 4, 13, 29, 13, 3, 15, 24, 16, 13, 29, 5, 29, 17, 24, 7, 29, 17, 11, 2, 19, 23, 10, 3, 19, 11, 28, 15, 23, 21, 15, 10, 11, 24, 16, 24, 9, 19, 27, 7, 13, 10, 18, 12, 7, 20, 15, 3, 4, 11, 14, 28, 22, 14, 3, 12, 15, 16, 26, 6, 4, 16, 28, 25, 8, 26, 20, 14, 9, 27, 7, 13, 2, 13, 27, 3, 15, 28, 24, 22, 19, 21, 13, 19, 9, 6, 4, 12, 22, 16, 16, 2, 4, 13, 10, 16, 12, 2, 21, 1, 11, 15, 7, 18, 11, 14, 6, 18, 25, 2, 2, 8, 2, 15, 9, 17, 29, 22, 16, 18, 9, 22, 6, 21, 28, 10, 22, 14, 25, 6, 20, 22, 18, 16, 19, 25, 18, 21, 17, 18, 3, 3, 19, 24, 23, 7] 5673.454102433898 613954.40155
CLO: [11, 19, 21, 13, 26, 20, 7, 2, 9, 19, 22, 5, 20, 6, 21, 7, 29, 4, 5, 10, 22, 18, 17, 23, 19, 5, 7, 2, 28, 3, 29, 27, 12, 12, 24, 12, 28, 2, 7, 18, 1, 11, 3, 10, 2, 23, 25, 7, 27, 10, 13, 21, 18, 17, 22, 13, 21, 18, 10, 7, 20, 2, 10, 27, 5, 21, 27, 1, 9, 5, 10, 24, 25, 7, 11, 14, 13, 17, 22, 13, 7, 19, 13, 17, 10, 11, 14, 19, 28, 13, 27, 24, 7, 9, 28, 16, 14, 10, 9, 13, 26, 25, 7, 26, 19, 4, 19, 6, 5, 6, 29, 27, 21, 5, 29, 28, 4, 12, 20, 24, 4, 6, 26, 14, 18, 20, 19, 11, 17, 24, 8, 9, 15, 21, 21, 14, 29, 9, 20, 16, 11, 22, 5, 11, 1, 24, 15, 21, 28, 12, 21, 17, 11, 16, 26, 8, 28, 29, 17, 25, 14, 12, 6, 23, 29, 30, 3, 18, 23, 17, 30, 9, 13, 29, 18, 15, 2, 9, 4, 9, 8, 29, 21, 22, 1, 5, 11, 26, 28, 11, 27, 13, 3, 5, 23, 25, 23, 18, 5, 25, 29, 16, 26, 18, 24, 1, 16, 1, 7, 26, 5, 13, 24, 29, 20, 20, 8, 17, 30, 1, 7, 3, 2, 27, 15, 28, 25, 15, 22, 7, 27, 30, 13, 17, 9, 11, 24, 27, 10, 22, 14, 4, 14, 7, 13, 22, 6, 6, 2, 23, 4, 14, 13, 22, 2, 5, 13, 2, 2, 6, 22, 29, 17, 24, 19, 23, 29, 27, 6, 7, 28, 22, 2, 24, 8, 10, 15, 10, 20, 21, 17, 9, 23, 21, 19, 14, 17, 27, 21, 30, 15, 8, 24, 3, 27, 17, 1, 18, 18, 23, 9, 21, 11, 17, 30, 5, 18, 1, 2, 14, 17, 17, 1, 24, 20, 13, 11, 15, 28, 2, 22, 20, 7, 15, 14, 29, 12, 11, 19, 18, 15, 7, 30, 29, 29, 16, 4, 16, 22, 24, 23, 4, 23, 8, 29, 8, 4, 5, 16, 15, 19, 16, 4, 24, 3, 7, 23, 29, 4, 18, 7, 26, 6, 2, 12, 19, 12, 27, 25, 3, 4, 16, 5, 20, 14, 27, 16, 28, 15, 25, 25, 5, 25, 7, 19, 22, 17, 8, 18, 29, 10, 4, 4, 16, 20, 1, 30, 15, 3, 27, 29, 21, 7, 24, 13, 22, 8, 4, 20, 21, 23, 18, 5, 15, 25, 16, 11, 24, 1, 11, 22, 19, 18, 20, 14, 18, 5, 8, 29, 8, 28, 10, 20, 7, 28, 16, 19, 4, 11, 9, 6, 9, 5, 14, 16, 15, 30, 21, 15, 6, 8, 27, 8, 30, 22, 27, 18, 14, 4, 30, 10, 20, 2, 24, 8, 22, 19, 5, 2, 17, 25, 10, 18, 17, 6, 13, 9, 13, 21, 6, 17, 4, 1, 2, 15, 10, 19, 21, 29, 30, 15, 6, 16, 15, 16, 18, 13, 19, 17, 8] 6526.163493783289 600039.587723
-- 
Instance 5
seed: 1464004053864
--
SHC: [10, 19, 14, 3, 20, 26, 1, 3, 25, 25, 29, 1, 1, 1, 28, 2, 1, 14, 23, 4, 25, 18, 30, 24, 2, 24, 9, 19, 22, 10, 22, 30, 19, 9, 21, 14, 3, 20, 17, 23, 18, 27, 26, 6, 22, 7, 29, 13, 18, 1, 3, 6, 12, 14, 23, 9, 16, 20, 9, 9, 21, 9, 10, 29, 13, 30, 25, 29, 18, 23, 18, 18, 22, 4, 30, 20, 13, 10, 21, 25, 9, 18, 21, 27, 5, 14, 11, 8, 28, 24, 16, 15, 2, 18, 27, 26, 1, 29, 5, 29, 20, 23, 28, 19, 29, 3, 23, 22, 13, 8, 27, 16, 25, 18, 18, 29, 23, 2, 25, 8, 13, 24, 2, 2, 1, 5, 1, 5, 29, 18, 29, 1, 9, 18, 16, 27, 14, 10, 4, 22, 3, 6, 14, 8, 22, 18, 3, 28, 4, 2, 18, 2, 9, 7, 28, 26, 17, 30, 30, 28, 28, 12, 20, 28, 17, 14, 5, 14, 10, 15, 17, 12, 28, 25, 16, 2, 25, 18, 10, 19, 20, 18, 10, 30, 3, 6, 1, 14, 20, 7, 24, 20, 17, 10, 9, 6, 18, 23, 29, 22, 1, 8, 20, 25, 15, 13, 29, 12, 12, 3, 12, 24, 28, 13, 17, 12, 7, 25, 9, 11, 29, 23, 3, 13, 12, 26, 18, 5, 10, 29, 28, 13, 8, 22, 29, 18, 15, 27, 18, 10, 27, 16, 5, 20, 26, 11, 19, 24, 26, 22, 26, 12, 2, 14, 1, 29, 27, 5, 23, 14, 8, 21, 23, 21, 13, 30, 16, 10, 7, 13, 1, 12, 16, 24, 25, 1, 25, 13, 15, 11, 22, 9, 21, 17, 16, 18, 28, 25, 22, 20, 25, 10, 3, 19, 5, 27, 4, 4, 25, 18, 12, 14, 9, 24, 29, 4, 14, 9, 10, 17, 2, 24, 4, 17, 5, 9, 13, 4, 26, 7, 4, 12, 1, 10, 12, 17, 4, 3, 7, 6, 29, 26, 9, 6, 25, 23, 30, 4, 22, 7, 14, 11, 8, 10, 1, 29, 26, 19, 6, 25, 7, 9, 8, 18, 11, 1, 12, 28, 18, 13, 9, 16, 1, 23, 13, 18, 2, 8, 17, 27, 27, 12, 22, 14, 21, 13, 13, 13, 9, 29, 30, 15, 17, 7, 21, 27, 9, 1, 8, 9, 25, 6, 16, 17, 17, 6, 14, 27, 5, 13, 18, 2, 22, 12, 9, 4, 20, 5, 18, 13, 1, 11, 2, 1, 2, 4, 26, 13, 14, 17, 14, 20, 30, 14, 9, 24, 17, 26, 27, 15, 18, 2, 7, 10, 16, 14, 26, 19, 10, 20, 18, 26, 10, 16, 23, 29, 7, 27, 3, 23, 27, 24, 9, 2, 26, 14, 6, 25, 19, 19, 8, 14, 25, 7, 8, 10, 5, 9, 20, 5, 30, 10, 18, 16, 20, 16, 30, 2, 24, 7, 20, 12, 3, 10, 11, 11, 9, 4, 9, 8, 21, 27, 17, 22, 4, 13, 7, 4, 3, 16] 5382.740938118949 600191.780037
SA: [6, 6, 1, 1, 14, 24, 15, 6, 17, 25, 13, 16, 15, 17, 9, 17, 2, 23, 6, 21, 7, 10, 29, 7, 28, 10, 23, 19, 19, 3, 9, 28, 28, 3, 6, 26, 9, 4, 21, 4, 26, 12, 24, 4, 17, 8, 18, 12, 5, 2, 17, 16, 11, 25, 22, 27, 21, 23, 4, 23, 11, 27, 22, 10, 26, 30, 4, 14, 9, 30, 5, 23, 13, 27, 9, 23, 9, 28, 4, 9, 18, 28, 16, 5, 9, 18, 10, 29, 21, 24, 25, 4, 10, 22, 30, 21, 5, 20, 28, 20, 24, 30, 6, 25, 7, 20, 19, 24, 8, 28, 14, 24, 21, 22, 25, 7, 30, 27, 15, 22, 29, 15, 17, 17, 14, 7, 1, 29, 6, 3, 27, 5, 1, 17, 22, 15, 7, 29, 28, 19, 30, 29, 29, 21, 4, 5, 2, 17, 25, 27, 18, 10, 10, 3, 21, 1, 20, 16, 6, 25, 12, 28, 2, 7, 22, 8, 21, 23, 10, 3, 18, 18, 27, 17, 19, 22, 4, 1, 1, 11, 16, 25, 17, 1, 12, 18, 9, 22, 13, 27, 13, 28, 26, 14, 30, 25, 16, 14, 29, 23, 20, 24, 27, 4, 3, 30, 19, 30, 24, 25, 20, 15, 9, 6, 30, 14, 24, 7, 18, 2, 6, 23, 2, 13, 30, 1, 14, 2, 25, 11, 7, 21, 23, 28, 8, 25, 9, 28, 28, 29, 6, 20, 2, 30, 2, 1, 21, 5, 20, 8, 2, 27, 15, 4, 19, 20, 6, 22, 10, 25, 26, 10, 5, 2, 25, 23, 27, 18, 23, 13, 9, 20, 9, 30, 3, 3, 25, 17, 25, 22, 1, 23, 29, 6, 16, 3, 9, 11, 1, 20, 20, 2, 13, 15, 27, 27, 15, 25, 18, 11, 15, 14, 2, 20, 7, 14, 1, 7, 15, 28, 20, 23, 27, 6, 29, 22, 6, 18, 4, 5, 14, 21, 9, 25, 30, 30, 5, 11, 30, 8, 29, 17, 17, 10, 3, 24, 22, 18, 13, 23, 27, 3, 16, 9, 16, 15, 27, 14, 15, 10, 26, 8, 19, 10, 20, 16, 16, 6, 10, 12, 23, 15, 6, 17, 27, 13, 11, 7, 13, 16, 26, 11, 19, 21, 11, 19, 13, 10, 20, 10, 29, 7, 26, 22, 23, 27, 5, 5, 2, 30, 28, 29, 12, 25, 25, 4, 5, 21, 21, 15, 6, 21, 30, 1, 10, 11, 23, 19, 28, 9, 21, 7, 20, 5, 22, 14, 28, 16, 11, 24, 11, 2, 15, 28, 11, 17, 28, 29, 12, 14, 2, 26, 1, 11, 8, 22, 14, 2, 29, 27, 15, 30, 26, 1, 10, 28, 7, 11, 23, 14, 24, 8, 23, 7, 4, 25, 11, 14, 24, 26, 23, 28, 17, 28, 24, 13, 21, 24, 27, 17, 28, 17, 16, 16, 2, 20, 8, 4, 11, 30, 11, 18, 14, 22, 12, 13, 18, 4, 10, 28, 2, 13, 25, 23, 17, 26, 7, 30, 23, 4] 5608.757703507434 601073.154128
CLO: [15, 2, 14, 25, 13, 10, 21, 11, 8, 27, 8, 30, 20, 25, 15, 9, 4, 27, 30, 27, 12, 23, 30, 13, 23, 10, 30, 4, 11, 21, 29, 6, 17, 11, 24, 9, 29, 15, 15, 21, 10, 16, 14, 12, 24, 12, 22, 1, 30, 1, 16, 1, 24, 12, 12, 25, 13, 16, 3, 28, 18, 25, 11, 15, 21, 29, 17, 16, 30, 21, 26, 29, 1, 3, 22, 24, 16, 6, 17, 17, 5, 16, 19, 29, 11, 12, 12, 29, 14, 12, 17, 17, 6, 10, 23, 20, 26, 27, 2, 20, 28, 22, 30, 5, 29, 29, 17, 28, 24, 11, 9, 28, 22, 25, 12, 24, 29, 9, 19, 3, 10, 5, 22, 4, 22, 22, 6, 17, 28, 28, 30, 1, 19, 28, 22, 9, 9, 17, 9, 4, 29, 25, 15, 7, 28, 15, 5, 12, 14, 21, 5, 4, 18, 11, 25, 4, 10, 10, 5, 5, 8, 2, 2, 1, 8, 9, 22, 17, 7, 2, 8, 22, 23, 26, 8, 19, 24, 8, 15, 20, 7, 28, 1, 12, 17, 2, 24, 27, 28, 23, 7, 25, 12, 25, 13, 24, 30, 13, 28, 27, 29, 15, 19, 17, 18, 30, 6, 5, 12, 21, 22, 28, 13, 21, 8, 8, 23, 18, 6, 16, 11, 9, 12, 24, 1, 8, 5, 4, 9, 11, 18, 2, 17, 18, 15, 3, 18, 10, 5, 1, 22, 11, 13, 11, 24, 24, 22, 25, 18, 14, 23, 25, 18, 12, 26, 29, 30, 11, 12, 28, 9, 28, 28, 28, 13, 21, 23, 12, 13, 24, 23, 6, 22, 13, 6, 4, 21, 9, 21, 14, 5, 20, 28, 20, 7, 24, 13, 21, 5, 12, 24, 22, 12, 23, 8, 6, 23, 3, 4, 27, 13, 20, 12, 29, 1, 9, 10, 21, 26, 21, 9, 30, 23, 12, 17, 30, 4, 11, 14, 5, 11, 23, 5, 6, 29, 17, 14, 25, 9, 11, 7, 15, 25, 11, 22, 17, 22, 9, 21, 14, 1, 2, 10, 3, 14, 19, 3, 27, 20, 10, 15, 9, 27, 1, 28, 11, 17, 5, 14, 16, 1, 24, 5, 24, 25, 6, 19, 9, 17, 21, 4, 6, 21, 13, 13, 18, 19, 18, 14, 8, 21, 7, 13, 6, 3, 2, 8, 5, 18, 26, 24, 24, 25, 13, 14, 13, 1, 30, 24, 14, 19, 14, 9, 29, 8, 22, 7, 22, 29, 20, 1, 2, 23, 25, 18, 17, 1, 18, 16, 3, 25, 9, 6, 23, 12, 6, 3, 16, 17, 5, 23, 22, 13, 12, 9, 11, 29, 7, 18, 5, 24, 24, 3, 25, 27, 28, 10, 6, 16, 22, 22, 9, 4, 6, 8, 30, 27, 27, 16, 7, 30, 16, 1, 18, 28, 3, 27, 10, 26, 10, 25, 10, 26, 14, 15, 29, 26, 22, 16, 8, 2, 28, 4, 7, 27, 24, 13, 10, 2, 5, 10, 11, 21, 8, 25, 3, 8, 10, 14, 8] 6279.327079859848 600089.494355
-- 
Instance 6
seed: 1464005888944
--
SHC: [7, 6, 7, 30, 12, 16, 14, 18, 21, 2, 11, 6, 30, 25, 26, 30, 12, 2, 8, 16, 4, 3, 12, 9, 17, 16, 27, 27, 17, 16, 16, 5, 21, 1, 28, 20, 29, 6, 10, 10, 9, 6, 4, 3, 27, 13, 9, 6, 2, 12, 4, 1, 21, 10, 22, 17, 15, 19, 2, 19, 13, 26, 4, 20, 21, 13, 24, 18, 20, 9, 11, 7, 22, 13, 1, 6, 25, 22, 10, 8, 2, 4, 17, 24, 29, 27, 16, 14, 1, 6, 8, 2, 16, 17, 7, 12, 18, 5, 3, 26, 17, 30, 25, 21, 23, 20, 15, 2, 19, 28, 22, 26, 5, 10, 11, 5, 16, 1, 6, 18, 12, 22, 9, 26, 11, 27, 4, 29, 12, 20, 21, 9, 16, 15, 4, 8, 16, 21, 11, 8, 25, 1, 10, 16, 19, 2, 21, 24, 20, 22, 30, 3, 19, 21, 18, 12, 12, 13, 8, 17, 22, 20, 26, 23, 4, 4, 19, 14, 20, 6, 30, 23, 17, 8, 9, 14, 14, 11, 15, 3, 17, 30, 11, 15, 13, 4, 2, 6, 29, 28, 11, 18, 4, 29, 27, 7, 5, 21, 10, 4, 3, 22, 4, 30, 16, 14, 30, 22, 20, 30, 17, 5, 6, 30, 11, 28, 11, 14, 20, 9, 15, 20, 25, 9, 30, 4, 2, 5, 28, 15, 21, 14, 11, 14, 2, 9, 5, 15, 9, 26, 26, 29, 28, 21, 29, 17, 20, 25, 29, 25, 14, 26, 8, 11, 22, 5, 30, 22, 3, 3, 28, 3, 19, 15, 19, 21, 29, 5, 16, 19, 27, 12, 4, 27, 21, 6, 4, 3, 11, 10, 28, 25, 2, 26, 21, 13, 13, 6, 12, 3, 23, 14, 25, 25, 2, 21, 10, 9, 23, 12, 8, 7, 9, 24, 28, 1, 11, 20, 25, 6, 12, 30, 21, 25, 24, 2, 21, 7, 21, 27, 17, 27, 28, 2, 27, 7, 6, 3, 10, 4, 1, 7, 7, 16, 13, 13, 11, 4, 15, 6, 8, 27, 29, 2, 5, 4, 27, 9, 27, 12, 6, 15, 7, 3, 18, 23, 23, 30, 18, 5, 28, 7, 20, 25, 24, 14, 24, 7, 24, 7, 19, 28, 28, 12, 17, 18, 13, 3, 29, 30, 6, 12, 20, 24, 19, 6, 3, 1, 15, 21, 30, 27, 11, 9, 6, 4, 25, 27, 25, 9, 3, 23, 6, 23, 25, 2, 20, 25, 3, 26, 21, 28, 8, 25, 7, 1, 8, 2, 20, 18, 1, 12, 4, 25, 8, 7, 24, 25, 13, 5, 25, 7, 12, 25, 6, 17, 5, 13, 16, 28, 10, 15, 29, 16, 14, 10, 6, 28, 13, 6, 14, 1, 17, 1, 16, 28, 18, 27, 17, 18, 1, 27, 9, 2, 11, 18, 12, 7, 28, 27, 18, 19, 6, 29, 14, 7, 22, 8, 5, 14, 23, 29, 2, 22, 27, 8, 22, 1, 6, 11, 7, 13, 5, 28, 1, 22, 17, 8, 27, 7] 5504.689701780336 600164.459611
SA: [14, 4, 6, 11, 16, 18, 14, 1, 29, 20, 8, 29, 4, 12, 27, 12, 13, 10, 12, 12, 15, 29, 5, 2, 11, 21, 9, 21, 5, 28, 18, 14, 20, 18, 3, 29, 18, 7, 16, 28, 20, 6, 21, 29, 14, 25, 8, 15, 13, 22, 6, 1, 27, 29, 2, 1, 17, 18, 22, 29, 25, 26, 30, 25, 3, 18, 10, 7, 25, 1, 21, 5, 21, 1, 2, 7, 28, 8, 17, 16, 26, 1, 4, 7, 5, 27, 25, 1, 21, 30, 12, 25, 13, 5, 8, 2, 24, 11, 30, 2, 24, 28, 4, 20, 1, 18, 16, 30, 21, 9, 25, 29, 5, 30, 21, 16, 23, 30, 19, 17, 4, 15, 22, 27, 30, 19, 12, 19, 6, 3, 24, 2, 2, 24, 23, 4, 4, 7, 10, 7, 21, 23, 7, 27, 20, 18, 8, 20, 23, 14, 1, 27, 1, 3, 25, 14, 16, 19, 7, 12, 3, 18, 12, 30, 26, 2, 16, 18, 23, 3, 19, 18, 24, 22, 14, 24, 30, 7, 18, 14, 14, 17, 6, 6, 16, 14, 13, 3, 1, 23, 1, 29, 30, 17, 23, 5, 13, 19, 25, 28, 28, 4, 4, 6, 14, 21, 23, 5, 29, 18, 25, 26, 1, 6, 26, 29, 12, 9, 28, 13, 22, 17, 25, 30, 26, 24, 15, 17, 25, 20, 12, 27, 27, 21, 17, 11, 8, 2, 17, 16, 10, 12, 5, 2, 26, 7, 19, 10, 7, 12, 25, 30, 3, 12, 16, 3, 4, 28, 4, 23, 30, 12, 12, 16, 8, 26, 17, 14, 5, 25, 20, 15, 18, 13, 2, 23, 28, 23, 27, 30, 19, 27, 3, 8, 6, 12, 27, 29, 23, 9, 14, 6, 28, 19, 16, 1, 2, 18, 24, 27, 30, 28, 4, 18, 28, 5, 20, 25, 1, 16, 19, 3, 23, 14, 3, 22, 9, 25, 29, 8, 26, 5, 1, 19, 27, 14, 29, 29, 4, 9, 2, 4, 6, 3, 23, 29, 28, 10, 9, 3, 17, 24, 10, 27, 4, 9, 9, 21, 24, 25, 17, 23, 17, 19, 6, 17, 2, 4, 1, 22, 30, 22, 10, 2, 6, 5, 20, 29, 2, 28, 5, 2, 28, 14, 20, 14, 17, 11, 5, 25, 13, 22, 4, 29, 4, 2, 24, 4, 2, 17, 26, 13, 20, 26, 9, 17, 21, 3, 26, 7, 20, 1, 27, 13, 29, 29, 7, 29, 26, 16, 17, 10, 7, 14, 14, 15, 18, 10, 30, 15, 25, 1, 26, 28, 9, 22, 1, 12, 15, 18, 7, 13, 28, 18, 21, 23, 24, 28, 13, 18, 1, 28, 16, 14, 19, 11, 6, 21, 9, 26, 1, 8, 9, 4, 21, 27, 18, 2, 14, 30, 12, 10, 21, 11, 29, 7, 21, 18, 27, 7, 27, 12, 23, 25, 5, 12, 19, 1, 12, 15, 1, 7, 5, 17, 17, 10, 14, 29, 19, 17, 10, 8, 21, 20, 11, 3, 4, 14, 7, 18] 5698.948188797757 610934.446391
CLO: [1, 27, 21, 14, 18, 14, 16, 21, 2, 3, 25, 24, 4, 5, 10, 20, 4, 25, 17, 16, 2, 10, 17, 7, 10, 10, 26, 9, 5, 19, 9, 19, 27, 18, 25, 19, 9, 12, 21, 18, 2, 19, 12, 15, 24, 30, 7, 28, 24, 7, 18, 29, 8, 17, 17, 25, 23, 26, 22, 2, 21, 28, 28, 6, 17, 11, 3, 29, 24, 18, 12, 30, 23, 30, 4, 25, 19, 8, 15, 30, 10, 6, 22, 8, 7, 29, 24, 14, 19, 23, 24, 28, 20, 30, 13, 14, 30, 7, 17, 20, 7, 27, 14, 19, 9, 10, 14, 9, 12, 2, 21, 21, 14, 25, 8, 18, 5, 5, 5, 4, 26, 28, 24, 5, 8, 18, 1, 21, 5, 13, 7, 7, 8, 15, 1, 28, 20, 6, 13, 21, 3, 19, 30, 17, 5, 19, 22, 6, 14, 23, 28, 19, 23, 17, 10, 9, 22, 16, 2, 8, 6, 14, 30, 17, 18, 28, 29, 9, 13, 28, 13, 11, 20, 3, 23, 11, 20, 30, 19, 29, 11, 8, 10, 17, 15, 22, 15, 30, 7, 11, 23, 30, 12, 27, 14, 6, 23, 6, 30, 18, 27, 1, 25, 18, 1, 1, 27, 4, 8, 19, 19, 10, 27, 16, 7, 22, 10, 25, 15, 11, 14, 3, 7, 17, 14, 19, 1, 30, 29, 9, 25, 29, 29, 9, 19, 6, 6, 29, 30, 14, 29, 17, 16, 20, 12, 9, 8, 9, 13, 22, 30, 25, 18, 9, 26, 29, 27, 23, 13, 28, 3, 17, 29, 13, 18, 21, 24, 15, 14, 23, 27, 6, 20, 1, 14, 1, 23, 27, 19, 17, 7, 14, 24, 18, 8, 6, 15, 3, 7, 2, 16, 30, 17, 26, 18, 25, 20, 21, 21, 30, 14, 5, 23, 10, 26, 28, 8, 3, 3, 8, 20, 23, 8, 16, 15, 13, 15, 2, 30, 2, 21, 14, 19, 4, 27, 18, 11, 8, 4, 22, 30, 10, 16, 18, 26, 7, 23, 25, 16, 16, 1, 30, 2, 13, 23, 16, 6, 1, 14, 26, 19, 30, 28, 16, 14, 25, 2, 29, 21, 14, 25, 29, 16, 29, 6, 2, 15, 20, 16, 17, 9, 29, 21, 25, 21, 27, 27, 19, 15, 14, 23, 13, 16, 11, 20, 20, 11, 26, 24, 1, 23, 23, 9, 15, 14, 5, 20, 20, 9, 11, 5, 9, 14, 19, 28, 11, 18, 5, 9, 21, 3, 25, 24, 21, 13, 10, 24, 5, 18, 11, 6, 30, 6, 8, 14, 5, 30, 26, 22, 22, 19, 12, 15, 17, 10, 21, 17, 19, 25, 10, 1, 17, 1, 26, 14, 28, 23, 8, 2, 19, 13, 24, 12, 10, 4, 10, 25, 26, 20, 23, 9, 4, 28, 16, 1, 21, 19, 26, 26, 5, 28, 21, 20, 5, 22, 15, 1, 29, 6, 25, 7, 13, 27, 27, 1, 29, 12, 12, 16, 12, 8, 3, 22, 5, 5, 24, 14, 17, 20, 9] 6154.934750693621 600285.434582
-- 
Instance 7
seed: 1464007740865
--
SHC: [7, 26, 19, 17, 6, 3, 7, 8, 17, 6, 10, 14, 25, 9, 20, 13, 21, 28, 12, 8, 15, 23, 11, 12, 1, 17, 23, 23, 21, 21, 29, 3, 28, 30, 20, 24, 9, 17, 10, 5, 17, 28, 16, 17, 9, 17, 12, 29, 30, 20, 7, 5, 26, 4, 7, 14, 18, 26, 15, 1, 20, 25, 4, 7, 22, 1, 25, 23, 29, 13, 17, 26, 4, 17, 3, 14, 26, 18, 9, 12, 23, 23, 2, 26, 27, 6, 25, 18, 15, 5, 20, 2, 23, 20, 23, 10, 16, 6, 26, 2, 1, 16, 30, 13, 10, 3, 7, 18, 3, 20, 2, 4, 23, 19, 30, 20, 7, 20, 7, 10, 14, 28, 7, 27, 30, 19, 3, 10, 10, 15, 19, 11, 2, 8, 17, 23, 6, 2, 18, 19, 2, 18, 15, 24, 9, 29, 11, 18, 18, 9, 24, 28, 30, 29, 29, 11, 10, 17, 23, 2, 5, 28, 2, 23, 11, 1, 17, 6, 10, 23, 8, 21, 9, 13, 7, 24, 26, 26, 5, 29, 19, 17, 21, 8, 8, 3, 8, 3, 28, 10, 10, 14, 22, 17, 21, 18, 16, 20, 11, 14, 3, 20, 29, 18, 6, 19, 6, 17, 15, 27, 8, 10, 18, 26, 2, 28, 14, 11, 6, 26, 26, 3, 3, 20, 14, 28, 28, 15, 13, 19, 10, 19, 19, 3, 15, 5, 16, 1, 17, 30, 19, 18, 24, 1, 7, 28, 30, 12, 14, 11, 3, 22, 8, 25, 29, 26, 2, 8, 15, 27, 9, 14, 13, 9, 30, 27, 18, 5, 10, 14, 18, 20, 17, 22, 1, 5, 12, 6, 17, 30, 25, 19, 29, 10, 1, 22, 3, 24, 7, 23, 14, 27, 17, 10, 16, 23, 23, 6, 2, 30, 9, 25, 4, 22, 6, 24, 25, 29, 29, 24, 9, 3, 8, 21, 10, 4, 12, 13, 8, 13, 25, 20, 19, 30, 14, 26, 9, 19, 26, 26, 22, 14, 2, 1, 26, 10, 17, 24, 28, 20, 12, 24, 29, 11, 30, 5, 5, 18, 12, 3, 9, 7, 24, 13, 10, 10, 30, 28, 11, 5, 18, 30, 14, 28, 5, 10, 29, 7, 16, 2, 20, 19, 16, 11, 18, 22, 21, 12, 8, 18, 1, 10, 6, 18, 11, 6, 27, 28, 23, 22, 3, 13, 24, 20, 5, 26, 24, 28, 14, 17, 29, 16, 20, 13, 24, 15, 13, 1, 19, 6, 22, 25, 3, 27, 26, 8, 3, 10, 4, 13, 8, 9, 16, 19, 24, 20, 12, 21, 9, 6, 2, 4, 11, 10, 8, 18, 23, 8, 11, 27, 30, 23, 8, 27, 5, 25, 5, 27, 24, 19, 12, 14, 25, 5, 14, 8, 22, 29, 11, 6, 7, 29, 24, 23, 22, 16, 3, 19, 9, 4, 29, 28, 14, 28, 10, 24, 18, 4, 20, 9, 30, 23, 15, 8, 9, 30, 8, 24, 26, 5, 27, 5, 7, 26, 29, 10, 4, 22, 9, 23] 5720.964868519003 600069.751732
SA: [12, 24, 29, 29, 26, 6, 7, 6, 24, 27, 20, 15, 25, 14, 29, 5, 14, 10, 17, 2, 19, 7, 5, 7, 22, 27, 23, 6, 27, 1, 30, 27, 11, 27, 30, 4, 8, 14, 19, 21, 25, 1, 19, 22, 23, 17, 17, 21, 16, 19, 28, 26, 9, 23, 15, 4, 7, 22, 11, 10, 10, 17, 30, 3, 28, 24, 22, 8, 23, 19, 25, 19, 13, 6, 22, 2, 8, 2, 2, 17, 18, 28, 13, 8, 25, 1, 14, 5, 4, 28, 18, 25, 24, 7, 25, 17, 22, 6, 14, 8, 18, 14, 4, 28, 3, 27, 6, 28, 18, 2, 6, 16, 24, 10, 7, 30, 19, 23, 15, 25, 29, 10, 11, 12, 12, 1, 6, 11, 5, 18, 27, 2, 16, 28, 20, 11, 11, 4, 16, 18, 13, 27, 22, 30, 5, 27, 8, 3, 19, 28, 6, 6, 8, 5, 3, 21, 5, 26, 27, 16, 12, 20, 17, 9, 16, 24, 12, 20, 6, 27, 12, 15, 27, 12, 17, 11, 18, 8, 15, 8, 24, 16, 21, 21, 19, 22, 1, 9, 20, 3, 27, 14, 30, 25, 5, 3, 23, 29, 7, 20, 22, 20, 25, 1, 15, 5, 16, 3, 23, 4, 5, 1, 4, 3, 3, 29, 3, 24, 30, 2, 18, 4, 20, 28, 14, 22, 19, 13, 9, 3, 22, 12, 18, 3, 24, 6, 10, 21, 9, 21, 4, 6, 28, 10, 12, 15, 10, 17, 2, 10, 30, 24, 4, 26, 28, 18, 26, 26, 23, 17, 15, 22, 10, 26, 3, 5, 4, 22, 13, 6, 10, 10, 22, 1, 12, 25, 5, 8, 30, 28, 29, 17, 28, 18, 13, 23, 14, 5, 22, 29, 26, 10, 16, 16, 2, 6, 24, 12, 23, 30, 11, 18, 14, 9, 25, 21, 26, 6, 5, 8, 12, 1, 10, 21, 17, 20, 9, 4, 10, 4, 15, 6, 12, 9, 17, 21, 1, 21, 30, 11, 15, 14, 6, 26, 19, 14, 4, 4, 30, 4, 15, 27, 13, 5, 19, 29, 19, 8, 17, 10, 19, 6, 3, 21, 1, 17, 26, 16, 27, 19, 22, 11, 29, 22, 5, 1, 7, 1, 20, 8, 24, 5, 13, 15, 17, 23, 19, 8, 1, 25, 12, 2, 11, 8, 15, 2, 9, 5, 9, 11, 14, 18, 6, 19, 22, 29, 22, 28, 15, 10, 7, 29, 19, 10, 28, 17, 29, 23, 18, 28, 2, 14, 22, 1, 3, 4, 26, 27, 18, 15, 24, 11, 16, 11, 2, 16, 27, 14, 13, 23, 14, 1, 28, 20, 2, 27, 3, 16, 14, 1, 25, 22, 22, 11, 8, 24, 16, 13, 16, 30, 13, 20, 23, 3, 6, 5, 5, 25, 10, 11, 30, 26, 22, 18, 7, 24, 10, 4, 15, 3, 22, 8, 29, 7, 23, 3, 14, 22, 6, 27, 6, 24, 25, 10, 15, 9, 3, 30, 27, 2, 13, 13, 1, 20, 18, 12, 23, 15, 20, 25] 5753.7002821036585 600765.888306
CLO: [3, 12, 3, 17, 13, 29, 17, 17, 1, 13, 26, 7, 2, 18, 12, 18, 17, 1, 13, 1, 20, 12, 12, 7, 17, 22, 17, 3, 10, 21, 28, 23, 17, 6, 9, 24, 8, 14, 27, 6, 12, 13, 14, 18, 1, 29, 1, 28, 24, 18, 13, 5, 11, 25, 8, 18, 20, 2, 1, 2, 22, 6, 16, 29, 1, 6, 22, 11, 19, 26, 8, 10, 14, 7, 23, 4, 26, 25, 21, 6, 23, 10, 27, 2, 18, 15, 8, 9, 4, 29, 18, 23, 27, 9, 24, 18, 5, 2, 24, 24, 10, 16, 20, 30, 17, 19, 21, 22, 11, 4, 3, 29, 11, 26, 18, 29, 7, 21, 30, 18, 17, 12, 26, 29, 1, 19, 9, 16, 12, 15, 28, 21, 22, 18, 24, 21, 1, 2, 15, 14, 30, 28, 23, 24, 8, 25, 28, 30, 27, 18, 6, 12, 21, 20, 17, 18, 30, 26, 24, 27, 1, 25, 20, 5, 7, 25, 5, 11, 19, 22, 14, 11, 27, 17, 12, 9, 9, 22, 29, 7, 16, 4, 2, 12, 24, 14, 23, 28, 18, 6, 25, 3, 2, 8, 21, 5, 21, 25, 3, 15, 1, 10, 4, 29, 19, 17, 17, 15, 1, 10, 19, 30, 8, 20, 21, 12, 23, 19, 16, 4, 18, 29, 27, 19, 8, 27, 16, 19, 2, 19, 10, 3, 9, 15, 18, 12, 24, 26, 27, 30, 25, 24, 28, 15, 21, 9, 25, 17, 28, 17, 3, 19, 27, 7, 5, 15, 2, 6, 7, 5, 26, 7, 2, 17, 8, 24, 2, 3, 16, 22, 5, 27, 11, 10, 1, 3, 20, 29, 15, 5, 7, 3, 14, 23, 9, 4, 16, 30, 7, 9, 7, 26, 16, 9, 21, 27, 19, 10, 3, 10, 20, 25, 1, 15, 23, 25, 6, 22, 10, 2, 12, 16, 21, 9, 27, 16, 24, 12, 3, 21, 9, 5, 15, 17, 9, 5, 27, 27, 3, 26, 5, 22, 4, 19, 14, 9, 7, 5, 4, 2, 28, 4, 22, 23, 13, 2, 26, 7, 28, 14, 25, 14, 7, 11, 13, 2, 15, 3, 21, 25, 18, 15, 22, 1, 19, 16, 9, 28, 10, 7, 22, 6, 30, 29, 22, 3, 20, 4, 2, 25, 13, 20, 7, 26, 6, 13, 9, 19, 18, 11, 2, 21, 1, 14, 27, 17, 5, 28, 7, 11, 6, 25, 21, 9, 27, 21, 12, 4, 5, 12, 21, 14, 18, 7, 21, 6, 20, 1, 23, 17, 4, 25, 28, 9, 27, 22, 4, 5, 14, 25, 27, 25, 9, 26, 30, 27, 30, 6, 15, 29, 12, 1, 12, 14, 4, 21, 2, 20, 26, 6, 9, 8, 7, 1, 14, 27, 14, 10, 27, 23, 12, 16, 17, 28, 24, 11, 19, 16, 19, 12, 11, 3, 21, 6, 24, 12, 17, 2, 5, 18, 20, 16, 30, 4, 12, 5, 20, 10, 25, 3, 10, 30, 25, 21, 10, 2, 14, 29, 1, 24] 6168.010428289609 600162.275945
-- 
Instance 8
seed: 1464009583791
--
SHC: [20, 1, 3, 15, 11, 20, 15, 30, 29, 6, 1, 28, 9, 16, 10, 21, 23, 26, 24, 5, 19, 16, 19, 11, 20, 13, 10, 1, 6, 14, 26, 20, 28, 26, 3, 15, 21, 16, 18, 29, 30, 22, 4, 7, 29, 25, 28, 23, 27, 21, 23, 23, 27, 29, 10, 18, 29, 21, 17, 13, 19, 19, 26, 28, 13, 1, 21, 22, 11, 28, 17, 16, 23, 27, 30, 26, 28, 1, 24, 9, 29, 11, 6, 30, 20, 25, 20, 7, 10, 25, 26, 9, 13, 20, 26, 8, 6, 3, 14, 26, 27, 17, 14, 2, 15, 27, 9, 17, 12, 6, 4, 20, 10, 3, 24, 24, 30, 2, 18, 19, 13, 21, 13, 25, 13, 23, 15, 9, 7, 6, 6, 29, 23, 14, 8, 30, 20, 28, 9, 11, 28, 17, 23, 6, 18, 26, 23, 11, 5, 25, 25, 6, 13, 13, 22, 4, 29, 5, 18, 25, 14, 6, 3, 27, 8, 26, 28, 10, 18, 26, 1, 8, 5, 1, 21, 13, 21, 16, 3, 13, 27, 25, 18, 2, 26, 22, 29, 12, 12, 29, 24, 9, 30, 16, 10, 8, 21, 23, 17, 23, 23, 26, 26, 8, 25, 6, 14, 5, 14, 16, 11, 20, 18, 4, 29, 25, 27, 3, 14, 2, 29, 3, 5, 24, 10, 6, 27, 21, 30, 13, 22, 17, 6, 3, 6, 2, 1, 7, 5, 24, 2, 23, 9, 5, 10, 17, 15, 23, 21, 15, 18, 9, 29, 15, 14, 16, 4, 26, 25, 3, 2, 25, 6, 20, 24, 1, 14, 4, 29, 9, 27, 25, 13, 24, 24, 8, 27, 9, 18, 14, 4, 16, 5, 6, 7, 10, 27, 30, 26, 7, 21, 18, 7, 18, 22, 19, 19, 26, 1, 18, 27, 15, 25, 2, 1, 25, 9, 10, 21, 20, 15, 4, 10, 14, 30, 28, 8, 14, 29, 15, 22, 27, 5, 14, 24, 17, 17, 10, 27, 18, 7, 9, 19, 9, 30, 25, 19, 18, 8, 16, 22, 27, 14, 19, 2, 1, 23, 25, 1, 14, 6, 13, 17, 16, 9, 6, 28, 9, 18, 8, 19, 11, 21, 6, 23, 1, 10, 10, 3, 15, 29, 5, 27, 19, 6, 22, 8, 20, 9, 26, 18, 4, 13, 10, 28, 3, 1, 14, 15, 4, 10, 4, 24, 2, 11, 7, 7, 12, 3, 9, 12, 5, 24, 6, 21, 24, 19, 9, 6, 3, 12, 20, 30, 26, 25, 8, 29, 10, 6, 5, 8, 5, 22, 6, 30, 19, 7, 18, 28, 14, 22, 16, 4, 20, 13, 1, 22, 25, 15, 20, 15, 14, 21, 12, 14, 15, 25, 21, 12, 29, 9, 6, 27, 4, 7, 10, 7, 26, 29, 27, 29, 3, 15, 15, 13, 2, 10, 5, 11, 29, 5, 20, 26, 20, 11, 3, 3, 13, 12, 4, 10, 16, 11, 19, 28, 4, 1, 29, 11, 12, 3, 3, 8, 21, 2, 23, 4, 24, 23, 21] 6086.074506136305 600017.12897
SA: [19, 27, 22, 22, 30, 17, 26, 23, 14, 27, 26, 28, 23, 27, 10, 21, 19, 3, 6, 9, 11, 24, 23, 8, 23, 16, 11, 9, 10, 25, 25, 12, 13, 18, 6, 9, 18, 24, 20, 11, 9, 14, 30, 12, 28, 4, 23, 26, 7, 13, 10, 12, 17, 8, 1, 30, 23, 28, 10, 13, 4, 25, 13, 21, 12, 21, 9, 20, 25, 27, 20, 7, 7, 7, 21, 4, 11, 21, 1, 28, 26, 15, 26, 2, 16, 25, 10, 22, 6, 30, 18, 3, 14, 27, 18, 7, 14, 25, 18, 13, 4, 1, 29, 1, 26, 5, 22, 8, 22, 27, 11, 29, 20, 25, 30, 5, 2, 4, 7, 25, 19, 12, 9, 28, 9, 20, 25, 18, 27, 21, 28, 30, 1, 11, 4, 30, 1, 1, 8, 26, 7, 2, 25, 21, 13, 13, 23, 7, 21, 17, 1, 13, 1, 4, 8, 23, 12, 14, 27, 24, 13, 20, 15, 17, 13, 19, 17, 7, 23, 5, 10, 19, 8, 3, 23, 17, 25, 24, 26, 17, 30, 3, 25, 18, 17, 15, 16, 30, 24, 2, 28, 7, 17, 6, 14, 17, 30, 29, 20, 23, 9, 30, 30, 2, 26, 27, 25, 11, 10, 22, 28, 12, 18, 15, 3, 12, 20, 11, 11, 3, 25, 26, 8, 8, 27, 2, 29, 21, 24, 7, 23, 30, 15, 27, 25, 26, 24, 29, 13, 26, 7, 23, 23, 15, 4, 19, 21, 13, 23, 4, 17, 7, 17, 21, 16, 29, 5, 14, 11, 15, 21, 28, 3, 7, 15, 5, 6, 19, 14, 29, 8, 25, 13, 29, 22, 9, 12, 11, 27, 10, 19, 14, 28, 12, 21, 9, 28, 14, 9, 29, 13, 22, 13, 26, 7, 22, 15, 29, 24, 19, 15, 15, 3, 13, 16, 8, 26, 23, 24, 30, 30, 22, 2, 13, 3, 10, 12, 6, 20, 27, 12, 2, 30, 22, 15, 2, 10, 23, 23, 9, 13, 19, 26, 16, 4, 13, 11, 5, 7, 27, 4, 8, 18, 23, 27, 21, 8, 25, 23, 14, 3, 10, 6, 5, 28, 1, 23, 27, 23, 9, 1, 10, 5, 11, 21, 17, 24, 6, 12, 4, 30, 12, 23, 2, 29, 22, 2, 21, 25, 29, 9, 12, 6, 21, 16, 20, 23, 8, 20, 29, 2, 24, 8, 20, 23, 23, 24, 23, 28, 25, 15, 14, 25, 21, 5, 26, 24, 27, 19, 25, 16, 30, 11, 18, 24, 16, 28, 21, 30, 11, 28, 29, 18, 29, 6, 14, 22, 23, 12, 13, 20, 27, 22, 3, 17, 16, 15, 21, 26, 27, 14, 25, 26, 24, 12, 23, 27, 19, 23, 23, 26, 21, 27, 23, 5, 3, 11, 16, 4, 10, 22, 27, 26, 10, 7, 10, 10, 13, 23, 3, 18, 2, 21, 9, 10, 17, 17, 5, 30, 26, 16, 26, 11, 16, 2, 15, 18, 16, 3, 24, 25, 10, 15, 13, 29, 10, 11, 29, 24, 8] 5468.624519699712 600919.053303
CLO: [1, 20, 22, 11, 11, 19, 15, 15, 19, 17, 23, 1, 8, 17, 5, 1, 14, 12, 3, 15, 28, 19, 16, 22, 21, 7, 28, 14, 15, 29, 9, 27, 22, 18, 29, 29, 16, 16, 12, 19, 22, 4, 22, 22, 24, 5, 14, 18, 20, 17, 27, 30, 26, 26, 28, 28, 3, 1, 24, 26, 1, 10, 19, 2, 19, 21, 10, 6, 7, 18, 8, 14, 8, 5, 24, 9, 25, 6, 4, 12, 13, 23, 6, 26, 14, 28, 11, 22, 25, 23, 24, 22, 18, 19, 26, 13, 6, 18, 10, 2, 30, 28, 22, 1, 5, 29, 24, 27, 25, 15, 29, 19, 22, 7, 20, 26, 9, 4, 7, 26, 2, 2, 11, 24, 30, 18, 18, 9, 30, 16, 4, 22, 24, 28, 29, 15, 13, 9, 27, 20, 14, 16, 19, 23, 29, 22, 6, 14, 19, 6, 12, 12, 19, 2, 29, 8, 1, 8, 21, 11, 6, 19, 1, 4, 3, 14, 28, 28, 27, 17, 24, 2, 14, 3, 18, 22, 17, 19, 24, 28, 2, 16, 26, 30, 27, 10, 13, 30, 3, 22, 25, 11, 28, 30, 26, 6, 14, 27, 11, 3, 26, 22, 28, 30, 27, 10, 10, 9, 11, 28, 7, 26, 25, 19, 21, 19, 16, 13, 27, 22, 8, 30, 6, 4, 13, 20, 14, 6, 14, 11, 28, 9, 6, 11, 24, 3, 20, 12, 6, 7, 27, 25, 1, 18, 5, 23, 21, 1, 28, 5, 13, 24, 4, 18, 23, 20, 4, 14, 30, 26, 26, 12, 11, 5, 27, 25, 23, 11, 11, 27, 20, 30, 23, 12, 8, 19, 2, 5, 6, 7, 10, 15, 20, 11, 27, 20, 20, 1, 3, 2, 26, 15, 25, 17, 6, 11, 26, 7, 2, 13, 28, 5, 15, 8, 28, 2, 23, 24, 4, 21, 24, 6, 5, 14, 12, 25, 28, 14, 6, 12, 30, 16, 25, 23, 26, 26, 9, 24, 8, 10, 30, 19, 20, 19, 29, 10, 25, 1, 2, 25, 6, 19, 28, 1, 19, 22, 9, 28, 27, 3, 13, 20, 6, 15, 29, 12, 29, 27, 11, 28, 11, 20, 7, 21, 3, 21, 29, 12, 14, 1, 5, 15, 20, 21, 17, 3, 20, 30, 21, 13, 24, 1, 20, 1, 3, 26, 27, 4, 26, 15, 30, 23, 16, 2, 26, 26, 3, 1, 19, 8, 12, 9, 1, 27, 20, 27, 19, 8, 1, 1, 6, 9, 9, 10, 23, 24, 6, 12, 3, 19, 15, 4, 29, 17, 6, 28, 7, 6, 29, 4, 26, 1, 6, 10, 19, 23, 23, 6, 19, 7, 19, 13, 12, 2, 4, 13, 17, 28, 6, 23, 12, 20, 12, 26, 10, 7, 1, 17, 9, 18, 20, 4, 1, 15, 24, 15, 8, 14, 4, 28, 2, 5, 30, 5, 3, 15, 14, 12, 1, 2, 3, 4, 20, 17, 1, 11, 20, 19, 29, 27, 22, 27, 3, 5, 18, 1, 30, 29, 1, 2] 5496.939454416246 600230.034206
-- 
Instance 9
seed: 1464011415774
--
SHC: [13, 27, 27, 2, 25, 21, 9, 25, 21, 18, 7, 2, 13, 15, 5, 30, 7, 3, 22, 28, 21, 5, 5, 19, 12, 3, 9, 20, 18, 11, 16, 29, 1, 17, 27, 25, 8, 1, 14, 24, 20, 3, 21, 9, 7, 24, 19, 12, 23, 7, 21, 19, 13, 22, 1, 20, 17, 26, 23, 13, 8, 1, 16, 14, 3, 12, 21, 21, 23, 13, 1, 20, 13, 8, 20, 8, 15, 3, 17, 26, 15, 29, 13, 25, 15, 6, 2, 6, 11, 12, 12, 3, 19, 24, 27, 16, 14, 11, 3, 20, 28, 21, 26, 6, 16, 12, 14, 25, 3, 8, 19, 28, 16, 30, 29, 4, 29, 19, 18, 4, 23, 23, 21, 2, 5, 2, 10, 13, 28, 23, 24, 24, 7, 17, 24, 8, 9, 16, 7, 13, 13, 16, 20, 29, 13, 18, 11, 29, 27, 13, 19, 3, 7, 4, 14, 15, 14, 25, 21, 17, 18, 3, 17, 12, 23, 3, 4, 20, 13, 11, 8, 28, 19, 25, 5, 29, 19, 26, 11, 10, 5, 10, 15, 5, 21, 11, 18, 11, 29, 1, 25, 10, 27, 20, 9, 14, 2, 9, 21, 3, 7, 5, 20, 30, 18, 15, 15, 11, 10, 30, 2, 1, 7, 30, 20, 8, 16, 17, 5, 6, 4, 23, 28, 6, 9, 15, 15, 30, 2, 17, 20, 22, 28, 24, 21, 2, 4, 18, 19, 8, 11, 17, 23, 7, 15, 25, 23, 27, 13, 14, 20, 20, 29, 9, 16, 14, 23, 24, 29, 5, 3, 27, 28, 19, 2, 21, 24, 2, 11, 3, 9, 28, 22, 8, 28, 28, 18, 8, 29, 24, 9, 13, 6, 6, 11, 6, 6, 8, 30, 18, 4, 6, 4, 24, 29, 3, 22, 14, 23, 23, 6, 12, 16, 14, 30, 10, 28, 11, 21, 18, 1, 14, 3, 27, 26, 20, 14, 28, 1, 15, 12, 5, 10, 21, 4, 10, 8, 29, 7, 11, 14, 18, 7, 18, 23, 6, 20, 6, 19, 22, 13, 19, 20, 18, 7, 17, 9, 26, 22, 26, 29, 14, 26, 12, 5, 22, 4, 4, 30, 6, 9, 21, 4, 15, 20, 7, 27, 30, 13, 5, 7, 29, 21, 12, 4, 6, 7, 8, 23, 9, 4, 26, 21, 17, 5, 23, 19, 22, 2, 8, 22, 17, 7, 28, 25, 16, 26, 8, 11, 11, 23, 18, 27, 27, 24, 2, 22, 13, 18, 3, 17, 16, 5, 23, 26, 6, 25, 7, 11, 1, 21, 13, 29, 27, 10, 1, 6, 25, 3, 15, 13, 16, 12, 26, 9, 25, 19, 19, 17, 21, 24, 9, 1, 21, 22, 16, 1, 28, 1, 12, 15, 6, 12, 15, 9, 19, 3, 30, 4, 23, 9, 12, 26, 16, 21, 6, 6, 7, 25, 8, 6, 9, 27, 27, 17, 18, 18, 5, 5, 10, 28, 7, 8, 19, 27, 17, 7, 10, 6, 28, 13, 25, 15, 15, 26, 11, 23, 25, 3, 3] 5838.595570498019 600087.99532
SA: [17, 15, 11, 2, 7, 22, 15, 30, 6, 15, 10, 28, 2, 13, 3, 21, 11, 25, 27, 6, 15, 25, 24, 4, 17, 1, 20, 23, 9, 6, 27, 15, 25, 8, 14, 24, 12, 29, 21, 4, 18, 24, 28, 27, 10, 17, 17, 10, 24, 1, 21, 23, 12, 18, 25, 20, 21, 16, 19, 15, 8, 11, 7, 1, 7, 27, 11, 7, 6, 15, 18, 8, 29, 29, 16, 1, 10, 3, 10, 15, 15, 1, 17, 20, 20, 18, 11, 25, 20, 11, 16, 27, 18, 7, 27, 19, 16, 21, 19, 7, 23, 8, 1, 6, 12, 26, 18, 12, 2, 5, 17, 30, 3, 15, 15, 7, 29, 9, 19, 28, 23, 28, 13, 22, 9, 29, 29, 7, 21, 18, 17, 20, 16, 7, 25, 3, 5, 29, 5, 26, 21, 30, 26, 18, 6, 30, 26, 2, 4, 24, 8, 30, 26, 7, 1, 27, 13, 6, 19, 23, 28, 5, 1, 28, 27, 9, 9, 10, 22, 26, 2, 27, 24, 10, 26, 5, 28, 14, 27, 12, 7, 7, 12, 5, 29, 29, 1, 18, 25, 1, 9, 14, 25, 2, 15, 18, 17, 13, 30, 24, 15, 22, 9, 3, 2, 18, 13, 21, 25, 22, 21, 19, 1, 7, 12, 5, 22, 22, 10, 16, 9, 1, 26, 11, 19, 15, 24, 15, 15, 12, 5, 12, 19, 29, 25, 16, 21, 11, 20, 25, 18, 4, 4, 4, 27, 1, 28, 16, 27, 25, 29, 11, 25, 28, 21, 14, 16, 18, 18, 12, 9, 12, 27, 2, 22, 22, 18, 27, 7, 15, 18, 27, 16, 15, 27, 12, 27, 6, 30, 23, 9, 22, 9, 6, 29, 12, 21, 13, 17, 28, 3, 25, 30, 28, 16, 3, 23, 30, 5, 13, 7, 26, 13, 23, 17, 2, 16, 1, 14, 24, 28, 27, 20, 30, 28, 18, 30, 9, 24, 5, 13, 4, 29, 12, 8, 24, 29, 2, 30, 15, 21, 4, 19, 22, 24, 23, 7, 20, 1, 28, 22, 3, 24, 2, 4, 30, 25, 10, 2, 5, 29, 30, 6, 20, 9, 26, 29, 7, 30, 15, 7, 23, 21, 29, 4, 23, 11, 16, 25, 12, 9, 23, 8, 29, 12, 11, 9, 3, 2, 28, 5, 10, 26, 19, 3, 20, 5, 14, 22, 12, 6, 19, 5, 29, 20, 4, 2, 8, 11, 17, 8, 6, 2, 18, 25, 27, 28, 27, 8, 7, 14, 26, 1, 3, 11, 29, 19, 25, 25, 9, 17, 4, 27, 7, 27, 13, 4, 17, 21, 9, 15, 18, 13, 19, 18, 11, 28, 13, 26, 20, 29, 19, 29, 17, 10, 19, 24, 18, 10, 7, 1, 22, 27, 3, 9, 22, 10, 26, 6, 27, 29, 12, 8, 9, 27, 11, 17, 26, 4, 6, 7, 14, 3, 23, 9, 13, 13, 13, 25, 29, 6, 19, 29, 18, 25, 5, 2, 10, 5, 13, 29, 23, 9, 19, 14, 13, 16, 18, 1, 2] 5495.642993391677 600752.722424
CLO: [27, 28, 4, 2, 28, 22, 11, 18, 12, 18, 26, 30, 26, 1, 3, 29, 15, 1, 28, 26, 13, 29, 18, 16, 1, 19, 30, 11, 19, 16, 16, 13, 15, 5, 22, 7, 3, 10, 9, 13, 5, 9, 14, 24, 26, 16, 21, 2, 20, 8, 14, 6, 26, 7, 19, 22, 8, 7, 18, 28, 12, 3, 16, 9, 23, 30, 2, 26, 14, 11, 13, 8, 26, 27, 3, 12, 16, 9, 22, 19, 23, 21, 25, 24, 30, 21, 3, 7, 26, 26, 7, 8, 2, 25, 26, 10, 4, 28, 12, 17, 7, 22, 27, 8, 21, 17, 13, 13, 21, 1, 2, 27, 28, 23, 14, 19, 30, 6, 26, 25, 23, 14, 24, 25, 19, 26, 10, 15, 26, 21, 9, 9, 28, 2, 7, 6, 1, 15, 9, 5, 13, 14, 14, 8, 9, 23, 18, 4, 13, 19, 11, 4, 26, 29, 13, 11, 21, 30, 11, 24, 4, 14, 4, 20, 1, 15, 24, 13, 7, 7, 28, 22, 22, 27, 19, 3, 3, 3, 25, 4, 13, 4, 20, 20, 7, 11, 29, 9, 16, 24, 26, 21, 13, 30, 21, 26, 14, 27, 28, 11, 10, 22, 5, 15, 18, 9, 10, 15, 14, 19, 9, 21, 17, 30, 29, 15, 7, 13, 23, 17, 4, 25, 1, 20, 25, 25, 21, 2, 20, 15, 25, 28, 15, 29, 28, 3, 26, 6, 11, 8, 3, 16, 27, 1, 9, 7, 29, 23, 10, 9, 15, 27, 16, 13, 24, 7, 7, 17, 1, 9, 1, 9, 12, 10, 10, 20, 5, 16, 14, 12, 14, 14, 15, 15, 5, 13, 1, 1, 2, 8, 22, 3, 30, 10, 16, 12, 19, 14, 27, 29, 2, 10, 13, 18, 3, 9, 12, 20, 24, 11, 29, 23, 14, 21, 15, 9, 2, 15, 11, 3, 28, 14, 15, 7, 13, 13, 16, 22, 28, 1, 9, 29, 15, 6, 6, 5, 21, 15, 14, 16, 14, 26, 10, 28, 26, 13, 2, 6, 3, 16, 9, 27, 6, 23, 12, 26, 7, 8, 14, 12, 26, 10, 20, 10, 28, 28, 6, 15, 8, 20, 25, 4, 25, 7, 14, 13, 1, 22, 10, 14, 19, 23, 29, 6, 26, 19, 17, 12, 6, 29, 12, 7, 8, 11, 21, 21, 25, 7, 18, 16, 14, 27, 6, 14, 1, 15, 8, 20, 22, 24, 10, 20, 13, 22, 8, 12, 28, 1, 29, 29, 15, 29, 5, 13, 20, 22, 26, 20, 25, 19, 14, 2, 13, 14, 3, 27, 21, 6, 6, 17, 10, 8, 13, 16, 2, 13, 28, 5, 20, 13, 17, 7, 29, 8, 11, 3, 5, 27, 30, 14, 7, 13, 18, 25, 13, 24, 5, 30, 2, 30, 29, 18, 20, 21, 29, 17, 27, 7, 15, 25, 23, 6, 24, 10, 24, 6, 18, 23, 2, 20, 30, 25, 28, 9, 12, 19, 19, 7, 19, 1, 7, 4, 7, 13, 25, 15, 29, 16, 14, 20] 5500.2533605390345 600149.702037
-- Summary -- 
*SHC*
Found PNE: 0/10
Approx Average: 5944.722293052999
*SA*
Found PNE: 0/10
Approx Average: 5636.384228302067
*CLO*
Found PNE: 0/10
Approx Average: 5956.717985923709
