Number of instances: 10
Game: Normal Form Game
Players: 500
Actions: 30
Metaheuristics time: 3600
-- 
Instance 0
seed: 1464094856414
--
SHC: [15, 4, 8, 17, 2, 24, 2, 8, 19, 24, 14, 20, 25, 11, 10, 20, 18, 15, 19, 16, 23, 9, 27, 16, 3, 14, 14, 1, 25, 4, 5, 24, 1, 25, 13, 17, 26, 26, 12, 7, 12, 20, 9, 10, 4, 30, 28, 10, 1, 30, 22, 19, 16, 25, 18, 28, 6, 7, 25, 7, 16, 8, 13, 25, 19, 22, 26, 26, 25, 12, 16, 19, 12, 28, 2, 4, 21, 4, 19, 17, 20, 4, 11, 29, 24, 7, 23, 24, 2, 11, 5, 27, 10, 12, 4, 7, 9, 10, 24, 30, 10, 14, 13, 20, 20, 24, 19, 16, 1, 13, 1, 6, 10, 16, 1, 8, 8, 23, 16, 4, 8, 28, 5, 22, 28, 30, 3, 22, 9, 16, 27, 25, 13, 2, 7, 16, 22, 6, 13, 29, 15, 18, 17, 21, 27, 17, 15, 29, 28, 6, 30, 12, 5, 15, 19, 1, 16, 7, 24, 17, 1, 18, 6, 16, 5, 19, 30, 30, 7, 22, 29, 13, 26, 1, 4, 7, 3, 5, 7, 28, 28, 8, 18, 27, 9, 25, 10, 27, 13, 2, 19, 18, 14, 4, 6, 15, 23, 2, 8, 11, 14, 7, 6, 3, 10, 25, 23, 20, 25, 27, 19, 26, 9, 11, 22, 29, 3, 22, 1, 1, 23, 23, 6, 29, 14, 25, 18, 7, 10, 28, 18, 15, 15, 13, 14, 21, 22, 12, 23, 10, 26, 21, 27, 7, 20, 24, 8, 23, 12, 15, 25, 6, 1, 24, 17, 7, 10, 22, 15, 6, 24, 10, 4, 30, 18, 17, 27, 7, 26, 2, 4, 1, 14, 22, 22, 11, 25, 22, 28, 21, 29, 23, 6, 13, 22, 8, 10, 1, 5, 9, 27, 13, 30, 23, 8, 7, 8, 12, 13, 27, 14, 16, 14, 5, 25, 15, 21, 13, 25, 7, 18, 10, 5, 6, 22, 25, 22, 30, 11, 20, 24, 3, 10, 12, 4, 21, 15, 25, 7, 4, 1, 6, 14, 29, 3, 11, 5, 16, 6, 11, 28, 1, 23, 28, 25, 26, 9, 23, 15, 17, 15, 10, 25, 17, 5, 22, 23, 15, 13, 8, 26, 12, 13, 26, 4, 5, 1, 17, 24, 3, 24, 2, 20, 15, 5, 18, 7, 30, 22, 28, 28, 16, 19, 25, 29, 23, 24, 20, 16, 18, 24, 16, 16, 14, 9, 29, 17, 14, 8, 8, 28, 19, 9, 6, 17, 7, 27, 7, 4, 23, 29, 8, 16, 14, 2, 23, 24, 19, 1, 1, 11, 27, 5, 22, 26, 16, 17, 14, 23, 15, 2, 3, 24, 3, 14, 3, 10, 13, 23, 17, 24, 7, 28, 14, 19, 3, 6, 10, 14, 12, 14, 26, 5, 16, 10, 20, 14, 4, 21, 30, 10, 2, 2, 12, 22, 9, 12, 4, 25, 20, 25, 24, 7, 26, 22, 8, 30, 21, 1, 28, 17, 16, 20, 18, 22, 2, 21, 26, 17, 22, 16, 11, 2, 6, 26, 22, 11, 12, 18, 7] 4958.654772346732 3600154.950431
SA: [2, 2, 23, 5, 14, 15, 25, 28, 25, 11, 7, 30, 15, 21, 15, 30, 16, 3, 21, 14, 24, 13, 28, 7, 13, 3, 9, 5, 12, 30, 5, 13, 5, 13, 16, 3, 12, 2, 6, 12, 10, 13, 30, 2, 17, 30, 13, 21, 23, 11, 19, 26, 30, 29, 21, 18, 27, 15, 21, 24, 22, 27, 24, 12, 1, 21, 23, 11, 21, 25, 29, 6, 12, 29, 4, 12, 12, 20, 1, 16, 3, 14, 22, 5, 3, 19, 12, 3, 10, 23, 18, 2, 25, 11, 22, 1, 19, 25, 18, 17, 12, 23, 26, 12, 22, 1, 13, 12, 3, 23, 15, 9, 20, 5, 21, 20, 19, 30, 19, 16, 15, 25, 23, 14, 4, 2, 11, 11, 15, 5, 25, 26, 22, 5, 24, 30, 26, 27, 2, 6, 23, 22, 17, 12, 2, 28, 7, 10, 22, 9, 26, 27, 21, 25, 16, 8, 22, 18, 29, 19, 7, 27, 25, 16, 18, 25, 29, 29, 26, 23, 23, 27, 15, 6, 24, 27, 11, 25, 24, 11, 23, 18, 7, 4, 19, 12, 27, 10, 5, 7, 16, 28, 27, 4, 27, 29, 23, 22, 1, 29, 4, 11, 21, 27, 20, 27, 1, 13, 21, 5, 6, 25, 17, 10, 17, 15, 24, 18, 21, 1, 12, 15, 20, 26, 4, 11, 8, 20, 11, 26, 29, 9, 24, 4, 2, 17, 17, 19, 26, 30, 20, 9, 6, 8, 19, 3, 8, 2, 8, 26, 13, 19, 15, 2, 19, 10, 19, 26, 21, 23, 21, 29, 9, 2, 10, 27, 20, 20, 23, 25, 29, 13, 14, 7, 18, 27, 2, 17, 21, 11, 20, 5, 27, 18, 5, 20, 13, 19, 28, 29, 8, 9, 21, 2, 21, 29, 8, 13, 6, 18, 13, 1, 1, 16, 10, 11, 30, 17, 18, 7, 28, 24, 12, 21, 6, 8, 20, 22, 28, 15, 5, 12, 25, 23, 28, 20, 30, 30, 23, 22, 12, 26, 12, 10, 20, 30, 6, 2, 24, 3, 12, 13, 20, 30, 30, 4, 10, 30, 9, 27, 12, 4, 28, 22, 29, 6, 20, 11, 12, 15, 14, 18, 18, 28, 27, 17, 11, 30, 11, 10, 10, 15, 8, 5, 20, 10, 22, 27, 29, 7, 6, 1, 21, 23, 24, 7, 2, 15, 2, 17, 30, 21, 24, 23, 12, 6, 1, 4, 19, 25, 6, 23, 6, 5, 6, 1, 28, 10, 11, 9, 24, 27, 30, 20, 30, 13, 12, 22, 28, 29, 29, 19, 11, 1, 10, 23, 22, 1, 18, 18, 28, 8, 17, 28, 29, 29, 12, 4, 27, 14, 14, 24, 24, 18, 28, 6, 22, 28, 3, 24, 18, 21, 28, 6, 20, 19, 30, 6, 21, 26, 5, 27, 16, 14, 13, 12, 1, 4, 26, 20, 3, 7, 5, 16, 26, 10, 6, 25, 24, 8, 4, 16, 20, 30, 24, 25, 20, 2, 15, 28, 5, 1, 29, 14, 3, 12, 19, 25, 29, 8] 4758.582811125686 3608849.257963
CLO: [6, 8, 2, 27, 11, 26, 5, 3, 24, 27, 15, 11, 26, 17, 18, 11, 6, 9, 8, 23, 28, 17, 23, 30, 23, 22, 15, 2, 4, 12, 21, 29, 20, 10, 10, 14, 2, 15, 8, 10, 21, 6, 26, 20, 3, 17, 10, 12, 5, 26, 28, 10, 17, 1, 8, 24, 30, 27, 18, 3, 13, 15, 22, 30, 15, 15, 22, 15, 16, 19, 6, 17, 16, 8, 26, 24, 29, 18, 28, 4, 26, 18, 2, 16, 13, 29, 30, 19, 1, 5, 1, 7, 6, 8, 22, 1, 22, 9, 29, 30, 21, 26, 25, 28, 13, 6, 30, 23, 13, 20, 30, 8, 23, 2, 21, 1, 8, 23, 20, 14, 2, 7, 3, 21, 11, 6, 19, 13, 10, 26, 23, 5, 15, 23, 12, 8, 8, 26, 18, 5, 21, 19, 24, 1, 19, 22, 24, 30, 10, 30, 10, 14, 29, 10, 25, 12, 16, 7, 11, 6, 26, 27, 25, 6, 16, 30, 11, 25, 24, 7, 12, 18, 7, 27, 21, 12, 7, 6, 28, 19, 10, 10, 20, 6, 4, 25, 12, 4, 28, 30, 2, 29, 6, 28, 6, 20, 4, 27, 21, 7, 2, 20, 10, 22, 4, 12, 17, 14, 11, 27, 12, 20, 9, 19, 11, 10, 2, 28, 28, 5, 15, 17, 7, 21, 20, 7, 27, 19, 16, 30, 29, 21, 27, 19, 12, 11, 23, 25, 15, 9, 4, 6, 5, 9, 29, 16, 14, 7, 16, 16, 7, 27, 22, 28, 2, 3, 14, 27, 1, 11, 20, 16, 11, 2, 7, 12, 2, 15, 16, 14, 23, 24, 8, 2, 23, 4, 20, 5, 26, 4, 28, 22, 28, 20, 11, 25, 18, 20, 12, 24, 13, 13, 4, 23, 10, 4, 8, 9, 29, 20, 21, 15, 13, 24, 16, 30, 23, 9, 25, 30, 30, 20, 1, 6, 26, 6, 30, 2, 9, 16, 1, 4, 24, 4, 7, 5, 30, 26, 3, 2, 23, 24, 1, 25, 11, 16, 5, 4, 23, 20, 2, 10, 28, 30, 2, 15, 2, 17, 28, 24, 20, 8, 12, 13, 17, 10, 30, 13, 22, 11, 17, 16, 17, 11, 24, 10, 6, 3, 15, 15, 28, 2, 17, 1, 19, 9, 13, 8, 7, 3, 16, 27, 29, 27, 29, 26, 9, 14, 13, 13, 2, 16, 8, 22, 27, 21, 13, 15, 6, 17, 20, 15, 22, 23, 11, 15, 6, 19, 20, 27, 27, 3, 18, 4, 1, 10, 14, 24, 1, 26, 16, 20, 15, 24, 27, 25, 14, 11, 10, 10, 4, 19, 21, 23, 26, 1, 25, 7, 13, 25, 2, 5, 28, 19, 9, 5, 6, 18, 5, 20, 22, 5, 5, 14, 20, 2, 11, 16, 5, 15, 15, 7, 27, 6, 11, 10, 25, 9, 23, 7, 20, 6, 8, 15, 23, 13, 27, 22, 17, 19, 7, 30, 11, 13, 9, 1, 1, 26, 5, 11, 13, 27, 7, 2, 29, 17, 22, 16, 24, 22] 5247.274521655388 3600164.307592
-- 
Instance 1
seed: 1464105739570
--
SHC: [12, 28, 14, 24, 16, 16, 20, 11, 9, 10, 15, 22, 27, 24, 3, 3, 10, 20, 5, 14, 16, 10, 13, 9, 11, 9, 30, 11, 26, 29, 6, 28, 10, 28, 25, 8, 14, 26, 21, 11, 29, 1, 10, 27, 20, 11, 25, 8, 3, 12, 23, 3, 29, 10, 14, 4, 12, 25, 1, 23, 24, 29, 24, 30, 25, 22, 7, 14, 27, 21, 3, 30, 21, 4, 30, 29, 22, 20, 12, 12, 14, 13, 18, 19, 9, 20, 10, 29, 23, 21, 10, 9, 29, 8, 17, 2, 27, 2, 15, 10, 15, 27, 19, 28, 28, 15, 12, 21, 25, 3, 9, 25, 1, 27, 17, 7, 5, 30, 8, 5, 5, 9, 13, 26, 22, 9, 8, 1, 23, 20, 2, 19, 10, 25, 19, 25, 15, 24, 27, 23, 14, 27, 9, 20, 25, 28, 2, 15, 5, 24, 4, 11, 12, 8, 18, 5, 20, 30, 15, 17, 17, 21, 24, 26, 8, 4, 21, 1, 21, 4, 27, 30, 6, 18, 13, 18, 20, 25, 22, 19, 20, 24, 21, 1, 12, 28, 6, 5, 23, 18, 23, 21, 18, 11, 11, 3, 6, 29, 5, 23, 19, 4, 21, 10, 15, 15, 26, 7, 28, 22, 12, 19, 7, 25, 13, 14, 9, 11, 3, 4, 11, 19, 30, 16, 14, 24, 18, 13, 13, 1, 17, 19, 20, 19, 7, 3, 10, 25, 11, 9, 1, 5, 20, 6, 1, 7, 27, 11, 6, 18, 30, 19, 9, 16, 7, 5, 3, 17, 9, 11, 11, 6, 2, 11, 7, 22, 11, 22, 26, 18, 19, 4, 23, 15, 10, 7, 9, 4, 7, 30, 12, 14, 20, 17, 22, 12, 30, 23, 26, 12, 6, 28, 16, 22, 28, 7, 27, 30, 6, 3, 15, 9, 17, 29, 4, 20, 22, 24, 12, 25, 2, 17, 9, 18, 11, 15, 10, 3, 5, 16, 23, 11, 5, 5, 27, 16, 21, 11, 8, 18, 14, 15, 1, 13, 26, 22, 21, 20, 20, 28, 12, 5, 25, 23, 23, 26, 1, 10, 20, 23, 15, 9, 11, 30, 2, 18, 19, 18, 26, 8, 25, 4, 12, 12, 11, 1, 30, 14, 10, 4, 4, 16, 20, 16, 15, 28, 17, 29, 10, 30, 21, 2, 14, 10, 3, 22, 11, 16, 25, 8, 9, 22, 2, 1, 26, 22, 8, 21, 22, 9, 3, 8, 30, 25, 13, 11, 1, 2, 17, 19, 22, 22, 19, 22, 2, 3, 19, 11, 26, 25, 7, 12, 25, 7, 7, 2, 10, 18, 8, 12, 24, 5, 3, 20, 15, 20, 1, 3, 28, 23, 11, 3, 13, 24, 8, 16, 27, 6, 7, 7, 25, 21, 23, 7, 16, 5, 25, 15, 6, 28, 22, 29, 18, 3, 12, 13, 28, 11, 14, 18, 1, 19, 3, 3, 23, 26, 1, 27, 24, 3, 15, 29, 19, 15, 16, 16, 13, 24, 29, 28, 26, 27, 1, 22, 29, 24, 16, 25, 21, 27] 5276.868253043743 3600163.383809
SA: [2, 26, 24, 8, 21, 25, 21, 30, 26, 15, 8, 7, 24, 14, 25, 7, 4, 18, 19, 3, 28, 13, 8, 29, 29, 24, 30, 9, 20, 1, 7, 19, 14, 6, 12, 24, 14, 20, 24, 5, 28, 2, 3, 15, 25, 13, 20, 8, 18, 4, 5, 30, 4, 13, 25, 18, 18, 12, 12, 21, 15, 4, 17, 18, 22, 4, 21, 2, 5, 4, 7, 27, 26, 1, 12, 30, 10, 3, 30, 17, 12, 12, 16, 9, 26, 13, 13, 9, 1, 28, 27, 22, 21, 20, 30, 26, 7, 22, 13, 13, 26, 9, 24, 27, 26, 12, 16, 27, 11, 11, 23, 28, 17, 19, 4, 10, 9, 26, 8, 1, 19, 15, 20, 30, 11, 10, 21, 19, 7, 16, 14, 3, 17, 4, 22, 29, 10, 9, 30, 14, 15, 17, 24, 22, 20, 10, 2, 13, 5, 15, 15, 17, 12, 25, 28, 11, 11, 6, 8, 9, 15, 21, 16, 30, 29, 1, 15, 30, 23, 5, 20, 29, 18, 23, 30, 12, 1, 12, 7, 13, 19, 14, 28, 20, 16, 30, 9, 17, 1, 7, 20, 1, 5, 3, 26, 6, 10, 16, 8, 5, 21, 8, 13, 25, 12, 26, 15, 10, 5, 10, 21, 14, 25, 17, 9, 13, 12, 3, 21, 6, 29, 28, 15, 18, 13, 13, 3, 17, 25, 5, 14, 26, 2, 15, 13, 25, 29, 13, 10, 13, 30, 18, 27, 16, 1, 16, 29, 20, 7, 18, 24, 25, 11, 14, 12, 1, 12, 17, 26, 3, 22, 20, 4, 29, 25, 9, 27, 4, 22, 5, 12, 18, 13, 10, 29, 14, 19, 14, 21, 9, 22, 29, 15, 27, 11, 2, 30, 25, 25, 1, 15, 25, 10, 21, 22, 30, 15, 7, 27, 30, 9, 16, 10, 4, 30, 28, 16, 28, 18, 17, 7, 29, 26, 23, 29, 22, 9, 21, 15, 11, 16, 30, 23, 14, 15, 15, 28, 14, 24, 14, 3, 23, 24, 2, 7, 21, 4, 9, 26, 15, 20, 4, 17, 18, 18, 30, 18, 25, 13, 15, 28, 22, 21, 4, 28, 25, 27, 25, 3, 1, 9, 15, 1, 29, 11, 2, 27, 2, 26, 12, 4, 9, 13, 14, 10, 2, 23, 26, 4, 23, 4, 5, 24, 5, 13, 1, 4, 15, 3, 26, 23, 9, 14, 16, 14, 25, 29, 3, 7, 4, 4, 7, 23, 10, 24, 13, 14, 12, 18, 4, 27, 23, 22, 24, 24, 9, 10, 10, 3, 20, 8, 20, 24, 15, 21, 5, 13, 27, 4, 24, 25, 15, 17, 20, 30, 21, 6, 29, 19, 24, 4, 24, 23, 28, 25, 7, 3, 9, 22, 22, 21, 19, 24, 21, 6, 30, 7, 27, 20, 18, 16, 19, 29, 16, 13, 7, 14, 5, 13, 29, 8, 21, 3, 2, 25, 13, 25, 9, 9, 19, 6, 16, 2, 19, 7, 26, 3, 25, 14, 24, 5, 10, 21, 26, 2, 14, 27, 28, 30, 30] 4504.667175450643 3608328.26637
CLO: [18, 9, 13, 8, 29, 28, 24, 6, 15, 30, 16, 1, 5, 23, 18, 19, 10, 29, 14, 15, 28, 17, 27, 17, 17, 8, 1, 15, 16, 26, 2, 6, 16, 12, 22, 20, 9, 23, 18, 9, 22, 2, 26, 6, 6, 2, 17, 10, 2, 4, 24, 15, 5, 24, 1, 20, 5, 13, 22, 8, 28, 30, 2, 16, 6, 22, 11, 7, 10, 19, 20, 20, 11, 10, 19, 19, 29, 10, 14, 21, 5, 13, 13, 7, 29, 1, 11, 15, 9, 3, 17, 26, 17, 16, 23, 3, 19, 14, 4, 14, 14, 27, 27, 1, 22, 22, 28, 24, 8, 1, 4, 11, 17, 12, 26, 11, 19, 17, 2, 12, 17, 5, 9, 9, 25, 22, 20, 6, 14, 4, 12, 5, 14, 9, 30, 7, 30, 11, 4, 21, 13, 24, 10, 27, 30, 17, 16, 2, 20, 18, 3, 13, 18, 13, 1, 8, 28, 11, 4, 12, 9, 16, 19, 12, 24, 20, 6, 20, 11, 20, 16, 24, 25, 13, 23, 9, 12, 16, 5, 18, 28, 8, 7, 8, 29, 3, 23, 3, 23, 11, 2, 4, 24, 20, 20, 28, 2, 15, 29, 27, 2, 24, 28, 18, 10, 14, 4, 22, 2, 27, 19, 29, 19, 15, 27, 8, 13, 14, 5, 10, 9, 20, 21, 30, 24, 27, 7, 9, 10, 22, 25, 25, 10, 2, 13, 29, 20, 7, 5, 21, 10, 20, 1, 20, 23, 28, 21, 1, 4, 21, 22, 17, 29, 21, 11, 21, 6, 21, 25, 1, 8, 3, 4, 11, 5, 6, 9, 3, 12, 29, 17, 2, 3, 2, 12, 4, 13, 17, 10, 18, 22, 9, 7, 8, 17, 8, 17, 20, 24, 2, 2, 10, 24, 22, 7, 28, 1, 2, 17, 7, 21, 11, 18, 23, 24, 25, 25, 25, 9, 20, 28, 20, 3, 3, 15, 23, 3, 1, 24, 4, 19, 21, 4, 22, 23, 15, 28, 4, 13, 11, 15, 16, 9, 24, 1, 9, 9, 13, 16, 30, 17, 2, 10, 14, 8, 15, 6, 6, 20, 23, 9, 22, 19, 1, 11, 23, 5, 5, 2, 22, 16, 4, 1, 20, 28, 26, 6, 18, 12, 6, 18, 19, 17, 21, 8, 3, 16, 23, 11, 8, 22, 14, 8, 29, 12, 1, 11, 29, 28, 15, 25, 27, 22, 17, 21, 10, 21, 27, 17, 26, 2, 7, 16, 9, 1, 12, 19, 27, 28, 8, 23, 25, 13, 22, 28, 20, 2, 6, 7, 15, 23, 29, 16, 12, 14, 23, 10, 30, 20, 3, 26, 30, 14, 4, 23, 21, 15, 21, 13, 3, 7, 6, 7, 5, 27, 20, 26, 5, 15, 10, 1, 7, 23, 7, 20, 18, 3, 17, 29, 8, 20, 7, 17, 12, 30, 23, 23, 9, 24, 16, 9, 4, 7, 23, 11, 29, 1, 20, 12, 8, 21, 28, 1, 27, 10, 22, 18, 5, 29, 1, 14, 25, 9, 14, 8, 16, 3, 22, 5, 27] 5038.443138948144 3600134.620766
-- 
Instance 2
seed: 1464116609674
--
SHC: [15, 28, 24, 17, 11, 23, 7, 2, 25, 22, 3, 9, 16, 5, 21, 14, 13, 4, 21, 21, 7, 18, 5, 9, 29, 22, 30, 29, 29, 9, 29, 22, 15, 26, 13, 21, 4, 30, 4, 20, 17, 16, 13, 21, 24, 4, 3, 24, 1, 19, 14, 26, 15, 15, 25, 22, 13, 19, 8, 10, 22, 15, 7, 20, 4, 20, 22, 8, 4, 3, 25, 27, 23, 14, 21, 19, 13, 3, 14, 22, 13, 9, 9, 4, 16, 17, 30, 28, 19, 21, 19, 20, 13, 3, 25, 12, 7, 27, 19, 17, 25, 27, 3, 16, 1, 15, 28, 28, 16, 28, 8, 14, 7, 30, 9, 8, 26, 26, 13, 4, 15, 25, 8, 27, 3, 2, 6, 19, 19, 25, 24, 11, 26, 10, 12, 2, 16, 17, 6, 21, 8, 6, 28, 20, 24, 7, 19, 16, 26, 28, 7, 8, 5, 20, 6, 30, 19, 24, 11, 10, 30, 7, 24, 5, 13, 9, 22, 26, 15, 3, 2, 1, 20, 27, 23, 8, 21, 3, 24, 5, 28, 1, 26, 12, 3, 1, 17, 8, 12, 19, 15, 9, 10, 22, 6, 1, 4, 9, 18, 7, 28, 2, 12, 10, 6, 29, 5, 9, 17, 5, 15, 20, 23, 7, 30, 5, 1, 6, 22, 9, 19, 1, 8, 9, 23, 15, 4, 12, 19, 28, 21, 9, 18, 3, 7, 21, 15, 22, 24, 24, 29, 23, 16, 11, 19, 23, 13, 17, 20, 4, 1, 20, 25, 8, 16, 11, 13, 29, 24, 23, 17, 21, 5, 13, 30, 27, 30, 27, 26, 19, 15, 16, 19, 14, 18, 1, 3, 11, 16, 26, 12, 26, 5, 26, 7, 19, 30, 10, 13, 26, 14, 28, 29, 21, 30, 14, 26, 29, 27, 18, 10, 18, 1, 25, 23, 17, 29, 13, 30, 11, 11, 25, 28, 21, 18, 10, 27, 8, 27, 16, 10, 3, 26, 28, 7, 6, 15, 26, 7, 25, 9, 13, 10, 2, 12, 13, 28, 4, 24, 21, 9, 7, 27, 26, 8, 12, 14, 13, 28, 18, 19, 29, 17, 29, 12, 25, 28, 18, 18, 17, 5, 6, 22, 7, 15, 14, 24, 10, 12, 7, 22, 30, 17, 27, 22, 25, 7, 17, 13, 23, 16, 12, 25, 26, 24, 11, 23, 2, 13, 16, 12, 21, 11, 3, 20, 28, 16, 17, 19, 16, 30, 7, 13, 25, 11, 29, 17, 26, 3, 17, 10, 2, 8, 25, 9, 15, 23, 10, 13, 17, 9, 12, 2, 20, 21, 12, 17, 25, 26, 10, 8, 26, 19, 24, 6, 16, 14, 12, 29, 20, 6, 29, 9, 5, 16, 17, 7, 27, 13, 19, 11, 14, 22, 1, 19, 21, 30, 20, 13, 10, 24, 29, 26, 27, 29, 17, 16, 12, 29, 22, 12, 15, 10, 30, 24, 3, 27, 17, 4, 11, 11, 21, 30, 28, 21, 23, 22, 9, 12, 27, 6, 18, 3, 11, 11, 10, 19, 21, 23, 26] 4878.899199782363 3600169.482955
SA: [7, 3, 11, 11, 14, 21, 5, 9, 27, 25, 14, 30, 14, 7, 5, 27, 5, 30, 3, 23, 27, 9, 10, 10, 7, 21, 25, 28, 13, 24, 13, 12, 6, 12, 3, 13, 2, 20, 4, 8, 16, 17, 5, 5, 8, 10, 4, 16, 8, 13, 4, 24, 1, 5, 13, 8, 8, 24, 17, 8, 1, 24, 16, 8, 23, 1, 5, 27, 17, 1, 2, 23, 21, 17, 8, 2, 17, 29, 13, 18, 3, 17, 9, 4, 5, 1, 8, 23, 29, 26, 20, 9, 16, 26, 1, 2, 24, 11, 27, 17, 22, 11, 6, 27, 18, 13, 26, 11, 28, 6, 2, 20, 28, 1, 5, 30, 18, 12, 26, 29, 24, 22, 5, 7, 2, 23, 8, 1, 6, 16, 22, 11, 18, 29, 24, 9, 11, 5, 11, 27, 24, 19, 12, 8, 25, 10, 12, 5, 1, 5, 16, 25, 9, 14, 9, 9, 5, 25, 14, 7, 22, 20, 6, 24, 4, 4, 30, 20, 4, 28, 29, 22, 23, 11, 21, 8, 18, 21, 10, 23, 25, 8, 12, 29, 29, 12, 19, 18, 2, 24, 4, 21, 29, 26, 15, 2, 20, 10, 7, 23, 3, 18, 6, 5, 15, 21, 30, 26, 9, 20, 5, 2, 16, 6, 16, 16, 2, 20, 14, 17, 1, 2, 19, 8, 5, 19, 17, 3, 8, 25, 20, 25, 28, 12, 16, 3, 30, 5, 4, 7, 11, 26, 9, 8, 28, 30, 9, 3, 29, 4, 7, 27, 4, 21, 2, 13, 5, 30, 13, 16, 28, 19, 10, 2, 15, 11, 2, 17, 1, 2, 23, 27, 6, 5, 17, 29, 16, 25, 10, 14, 25, 9, 25, 11, 5, 26, 27, 16, 20, 4, 14, 6, 4, 19, 12, 28, 30, 4, 18, 3, 16, 8, 19, 13, 22, 7, 15, 8, 9, 16, 20, 20, 11, 14, 20, 10, 9, 1, 19, 27, 22, 26, 7, 17, 1, 3, 10, 14, 10, 6, 16, 8, 26, 4, 3, 20, 12, 5, 3, 30, 27, 18, 20, 5, 7, 7, 22, 27, 2, 30, 21, 7, 8, 19, 6, 25, 30, 8, 30, 25, 8, 11, 24, 6, 23, 15, 16, 20, 26, 17, 16, 1, 10, 5, 30, 13, 23, 20, 14, 18, 9, 15, 5, 21, 19, 12, 2, 22, 28, 8, 13, 3, 2, 14, 27, 22, 1, 26, 14, 6, 4, 8, 30, 12, 14, 11, 11, 18, 4, 17, 30, 7, 20, 15, 4, 3, 20, 25, 22, 12, 27, 3, 16, 17, 27, 13, 7, 23, 14, 7, 18, 11, 26, 21, 18, 13, 9, 27, 18, 17, 4, 3, 25, 19, 13, 5, 17, 22, 25, 12, 23, 13, 3, 6, 8, 30, 12, 5, 9, 19, 7, 14, 24, 14, 1, 28, 14, 27, 5, 7, 8, 29, 11, 29, 8, 6, 17, 9, 22, 10, 13, 8, 30, 6, 12, 1, 9, 4, 17, 6, 9, 16, 4, 8, 9, 7, 14, 13, 25, 15] 4659.330320161091 3617502.056319
CLO: [7, 15, 3, 14, 2, 18, 24, 9, 9, 19, 27, 29, 10, 14, 6, 25, 20, 11, 9, 10, 9, 5, 25, 1, 16, 19, 20, 2, 18, 14, 25, 9, 28, 29, 28, 4, 30, 13, 30, 26, 18, 1, 3, 15, 23, 3, 1, 26, 23, 11, 25, 12, 21, 14, 30, 26, 6, 4, 22, 21, 2, 9, 14, 19, 7, 10, 14, 25, 18, 8, 21, 18, 20, 27, 10, 5, 5, 1, 19, 14, 11, 25, 4, 25, 10, 5, 5, 3, 29, 7, 18, 15, 9, 30, 4, 17, 12, 24, 13, 24, 22, 14, 25, 23, 7, 13, 20, 8, 1, 6, 22, 23, 10, 14, 6, 8, 29, 19, 9, 26, 5, 10, 30, 19, 24, 16, 2, 28, 3, 24, 1, 11, 5, 7, 3, 30, 17, 29, 11, 30, 30, 14, 3, 17, 16, 27, 7, 14, 6, 29, 17, 7, 21, 20, 8, 28, 30, 18, 23, 19, 11, 21, 18, 24, 14, 2, 1, 6, 1, 9, 25, 14, 24, 3, 14, 28, 20, 8, 12, 18, 19, 20, 28, 10, 20, 15, 26, 18, 3, 8, 20, 9, 4, 29, 28, 28, 5, 16, 2, 25, 17, 17, 20, 4, 11, 6, 4, 9, 8, 25, 28, 22, 7, 18, 15, 21, 30, 9, 10, 22, 2, 4, 8, 12, 23, 28, 10, 12, 6, 28, 20, 14, 19, 5, 16, 23, 12, 29, 29, 11, 12, 30, 25, 3, 5, 4, 19, 17, 7, 6, 10, 10, 23, 7, 15, 1, 2, 3, 6, 16, 2, 16, 18, 15, 27, 4, 13, 20, 27, 9, 14, 6, 6, 3, 2, 30, 6, 21, 11, 12, 23, 27, 30, 18, 10, 5, 7, 30, 24, 2, 15, 9, 16, 9, 28, 27, 27, 11, 18, 20, 19, 30, 4, 2, 22, 23, 9, 7, 10, 13, 13, 10, 17, 27, 7, 1, 7, 24, 5, 7, 25, 7, 15, 30, 2, 26, 10, 26, 15, 23, 27, 9, 25, 29, 22, 23, 18, 6, 24, 19, 29, 27, 14, 9, 19, 21, 23, 13, 20, 12, 3, 1, 12, 2, 8, 18, 11, 9, 9, 24, 20, 21, 5, 26, 11, 3, 29, 3, 1, 12, 12, 10, 14, 24, 6, 5, 13, 1, 27, 20, 3, 26, 16, 6, 13, 3, 4, 16, 24, 21, 20, 21, 28, 10, 30, 19, 26, 20, 14, 23, 27, 18, 26, 22, 30, 24, 26, 6, 7, 24, 11, 25, 23, 29, 5, 9, 10, 13, 6, 17, 13, 15, 14, 19, 25, 1, 29, 11, 14, 19, 22, 25, 14, 16, 14, 4, 11, 16, 16, 7, 27, 23, 30, 18, 7, 28, 10, 17, 18, 26, 15, 28, 30, 9, 10, 3, 18, 13, 28, 19, 20, 14, 8, 9, 6, 22, 30, 3, 3, 27, 5, 14, 5, 12, 30, 26, 4, 24, 4, 29, 18, 8, 2, 23, 26, 2, 20, 25, 19, 1, 23, 11, 15, 17, 15, 19, 9, 21, 4, 3] 5066.710974611526 3600184.417904
-- 
Instance 3
seed: 1464127475640
--
SHC: [21, 5, 16, 26, 5, 11, 28, 16, 29, 9, 7, 27, 15, 16, 12, 15, 15, 23, 3, 1, 21, 13, 12, 19, 4, 2, 26, 10, 22, 30, 2, 10, 20, 29, 24, 7, 13, 14, 7, 13, 22, 3, 16, 5, 9, 28, 17, 4, 2, 14, 2, 14, 18, 1, 2, 14, 11, 29, 30, 2, 15, 1, 11, 15, 25, 8, 6, 8, 2, 15, 18, 2, 18, 19, 29, 12, 3, 2, 25, 5, 18, 18, 22, 18, 15, 15, 24, 27, 8, 13, 13, 28, 15, 24, 28, 4, 30, 2, 16, 19, 8, 11, 19, 19, 24, 10, 12, 16, 26, 27, 25, 9, 11, 28, 7, 2, 9, 19, 13, 13, 29, 20, 23, 17, 15, 3, 6, 14, 4, 13, 12, 27, 17, 11, 5, 19, 4, 27, 3, 5, 19, 3, 18, 10, 26, 25, 7, 26, 21, 21, 17, 9, 26, 19, 10, 20, 13, 29, 28, 28, 13, 17, 12, 2, 20, 15, 23, 12, 22, 8, 15, 28, 25, 28, 10, 27, 17, 27, 7, 25, 1, 1, 15, 10, 22, 20, 3, 27, 11, 3, 24, 5, 2, 12, 25, 4, 27, 15, 3, 16, 25, 15, 3, 13, 22, 27, 12, 28, 18, 28, 29, 25, 28, 2, 12, 5, 27, 9, 23, 13, 13, 2, 29, 12, 14, 8, 20, 21, 9, 29, 2, 1, 3, 17, 20, 21, 14, 5, 16, 2, 21, 15, 29, 26, 24, 14, 8, 9, 26, 5, 1, 12, 4, 2, 12, 17, 23, 9, 4, 29, 27, 26, 19, 18, 22, 12, 14, 2, 8, 26, 13, 25, 14, 3, 6, 2, 28, 18, 18, 15, 8, 6, 17, 25, 25, 19, 6, 20, 27, 12, 19, 28, 25, 6, 25, 7, 30, 14, 7, 3, 15, 18, 26, 6, 3, 6, 14, 13, 10, 17, 7, 17, 29, 17, 23, 23, 12, 8, 29, 18, 19, 25, 2, 6, 24, 26, 8, 16, 9, 14, 11, 30, 24, 14, 25, 2, 16, 6, 23, 1, 10, 11, 6, 10, 3, 13, 1, 26, 14, 30, 20, 2, 1, 5, 18, 9, 19, 5, 26, 4, 13, 21, 3, 5, 13, 17, 29, 2, 14, 24, 30, 6, 5, 2, 7, 8, 10, 12, 20, 5, 15, 17, 20, 5, 23, 24, 19, 27, 23, 13, 16, 26, 7, 7, 3, 28, 23, 27, 23, 5, 15, 28, 29, 14, 13, 14, 6, 4, 29, 28, 11, 23, 11, 19, 13, 1, 3, 30, 7, 14, 25, 10, 17, 3, 10, 22, 27, 1, 16, 21, 18, 10, 15, 9, 26, 1, 15, 7, 7, 28, 12, 15, 13, 2, 4, 1, 28, 29, 19, 20, 24, 13, 2, 21, 2, 30, 24, 30, 18, 24, 5, 14, 30, 14, 14, 9, 7, 23, 23, 1, 1, 23, 27, 16, 8, 2, 9, 16, 15, 19, 27, 2, 16, 11, 7, 7, 27, 20, 29, 6, 16, 25, 25, 6, 20, 6, 8, 4, 16, 23] 5405.600403545743 3600234.333954
SA: [6, 24, 6, 21, 1, 5, 29, 8, 27, 20, 22, 22, 18, 3, 17, 15, 23, 13, 8, 5, 10, 19, 18, 28, 14, 27, 15, 6, 23, 8, 5, 4, 20, 9, 6, 26, 24, 16, 17, 9, 3, 14, 3, 6, 4, 2, 30, 30, 12, 26, 25, 15, 13, 21, 29, 27, 21, 10, 2, 25, 30, 14, 1, 21, 29, 10, 10, 3, 11, 30, 2, 13, 22, 20, 18, 4, 30, 12, 29, 24, 16, 12, 4, 9, 6, 4, 18, 15, 30, 28, 17, 26, 27, 15, 13, 1, 4, 30, 9, 12, 21, 2, 12, 19, 4, 24, 3, 15, 7, 25, 15, 3, 28, 27, 9, 20, 4, 17, 15, 29, 12, 1, 5, 28, 5, 6, 15, 18, 11, 23, 15, 3, 24, 20, 20, 15, 16, 16, 23, 3, 2, 1, 8, 23, 6, 23, 8, 6, 25, 13, 13, 5, 2, 7, 23, 29, 30, 6, 8, 24, 27, 9, 28, 5, 20, 16, 13, 7, 23, 14, 2, 7, 15, 26, 23, 26, 10, 7, 7, 10, 26, 24, 7, 7, 19, 12, 16, 27, 16, 9, 17, 3, 29, 10, 21, 2, 22, 16, 6, 30, 5, 16, 27, 22, 9, 16, 11, 22, 4, 18, 19, 12, 4, 20, 23, 22, 13, 18, 16, 30, 24, 1, 4, 17, 27, 11, 2, 3, 13, 5, 6, 20, 27, 16, 8, 3, 22, 5, 30, 27, 14, 19, 18, 11, 13, 25, 2, 21, 24, 4, 28, 29, 10, 8, 7, 22, 20, 29, 14, 9, 2, 21, 12, 3, 10, 8, 5, 15, 18, 24, 28, 18, 7, 24, 19, 30, 21, 20, 25, 17, 25, 22, 15, 16, 17, 16, 19, 6, 4, 16, 16, 16, 29, 7, 11, 4, 20, 20, 28, 6, 14, 8, 22, 14, 9, 2, 16, 23, 27, 1, 23, 13, 5, 19, 1, 9, 2, 6, 22, 8, 27, 18, 29, 19, 14, 28, 2, 24, 1, 5, 13, 2, 1, 5, 7, 20, 17, 3, 2, 3, 4, 3, 4, 30, 15, 2, 1, 4, 24, 5, 25, 1, 2, 16, 13, 15, 26, 4, 4, 28, 19, 17, 26, 26, 6, 18, 25, 25, 6, 23, 20, 20, 25, 10, 20, 8, 26, 22, 27, 3, 1, 4, 9, 13, 27, 17, 7, 7, 6, 7, 14, 9, 6, 13, 13, 28, 23, 30, 6, 7, 22, 27, 15, 4, 9, 6, 7, 3, 23, 20, 23, 30, 21, 5, 19, 9, 12, 1, 25, 18, 10, 30, 6, 22, 10, 9, 9, 6, 14, 4, 30, 6, 13, 26, 17, 19, 30, 10, 16, 9, 11, 23, 2, 2, 11, 12, 8, 13, 14, 27, 14, 1, 23, 13, 15, 16, 19, 23, 17, 29, 4, 7, 10, 6, 9, 27, 23, 10, 26, 26, 13, 16, 30, 16, 15, 23, 10, 23, 21, 27, 15, 30, 30, 2, 9, 26, 4, 14, 26, 28, 21, 24, 15, 26, 10, 1, 26, 24, 30, 25] 4706.892580729245 3604870.41525
CLO: [27, 6, 4, 2, 22, 27, 2, 17, 22, 21, 9, 5, 27, 8, 25, 21, 3, 26, 3, 29, 15, 5, 2, 21, 2, 3, 25, 29, 22, 15, 1, 12, 24, 16, 15, 7, 18, 25, 8, 30, 9, 28, 12, 11, 17, 25, 7, 21, 17, 28, 22, 16, 15, 6, 8, 28, 18, 7, 24, 3, 14, 13, 10, 29, 15, 7, 30, 22, 21, 2, 10, 30, 21, 7, 21, 12, 10, 21, 8, 30, 14, 25, 1, 21, 26, 3, 27, 14, 16, 24, 13, 4, 16, 1, 19, 9, 15, 29, 5, 25, 20, 21, 14, 23, 3, 13, 11, 14, 11, 8, 18, 18, 1, 25, 13, 11, 18, 20, 17, 30, 23, 25, 13, 12, 3, 5, 29, 29, 8, 1, 30, 19, 29, 24, 12, 7, 28, 29, 20, 1, 12, 8, 21, 17, 8, 17, 13, 24, 18, 1, 6, 6, 25, 2, 12, 15, 26, 20, 10, 8, 19, 29, 23, 21, 1, 16, 10, 9, 18, 14, 22, 25, 6, 8, 27, 16, 25, 24, 2, 21, 19, 5, 11, 10, 25, 28, 11, 29, 2, 24, 30, 14, 26, 21, 17, 15, 6, 19, 18, 3, 12, 18, 26, 3, 7, 8, 9, 27, 3, 12, 2, 11, 18, 23, 9, 28, 17, 10, 14, 30, 20, 26, 11, 11, 18, 4, 19, 4, 13, 16, 7, 11, 20, 22, 29, 2, 18, 22, 21, 2, 11, 10, 15, 18, 8, 27, 14, 20, 10, 7, 9, 13, 30, 25, 27, 15, 23, 2, 3, 17, 21, 12, 7, 22, 12, 18, 5, 16, 18, 14, 19, 22, 16, 11, 22, 25, 21, 30, 12, 17, 2, 28, 4, 3, 12, 11, 17, 5, 13, 30, 30, 20, 3, 17, 11, 16, 9, 10, 14, 14, 30, 30, 30, 29, 22, 16, 18, 19, 15, 30, 24, 11, 16, 9, 19, 22, 19, 2, 3, 13, 24, 22, 10, 20, 6, 23, 29, 9, 9, 30, 1, 24, 26, 22, 29, 7, 27, 30, 9, 3, 11, 12, 2, 21, 9, 19, 24, 1, 12, 5, 16, 3, 6, 15, 8, 20, 13, 14, 19, 10, 5, 8, 23, 25, 26, 19, 12, 3, 11, 14, 23, 3, 18, 4, 4, 15, 7, 1, 13, 6, 24, 16, 12, 12, 11, 17, 3, 19, 10, 18, 2, 11, 11, 21, 15, 26, 23, 3, 15, 11, 24, 4, 4, 18, 7, 11, 27, 5, 30, 8, 16, 6, 13, 17, 3, 14, 22, 12, 12, 19, 10, 28, 10, 12, 23, 7, 9, 30, 10, 18, 12, 13, 6, 27, 14, 23, 10, 4, 26, 8, 30, 9, 23, 30, 20, 14, 18, 3, 19, 8, 23, 1, 16, 22, 22, 14, 13, 22, 27, 7, 30, 6, 4, 17, 27, 19, 7, 2, 4, 21, 19, 8, 21, 7, 5, 9, 23, 24, 11, 6, 17, 8, 29, 24, 9, 18, 6, 3, 11, 26, 8, 12, 4, 23, 2, 7, 30, 10, 28, 14] 5348.876853138801 3600116.673363
-- 
Instance 4
seed: 1464138317608
--
SHC: [18, 9, 3, 3, 26, 25, 8, 25, 16, 28, 6, 15, 23, 21, 8, 28, 18, 8, 21, 16, 27, 15, 25, 6, 1, 29, 3, 1, 24, 23, 26, 20, 21, 26, 6, 16, 5, 8, 20, 12, 20, 22, 28, 9, 13, 19, 4, 9, 9, 14, 2, 25, 12, 12, 2, 13, 16, 26, 16, 18, 19, 15, 25, 16, 10, 27, 22, 10, 18, 13, 20, 27, 12, 18, 7, 30, 8, 11, 13, 16, 20, 29, 4, 2, 16, 11, 20, 30, 26, 8, 30, 8, 16, 28, 24, 21, 17, 29, 13, 3, 7, 14, 21, 11, 7, 9, 10, 3, 10, 27, 21, 15, 8, 15, 3, 15, 22, 11, 22, 13, 14, 1, 20, 2, 30, 30, 9, 18, 27, 27, 24, 1, 1, 27, 5, 1, 22, 3, 19, 30, 11, 29, 10, 12, 13, 25, 15, 10, 28, 7, 23, 6, 26, 20, 8, 22, 14, 23, 7, 14, 27, 11, 21, 29, 16, 27, 14, 9, 20, 7, 10, 27, 3, 17, 22, 29, 5, 29, 28, 2, 30, 28, 30, 20, 30, 28, 19, 12, 3, 23, 24, 22, 19, 3, 23, 19, 14, 25, 18, 13, 5, 17, 28, 27, 1, 17, 13, 20, 4, 23, 22, 30, 1, 2, 25, 19, 7, 5, 19, 7, 20, 20, 7, 26, 8, 14, 16, 7, 30, 29, 17, 12, 22, 12, 28, 15, 13, 29, 8, 23, 20, 23, 2, 14, 13, 2, 9, 3, 4, 27, 7, 10, 19, 4, 13, 6, 5, 1, 17, 28, 4, 26, 7, 29, 16, 30, 16, 19, 17, 13, 23, 29, 11, 24, 8, 6, 4, 30, 7, 6, 16, 13, 23, 26, 28, 23, 3, 2, 4, 29, 3, 11, 24, 19, 15, 26, 29, 19, 5, 23, 4, 9, 2, 30, 7, 29, 28, 12, 5, 15, 16, 26, 6, 24, 24, 22, 2, 13, 9, 4, 26, 16, 10, 30, 3, 26, 1, 20, 14, 20, 10, 10, 14, 10, 11, 11, 2, 28, 18, 23, 10, 25, 3, 30, 3, 17, 27, 28, 7, 1, 1, 30, 6, 8, 2, 17, 7, 24, 4, 11, 20, 30, 29, 10, 13, 4, 6, 21, 24, 8, 22, 10, 17, 15, 15, 12, 23, 16, 10, 28, 14, 15, 1, 11, 12, 26, 28, 9, 26, 7, 7, 18, 29, 18, 14, 13, 10, 30, 24, 13, 28, 18, 20, 3, 4, 5, 22, 27, 24, 24, 23, 6, 29, 6, 28, 3, 23, 16, 25, 4, 1, 15, 27, 25, 22, 11, 14, 10, 15, 16, 1, 13, 19, 25, 1, 2, 20, 18, 11, 12, 23, 11, 3, 14, 26, 2, 17, 29, 30, 24, 3, 24, 24, 13, 19, 16, 8, 6, 26, 26, 14, 10, 20, 21, 23, 28, 21, 20, 23, 4, 23, 23, 9, 26, 18, 1, 30, 26, 20, 6, 25, 21, 25, 2, 11, 2, 13, 11, 13, 24, 20, 27, 20, 7, 6, 8, 9, 24, 18, 15] 5218.768839199408 3600162.72579
SA: [2, 24, 19, 29, 25, 3, 8, 15, 20, 7, 17, 3, 20, 12, 11, 19, 25, 30, 11, 19, 13, 22, 6, 16, 14, 29, 7, 26, 27, 20, 29, 23, 6, 8, 8, 1, 29, 25, 20, 7, 28, 10, 25, 9, 29, 25, 3, 3, 3, 3, 16, 23, 15, 6, 26, 26, 20, 3, 6, 4, 28, 12, 27, 16, 2, 4, 6, 8, 16, 22, 27, 15, 30, 17, 11, 2, 24, 14, 19, 14, 19, 28, 15, 16, 2, 2, 20, 11, 7, 13, 20, 8, 5, 4, 6, 27, 1, 2, 13, 11, 1, 3, 28, 19, 22, 19, 28, 27, 16, 13, 22, 3, 19, 2, 18, 8, 2, 16, 1, 4, 9, 18, 9, 6, 1, 24, 13, 3, 7, 3, 15, 17, 17, 25, 25, 30, 27, 25, 16, 6, 1, 25, 22, 2, 30, 6, 15, 5, 30, 10, 2, 30, 15, 6, 24, 29, 13, 26, 13, 26, 12, 10, 27, 22, 5, 24, 2, 16, 19, 4, 29, 1, 5, 4, 16, 4, 14, 7, 6, 26, 9, 17, 5, 15, 9, 4, 3, 9, 13, 1, 24, 28, 7, 26, 28, 21, 10, 15, 21, 4, 11, 3, 20, 18, 10, 29, 4, 15, 25, 19, 4, 11, 28, 20, 22, 4, 27, 6, 9, 30, 17, 30, 28, 18, 30, 25, 6, 17, 9, 11, 18, 29, 9, 18, 25, 27, 20, 3, 17, 12, 28, 23, 21, 15, 5, 3, 9, 21, 20, 29, 15, 2, 3, 8, 6, 8, 3, 14, 11, 6, 29, 15, 10, 10, 2, 4, 16, 22, 17, 18, 25, 6, 15, 19, 10, 23, 17, 22, 16, 22, 6, 10, 14, 2, 3, 17, 17, 30, 19, 12, 5, 16, 1, 1, 26, 24, 25, 12, 24, 18, 14, 24, 28, 6, 4, 10, 23, 21, 15, 2, 14, 9, 30, 24, 20, 5, 13, 15, 8, 26, 22, 14, 20, 26, 16, 26, 30, 1, 17, 12, 14, 14, 16, 4, 13, 30, 11, 11, 15, 23, 18, 12, 1, 29, 26, 12, 10, 23, 11, 26, 2, 30, 22, 25, 16, 1, 12, 2, 25, 7, 12, 5, 14, 15, 14, 6, 14, 23, 18, 3, 20, 2, 20, 20, 17, 1, 11, 14, 17, 9, 29, 18, 15, 6, 4, 29, 10, 10, 29, 30, 6, 9, 16, 13, 6, 18, 24, 1, 23, 14, 24, 20, 9, 21, 18, 27, 4, 4, 6, 5, 17, 26, 21, 26, 29, 11, 13, 12, 16, 15, 16, 26, 16, 8, 17, 26, 4, 23, 15, 6, 20, 18, 26, 29, 19, 13, 12, 13, 30, 13, 3, 15, 23, 10, 2, 22, 16, 6, 14, 4, 21, 4, 28, 26, 15, 27, 13, 17, 2, 15, 14, 15, 21, 11, 5, 14, 8, 16, 19, 14, 20, 26, 24, 1, 18, 1, 18, 6, 16, 25, 8, 25, 9, 15, 18, 8, 12, 25, 6, 11, 30, 21, 5, 30, 4, 5, 27, 12, 1, 12] 4492.403680605214 3609416.573291
CLO: [5, 27, 1, 30, 23, 9, 9, 6, 17, 5, 7, 21, 4, 20, 5, 3, 28, 8, 13, 26, 10, 7, 11, 15, 18, 16, 25, 30, 23, 28, 10, 2, 17, 19, 16, 25, 1, 7, 6, 4, 4, 30, 15, 5, 29, 28, 21, 17, 7, 26, 10, 24, 21, 30, 13, 19, 19, 25, 22, 17, 9, 16, 24, 28, 20, 7, 1, 8, 1, 28, 1, 22, 4, 16, 21, 5, 17, 2, 18, 4, 10, 28, 28, 28, 22, 5, 18, 2, 16, 12, 30, 4, 13, 9, 5, 9, 25, 4, 13, 15, 8, 18, 30, 10, 24, 25, 11, 13, 27, 26, 8, 15, 28, 9, 15, 14, 9, 22, 17, 6, 22, 9, 9, 25, 10, 7, 9, 6, 4, 30, 23, 26, 11, 23, 30, 5, 25, 14, 29, 26, 5, 18, 11, 16, 16, 28, 20, 29, 10, 24, 15, 7, 23, 9, 18, 27, 19, 13, 8, 11, 23, 30, 28, 15, 2, 2, 17, 1, 6, 8, 10, 23, 27, 17, 9, 20, 13, 7, 3, 9, 19, 28, 2, 2, 8, 17, 27, 6, 9, 7, 4, 7, 15, 25, 23, 23, 17, 16, 26, 9, 7, 13, 9, 29, 29, 26, 25, 27, 5, 7, 19, 21, 27, 7, 23, 15, 16, 16, 27, 21, 7, 7, 13, 10, 30, 21, 16, 20, 11, 18, 17, 14, 25, 30, 10, 2, 20, 8, 17, 25, 20, 19, 6, 8, 24, 25, 30, 17, 11, 30, 12, 16, 28, 4, 11, 10, 1, 13, 23, 28, 19, 12, 19, 26, 10, 7, 21, 4, 21, 19, 4, 14, 3, 5, 29, 26, 20, 30, 13, 3, 18, 15, 1, 24, 25, 4, 10, 22, 5, 6, 15, 5, 29, 4, 30, 2, 25, 1, 3, 24, 4, 4, 20, 23, 4, 16, 14, 27, 30, 26, 10, 28, 27, 23, 3, 9, 1, 27, 6, 5, 30, 14, 2, 1, 17, 30, 6, 30, 9, 10, 19, 5, 16, 14, 23, 16, 11, 13, 24, 21, 26, 22, 15, 29, 20, 9, 21, 26, 27, 26, 23, 6, 7, 24, 30, 26, 10, 5, 11, 12, 12, 5, 10, 9, 19, 9, 20, 10, 29, 5, 8, 22, 15, 8, 14, 21, 9, 13, 30, 30, 5, 11, 27, 13, 2, 29, 30, 20, 19, 16, 27, 14, 3, 22, 24, 3, 11, 29, 15, 2, 27, 16, 23, 17, 8, 30, 1, 24, 2, 11, 23, 11, 14, 18, 4, 27, 6, 1, 24, 6, 5, 18, 20, 22, 16, 3, 26, 14, 19, 8, 9, 12, 25, 21, 5, 26, 15, 23, 10, 21, 1, 28, 13, 11, 9, 1, 14, 5, 16, 25, 25, 11, 26, 15, 4, 3, 12, 19, 30, 28, 19, 12, 8, 1, 12, 5, 22, 15, 24, 1, 5, 3, 2, 25, 25, 29, 9, 14, 3, 20, 20, 30, 5, 5, 14, 9, 17, 23, 12, 7, 6, 4, 4, 6, 18, 15, 20, 8, 16, 21] 5058.075691799972 3600010.84531
-- 
Instance 5
seed: 1464149175252
--
SHC: [2, 17, 12, 6, 15, 6, 20, 2, 3, 18, 22, 21, 3, 20, 19, 2, 21, 22, 29, 7, 26, 6, 30, 27, 18, 24, 12, 20, 29, 11, 15, 24, 18, 11, 5, 17, 6, 7, 30, 23, 27, 18, 5, 6, 19, 15, 10, 8, 23, 13, 3, 26, 7, 13, 28, 22, 21, 26, 16, 29, 19, 7, 14, 23, 24, 17, 18, 27, 22, 25, 25, 14, 19, 13, 4, 23, 22, 2, 15, 23, 5, 27, 10, 5, 21, 25, 18, 5, 23, 26, 27, 12, 29, 6, 29, 22, 23, 21, 1, 8, 29, 18, 20, 1, 15, 14, 24, 18, 20, 17, 6, 22, 29, 15, 18, 24, 27, 1, 5, 25, 7, 7, 28, 9, 12, 13, 27, 26, 6, 8, 27, 12, 11, 2, 19, 7, 26, 9, 10, 14, 26, 19, 3, 29, 8, 19, 8, 25, 7, 27, 19, 20, 16, 19, 23, 19, 6, 11, 8, 22, 18, 14, 6, 25, 20, 25, 5, 1, 17, 1, 15, 20, 30, 4, 15, 9, 20, 3, 25, 4, 8, 22, 13, 19, 15, 4, 14, 24, 6, 27, 8, 2, 19, 7, 2, 5, 20, 29, 30, 18, 25, 18, 20, 9, 20, 1, 3, 1, 28, 14, 17, 6, 8, 25, 26, 1, 18, 26, 11, 24, 27, 15, 26, 25, 25, 6, 19, 11, 27, 19, 12, 28, 4, 24, 15, 18, 28, 27, 30, 28, 5, 10, 16, 21, 13, 1, 20, 14, 4, 5, 30, 7, 1, 8, 13, 19, 21, 17, 7, 14, 27, 19, 19, 7, 14, 2, 26, 23, 8, 30, 28, 19, 16, 12, 25, 17, 9, 1, 18, 25, 25, 23, 30, 10, 8, 18, 1, 4, 9, 28, 24, 16, 24, 18, 14, 4, 18, 20, 29, 10, 20, 13, 19, 12, 8, 1, 10, 1, 3, 9, 14, 11, 14, 9, 23, 23, 2, 9, 29, 26, 7, 5, 2, 1, 14, 15, 22, 15, 13, 15, 3, 5, 12, 14, 2, 25, 26, 21, 24, 27, 29, 18, 19, 20, 15, 27, 29, 16, 3, 11, 17, 2, 16, 24, 17, 1, 7, 8, 24, 4, 4, 20, 19, 23, 2, 16, 10, 29, 3, 10, 5, 4, 4, 15, 28, 15, 13, 25, 5, 4, 13, 13, 7, 27, 14, 1, 25, 20, 17, 8, 3, 15, 2, 13, 18, 4, 20, 4, 13, 25, 8, 5, 3, 6, 26, 19, 19, 17, 8, 23, 6, 13, 16, 3, 5, 11, 2, 10, 14, 1, 9, 23, 13, 21, 3, 2, 20, 6, 6, 7, 1, 12, 4, 2, 2, 5, 21, 29, 2, 25, 7, 23, 16, 26, 30, 11, 21, 10, 11, 12, 22, 18, 23, 9, 15, 9, 19, 15, 11, 1, 26, 19, 3, 20, 6, 25, 12, 14, 23, 27, 16, 10, 26, 8, 3, 27, 23, 17, 19, 9, 20, 19, 18, 2, 22, 26, 5, 2, 1, 27, 9, 14, 24, 15, 14, 24, 9, 26, 8, 4] 5272.1795746583375 3600000.166018
SA: [25, 27, 30, 3, 7, 15, 5, 24, 3, 18, 16, 3, 27, 25, 14, 26, 12, 14, 14, 1, 14, 15, 2, 25, 15, 3, 16, 24, 14, 30, 15, 10, 16, 10, 26, 28, 22, 20, 7, 1, 30, 5, 16, 23, 3, 16, 3, 10, 28, 6, 29, 6, 20, 19, 21, 29, 23, 15, 8, 13, 13, 1, 8, 22, 17, 1, 25, 11, 9, 8, 27, 15, 8, 11, 21, 7, 19, 13, 3, 12, 18, 27, 8, 11, 16, 9, 4, 21, 23, 30, 17, 21, 1, 29, 6, 24, 24, 25, 29, 2, 28, 26, 10, 13, 28, 4, 22, 23, 5, 2, 26, 17, 4, 22, 4, 18, 26, 15, 2, 14, 1, 16, 3, 9, 29, 1, 1, 29, 6, 26, 11, 26, 5, 12, 5, 16, 29, 5, 28, 1, 30, 14, 9, 23, 9, 11, 20, 23, 24, 8, 13, 10, 23, 28, 12, 3, 24, 25, 8, 17, 20, 3, 21, 27, 6, 21, 17, 3, 10, 2, 11, 6, 11, 3, 20, 20, 6, 5, 16, 6, 12, 3, 8, 16, 30, 1, 13, 22, 22, 5, 25, 23, 26, 22, 17, 30, 18, 14, 24, 17, 2, 7, 1, 12, 1, 13, 7, 10, 12, 10, 13, 17, 25, 25, 26, 21, 7, 4, 2, 5, 7, 1, 18, 9, 21, 25, 4, 11, 16, 6, 16, 20, 27, 23, 26, 1, 30, 28, 25, 5, 26, 7, 28, 5, 24, 13, 9, 6, 5, 11, 26, 14, 16, 2, 12, 16, 19, 14, 25, 30, 24, 23, 7, 11, 21, 30, 22, 16, 12, 7, 17, 4, 5, 12, 14, 30, 13, 26, 8, 28, 17, 26, 4, 20, 24, 5, 17, 29, 4, 22, 7, 21, 19, 9, 16, 7, 14, 26, 27, 28, 7, 20, 9, 11, 19, 10, 1, 9, 3, 18, 25, 25, 1, 24, 2, 21, 23, 30, 27, 8, 1, 2, 22, 16, 21, 18, 3, 15, 17, 29, 15, 16, 25, 6, 6, 10, 4, 20, 12, 24, 14, 12, 16, 7, 22, 30, 28, 13, 3, 30, 13, 27, 10, 15, 1, 16, 12, 15, 24, 1, 7, 26, 20, 28, 21, 8, 13, 1, 27, 26, 15, 13, 18, 19, 14, 3, 1, 26, 4, 6, 12, 6, 3, 17, 11, 9, 20, 21, 1, 23, 21, 27, 29, 5, 28, 2, 28, 1, 4, 21, 25, 11, 4, 23, 28, 18, 27, 7, 18, 27, 30, 8, 24, 1, 8, 18, 1, 22, 2, 14, 9, 20, 28, 6, 15, 16, 12, 20, 10, 9, 16, 14, 5, 26, 16, 4, 14, 15, 1, 24, 29, 4, 17, 11, 18, 28, 29, 19, 27, 10, 9, 18, 3, 19, 5, 26, 24, 25, 12, 18, 21, 22, 20, 30, 21, 9, 22, 19, 13, 9, 11, 6, 30, 21, 24, 22, 14, 2, 13, 27, 9, 10, 27, 25, 27, 12, 22, 10, 16, 6, 3, 26, 14, 18, 27, 11, 24, 13, 29, 13] 4455.936225995545 3622084.493198
CLO: [14, 11, 10, 3, 5, 12, 12, 21, 14, 28, 26, 13, 29, 8, 12, 3, 5, 19, 9, 22, 24, 28, 16, 16, 17, 6, 1, 24, 10, 22, 20, 22, 11, 3, 26, 21, 3, 16, 29, 27, 28, 3, 4, 7, 30, 1, 22, 5, 24, 19, 1, 9, 23, 21, 6, 3, 6, 24, 14, 7, 26, 19, 5, 18, 1, 8, 14, 8, 26, 21, 2, 27, 7, 11, 25, 7, 13, 4, 4, 12, 26, 4, 15, 17, 12, 16, 9, 11, 15, 13, 28, 6, 4, 30, 30, 9, 8, 17, 3, 12, 7, 18, 11, 10, 7, 21, 1, 12, 21, 9, 14, 24, 9, 30, 11, 8, 22, 12, 16, 13, 1, 13, 16, 13, 11, 7, 6, 27, 16, 11, 20, 20, 20, 8, 23, 24, 27, 13, 2, 25, 30, 18, 18, 14, 13, 12, 12, 22, 15, 25, 1, 25, 4, 30, 17, 21, 25, 14, 1, 20, 28, 23, 25, 28, 17, 10, 3, 15, 3, 16, 11, 28, 2, 24, 4, 15, 27, 15, 28, 18, 26, 7, 27, 5, 14, 5, 1, 22, 3, 21, 18, 5, 12, 8, 15, 26, 20, 12, 13, 20, 3, 2, 12, 26, 3, 10, 27, 30, 25, 19, 11, 15, 18, 15, 5, 30, 9, 26, 12, 4, 2, 23, 20, 17, 4, 2, 1, 6, 11, 26, 20, 14, 27, 27, 3, 19, 25, 1, 23, 17, 9, 10, 9, 23, 20, 22, 25, 16, 13, 4, 24, 22, 15, 25, 17, 19, 30, 4, 3, 14, 9, 5, 11, 24, 29, 8, 14, 29, 17, 11, 10, 23, 4, 7, 3, 7, 3, 29, 30, 6, 3, 4, 5, 4, 17, 10, 2, 20, 6, 22, 15, 19, 16, 22, 26, 3, 12, 13, 4, 26, 11, 30, 1, 12, 3, 2, 29, 21, 16, 8, 27, 10, 29, 23, 16, 23, 13, 14, 16, 21, 7, 14, 29, 3, 17, 3, 22, 18, 14, 9, 1, 9, 27, 8, 26, 9, 10, 9, 27, 26, 14, 25, 12, 5, 29, 8, 12, 19, 19, 27, 13, 13, 17, 5, 15, 3, 29, 21, 20, 23, 13, 25, 27, 26, 25, 19, 15, 20, 10, 7, 8, 8, 1, 14, 18, 7, 23, 4, 29, 20, 2, 10, 2, 16, 4, 7, 30, 28, 10, 27, 18, 14, 24, 21, 17, 10, 20, 29, 10, 8, 7, 25, 2, 4, 6, 1, 4, 5, 7, 14, 10, 14, 3, 17, 18, 14, 6, 13, 12, 26, 29, 1, 23, 13, 6, 29, 25, 19, 6, 19, 30, 16, 17, 21, 9, 8, 1, 15, 17, 22, 25, 17, 24, 13, 29, 3, 8, 8, 15, 4, 4, 12, 10, 10, 26, 1, 29, 15, 26, 3, 2, 11, 23, 27, 5, 9, 10, 17, 9, 28, 21, 27, 22, 16, 28, 17, 23, 16, 18, 21, 9, 5, 4, 1, 13, 4, 6, 1, 8, 30, 19, 28, 9, 22, 25, 2, 25, 20, 9, 28] 5229.657484144021 3600211.095153
-- 
Instance 6
seed: 1464160038125
--
SHC: [3, 2, 28, 6, 17, 5, 10, 11, 8, 29, 22, 5, 5, 13, 8, 25, 20, 9, 10, 15, 2, 19, 24, 13, 9, 18, 25, 28, 14, 11, 3, 2, 11, 2, 2, 13, 19, 8, 14, 25, 27, 29, 4, 3, 24, 6, 25, 9, 21, 18, 19, 12, 6, 23, 7, 16, 29, 13, 25, 21, 22, 20, 30, 28, 12, 23, 7, 28, 25, 2, 30, 21, 19, 18, 13, 10, 26, 5, 26, 10, 6, 8, 6, 2, 17, 25, 5, 15, 29, 28, 8, 17, 8, 29, 1, 25, 15, 2, 13, 21, 9, 5, 20, 8, 28, 17, 17, 9, 29, 7, 14, 8, 21, 4, 5, 7, 23, 14, 19, 13, 24, 23, 20, 20, 30, 22, 19, 1, 28, 14, 12, 22, 24, 19, 6, 22, 22, 18, 10, 9, 3, 19, 9, 3, 12, 21, 15, 29, 24, 13, 3, 8, 13, 18, 2, 19, 29, 6, 22, 10, 21, 20, 29, 17, 4, 13, 11, 15, 22, 1, 17, 16, 27, 16, 9, 30, 30, 13, 13, 26, 29, 17, 23, 1, 21, 25, 8, 26, 17, 23, 12, 26, 26, 14, 15, 13, 9, 15, 22, 8, 4, 29, 16, 1, 5, 17, 25, 20, 15, 3, 9, 1, 6, 23, 8, 7, 17, 24, 18, 9, 3, 4, 2, 11, 29, 17, 28, 2, 7, 20, 5, 30, 23, 18, 23, 13, 11, 11, 8, 18, 24, 7, 15, 14, 2, 10, 30, 12, 28, 11, 5, 23, 13, 14, 9, 14, 7, 11, 8, 10, 12, 5, 11, 28, 4, 20, 15, 4, 28, 20, 8, 26, 22, 1, 9, 22, 29, 24, 12, 9, 25, 15, 1, 24, 8, 17, 8, 12, 23, 12, 18, 4, 14, 26, 8, 3, 28, 3, 9, 20, 28, 1, 27, 22, 12, 8, 8, 23, 3, 21, 16, 29, 22, 13, 23, 4, 18, 24, 19, 15, 10, 17, 24, 28, 13, 28, 22, 9, 3, 3, 15, 27, 2, 19, 26, 3, 10, 22, 30, 29, 4, 17, 19, 22, 18, 7, 18, 29, 25, 3, 10, 18, 9, 22, 22, 2, 5, 22, 17, 8, 27, 22, 25, 28, 24, 20, 2, 7, 4, 28, 15, 1, 30, 27, 29, 28, 13, 11, 16, 26, 11, 28, 11, 9, 1, 19, 2, 29, 16, 15, 9, 7, 13, 22, 4, 17, 6, 1, 24, 14, 9, 11, 25, 25, 13, 7, 29, 23, 18, 14, 29, 6, 29, 29, 20, 29, 28, 12, 24, 7, 20, 26, 24, 28, 10, 8, 2, 20, 26, 24, 10, 24, 28, 29, 6, 11, 24, 8, 2, 13, 27, 13, 27, 8, 28, 28, 11, 3, 17, 11, 7, 13, 27, 18, 16, 3, 21, 6, 12, 24, 20, 19, 4, 6, 30, 8, 12, 3, 3, 25, 29, 23, 3, 20, 5, 2, 29, 12, 29, 26, 13, 30, 6, 25, 3, 8, 17, 26, 27, 16, 9, 13, 22, 16, 29, 2, 20, 1, 5, 4] 5271.828085164786 3600177.274589
SA: [6, 13, 4, 26, 30, 5, 12, 28, 18, 27, 2, 4, 24, 19, 10, 6, 2, 26, 17, 1, 22, 30, 22, 11, 4, 26, 26, 14, 14, 9, 23, 20, 11, 17, 4, 11, 23, 5, 5, 5, 9, 19, 30, 17, 17, 9, 26, 19, 7, 28, 3, 1, 18, 19, 7, 19, 28, 2, 27, 3, 1, 7, 17, 27, 15, 17, 26, 17, 20, 3, 2, 16, 21, 7, 27, 18, 23, 23, 29, 22, 21, 22, 13, 22, 2, 22, 3, 30, 26, 19, 11, 23, 18, 2, 11, 18, 12, 21, 13, 23, 1, 12, 10, 28, 11, 3, 14, 5, 26, 4, 16, 14, 21, 30, 13, 9, 4, 14, 13, 22, 16, 26, 28, 8, 12, 25, 14, 13, 16, 19, 3, 18, 28, 7, 12, 8, 17, 3, 22, 4, 17, 26, 22, 30, 24, 22, 3, 23, 10, 25, 21, 17, 7, 9, 26, 1, 24, 27, 10, 7, 26, 17, 30, 20, 17, 12, 18, 23, 8, 21, 23, 6, 16, 19, 11, 2, 26, 6, 5, 25, 30, 9, 10, 5, 29, 7, 27, 24, 9, 9, 4, 28, 2, 21, 19, 18, 22, 17, 4, 7, 24, 24, 12, 20, 4, 1, 9, 28, 21, 4, 10, 15, 30, 12, 15, 5, 9, 9, 24, 9, 2, 13, 8, 22, 16, 4, 16, 26, 5, 24, 1, 27, 26, 18, 13, 8, 13, 29, 7, 9, 25, 24, 6, 6, 24, 10, 20, 11, 29, 1, 28, 5, 24, 18, 1, 7, 30, 7, 28, 28, 17, 30, 13, 23, 6, 15, 15, 8, 22, 5, 19, 20, 1, 20, 15, 25, 28, 9, 12, 6, 14, 3, 7, 10, 24, 24, 10, 23, 29, 27, 14, 4, 23, 20, 22, 14, 3, 8, 27, 12, 10, 27, 3, 30, 5, 15, 23, 26, 13, 6, 18, 17, 27, 24, 8, 27, 14, 8, 25, 16, 11, 18, 12, 7, 27, 4, 6, 10, 1, 18, 14, 8, 22, 16, 16, 11, 16, 16, 21, 8, 27, 18, 2, 7, 9, 15, 15, 19, 1, 24, 26, 17, 12, 2, 27, 4, 12, 25, 26, 6, 7, 16, 1, 26, 16, 5, 8, 30, 25, 19, 7, 6, 20, 27, 2, 10, 28, 30, 30, 1, 7, 23, 25, 20, 24, 18, 15, 20, 26, 29, 20, 19, 14, 13, 29, 28, 26, 16, 11, 3, 8, 8, 30, 5, 18, 11, 6, 25, 4, 6, 5, 16, 27, 11, 20, 13, 24, 12, 5, 30, 14, 18, 9, 12, 26, 4, 18, 6, 30, 22, 3, 11, 28, 5, 26, 29, 13, 18, 28, 10, 9, 11, 3, 6, 10, 25, 25, 29, 16, 24, 10, 1, 3, 13, 15, 19, 15, 29, 5, 22, 23, 7, 9, 18, 10, 27, 10, 17, 23, 7, 9, 2, 18, 28, 9, 3, 24, 28, 2, 9, 7, 19, 11, 2, 11, 13, 22, 25, 20, 14, 28, 11, 17, 5, 24, 12, 10, 16, 25, 21] 4663.3616385673395 3602333.706072
CLO: [7, 6, 6, 29, 24, 19, 1, 3, 17, 23, 1, 22, 14, 15, 3, 21, 30, 14, 24, 21, 26, 17, 22, 3, 11, 10, 11, 11, 26, 18, 17, 22, 4, 1, 10, 17, 7, 7, 5, 5, 3, 2, 4, 11, 2, 17, 11, 11, 26, 7, 5, 25, 24, 11, 10, 5, 29, 9, 14, 8, 21, 28, 10, 22, 1, 9, 9, 4, 24, 9, 13, 14, 3, 10, 11, 9, 16, 24, 3, 6, 2, 10, 11, 19, 14, 7, 18, 16, 14, 17, 17, 4, 10, 27, 15, 18, 23, 29, 29, 14, 23, 9, 8, 29, 24, 5, 4, 30, 23, 6, 1, 23, 28, 30, 27, 12, 8, 2, 16, 18, 8, 5, 9, 12, 5, 21, 27, 16, 8, 27, 17, 18, 16, 23, 26, 30, 24, 9, 6, 27, 23, 25, 7, 9, 17, 2, 29, 7, 1, 26, 26, 19, 8, 15, 12, 6, 28, 5, 19, 12, 16, 26, 16, 13, 21, 27, 1, 9, 24, 17, 3, 19, 24, 1, 5, 6, 2, 19, 3, 18, 5, 2, 9, 14, 3, 10, 4, 20, 13, 22, 16, 18, 5, 10, 5, 19, 17, 9, 13, 25, 15, 14, 21, 22, 10, 22, 24, 30, 1, 18, 27, 9, 8, 22, 17, 22, 11, 12, 17, 7, 21, 9, 29, 28, 17, 16, 25, 12, 14, 22, 1, 29, 28, 2, 6, 28, 2, 16, 17, 26, 9, 2, 28, 28, 21, 21, 20, 17, 30, 12, 9, 29, 19, 8, 30, 8, 26, 10, 12, 9, 9, 11, 14, 9, 21, 13, 14, 17, 15, 11, 16, 28, 19, 25, 4, 4, 12, 16, 9, 7, 3, 12, 22, 1, 4, 20, 22, 28, 18, 11, 3, 14, 19, 14, 7, 2, 22, 8, 24, 6, 13, 27, 25, 15, 7, 1, 12, 23, 23, 17, 14, 3, 28, 21, 18, 28, 24, 29, 8, 7, 19, 1, 6, 19, 9, 12, 25, 11, 11, 6, 14, 26, 8, 18, 17, 5, 20, 23, 5, 9, 13, 3, 8, 19, 3, 28, 14, 14, 13, 14, 12, 5, 1, 23, 13, 19, 11, 17, 7, 20, 27, 20, 12, 21, 2, 13, 8, 15, 25, 5, 26, 26, 2, 28, 24, 24, 10, 6, 20, 1, 1, 13, 6, 4, 26, 2, 28, 21, 29, 18, 20, 7, 18, 24, 16, 25, 9, 13, 13, 10, 4, 13, 14, 14, 26, 28, 16, 11, 3, 4, 5, 19, 6, 8, 9, 30, 16, 19, 28, 3, 2, 11, 8, 25, 30, 27, 6, 21, 26, 8, 17, 15, 8, 12, 21, 7, 8, 14, 8, 5, 16, 13, 9, 21, 11, 22, 29, 14, 19, 3, 29, 16, 28, 1, 22, 7, 20, 5, 11, 1, 27, 5, 12, 24, 8, 24, 10, 4, 14, 8, 11, 14, 7, 22, 7, 20, 9, 29, 7, 11, 24, 7, 16, 22, 5, 10, 15, 13, 27, 5, 20, 13, 2, 10, 15, 30, 17, 12, 15, 21] 5164.754147306294 3600161.368241
-- 
Instance 7
seed: 1464170878653
--
SHC: [18, 2, 14, 18, 11, 12, 26, 7, 16, 10, 21, 16, 21, 12, 7, 21, 27, 29, 8, 24, 4, 24, 3, 9, 17, 23, 3, 18, 25, 16, 3, 29, 23, 2, 20, 2, 24, 10, 20, 2, 27, 15, 16, 27, 29, 25, 10, 9, 16, 7, 20, 22, 1, 28, 27, 12, 14, 15, 18, 21, 1, 13, 21, 27, 10, 21, 23, 3, 6, 12, 22, 19, 2, 1, 3, 6, 7, 9, 15, 7, 12, 18, 4, 30, 10, 30, 18, 15, 12, 12, 12, 1, 15, 19, 10, 8, 19, 13, 7, 25, 18, 16, 1, 10, 13, 29, 28, 8, 15, 29, 15, 5, 23, 10, 25, 21, 22, 24, 22, 28, 19, 14, 26, 13, 18, 24, 16, 10, 15, 26, 18, 22, 6, 18, 10, 13, 6, 19, 28, 6, 28, 28, 23, 30, 18, 25, 29, 5, 17, 6, 26, 11, 16, 18, 3, 20, 7, 3, 2, 12, 28, 29, 25, 12, 14, 19, 8, 7, 11, 3, 22, 18, 11, 2, 20, 10, 15, 16, 28, 27, 4, 19, 20, 13, 14, 28, 15, 28, 14, 22, 12, 22, 16, 20, 24, 28, 4, 28, 18, 17, 8, 5, 5, 14, 9, 2, 25, 17, 13, 20, 8, 2, 19, 12, 7, 12, 17, 26, 1, 20, 9, 25, 17, 8, 30, 11, 2, 15, 7, 10, 19, 25, 26, 19, 19, 4, 16, 30, 13, 23, 19, 24, 1, 19, 30, 12, 25, 4, 17, 27, 15, 28, 15, 5, 1, 10, 21, 20, 19, 9, 25, 18, 8, 26, 2, 4, 21, 22, 22, 4, 7, 30, 13, 24, 13, 22, 26, 27, 22, 13, 2, 23, 13, 16, 11, 7, 3, 28, 3, 6, 3, 14, 6, 22, 6, 26, 17, 6, 16, 15, 6, 21, 28, 29, 19, 2, 10, 30, 28, 17, 11, 22, 9, 28, 9, 2, 28, 21, 4, 28, 2, 20, 12, 24, 20, 28, 24, 30, 24, 22, 20, 27, 1, 30, 8, 19, 21, 2, 8, 22, 1, 29, 20, 22, 11, 1, 23, 28, 16, 22, 29, 9, 3, 18, 20, 18, 2, 17, 22, 14, 20, 20, 15, 11, 11, 15, 10, 20, 26, 24, 15, 27, 1, 28, 7, 23, 8, 26, 17, 17, 25, 5, 25, 5, 26, 9, 27, 18, 24, 3, 11, 25, 19, 10, 17, 18, 10, 25, 8, 9, 5, 25, 13, 28, 18, 6, 13, 22, 28, 1, 29, 9, 20, 23, 9, 28, 22, 6, 30, 27, 25, 6, 17, 12, 7, 29, 18, 25, 17, 15, 15, 16, 12, 18, 26, 12, 23, 4, 29, 28, 7, 5, 25, 23, 8, 25, 16, 27, 11, 2, 13, 18, 1, 9, 7, 25, 5, 13, 16, 29, 29, 6, 15, 6, 7, 17, 22, 2, 9, 27, 6, 14, 16, 28, 29, 8, 7, 7, 19, 7, 23, 4, 27, 10, 30, 1, 21, 30, 2, 12, 29, 10, 19, 25, 27, 19, 8, 14, 5, 28] 4980.601203038646 3600109.154274
SA: [3, 24, 16, 5, 1, 11, 25, 5, 19, 13, 27, 20, 26, 2, 5, 30, 14, 10, 23, 15, 14, 10, 14, 15, 20, 1, 17, 18, 20, 28, 6, 11, 3, 29, 7, 4, 27, 23, 18, 8, 13, 23, 27, 30, 26, 6, 9, 8, 28, 14, 11, 10, 10, 16, 24, 4, 1, 22, 17, 25, 2, 10, 18, 21, 21, 1, 22, 20, 30, 3, 22, 4, 17, 12, 25, 4, 9, 17, 9, 27, 17, 28, 7, 27, 4, 25, 26, 29, 10, 27, 28, 19, 23, 2, 19, 22, 14, 5, 7, 2, 4, 4, 10, 1, 26, 9, 13, 9, 15, 27, 20, 25, 27, 19, 25, 4, 2, 23, 12, 20, 20, 13, 11, 22, 18, 29, 17, 3, 10, 24, 26, 19, 28, 2, 29, 23, 23, 22, 9, 5, 14, 21, 14, 30, 15, 22, 15, 1, 26, 23, 20, 7, 17, 19, 1, 30, 13, 19, 12, 12, 12, 7, 27, 8, 4, 22, 6, 26, 29, 8, 15, 15, 11, 10, 13, 17, 8, 19, 9, 6, 24, 25, 17, 14, 10, 5, 26, 1, 15, 30, 2, 28, 19, 22, 10, 1, 22, 27, 25, 16, 1, 8, 17, 11, 15, 7, 24, 12, 9, 18, 9, 4, 29, 26, 29, 13, 27, 9, 6, 16, 30, 29, 11, 4, 7, 5, 25, 25, 27, 30, 10, 12, 12, 25, 13, 23, 22, 3, 24, 29, 23, 19, 10, 3, 9, 23, 23, 3, 10, 27, 20, 7, 10, 21, 23, 19, 13, 24, 16, 7, 17, 30, 6, 27, 10, 8, 24, 9, 8, 27, 1, 25, 23, 26, 13, 8, 29, 18, 25, 15, 16, 28, 17, 3, 11, 15, 2, 13, 24, 10, 26, 30, 23, 2, 15, 3, 19, 10, 3, 18, 10, 2, 18, 29, 9, 25, 28, 30, 5, 25, 26, 27, 14, 24, 21, 15, 6, 2, 22, 4, 21, 7, 23, 25, 24, 26, 28, 10, 1, 6, 2, 18, 5, 7, 1, 21, 1, 29, 2, 10, 26, 13, 20, 30, 9, 9, 5, 17, 16, 4, 28, 6, 7, 30, 10, 2, 19, 10, 28, 7, 10, 8, 7, 15, 23, 1, 3, 25, 6, 7, 5, 12, 18, 11, 17, 9, 1, 23, 12, 22, 1, 25, 26, 21, 11, 23, 18, 25, 13, 30, 6, 14, 6, 5, 24, 18, 10, 24, 16, 6, 26, 23, 10, 2, 28, 21, 5, 22, 21, 11, 30, 12, 27, 6, 13, 9, 11, 15, 27, 22, 28, 24, 10, 9, 26, 5, 23, 13, 20, 24, 17, 21, 24, 6, 25, 28, 14, 26, 9, 16, 22, 29, 29, 20, 4, 14, 14, 7, 27, 28, 30, 20, 8, 15, 24, 2, 8, 19, 27, 26, 14, 8, 12, 22, 11, 10, 10, 30, 9, 8, 2, 8, 7, 5, 28, 12, 2, 24, 8, 9, 7, 23, 23, 14, 22, 11, 6, 7, 13, 27, 24, 13, 6, 9, 16, 29, 13, 20, 25, 17] 4741.0237049548105 3613491.616765
CLO: [5, 17, 30, 28, 20, 16, 26, 15, 22, 1, 5, 6, 4, 27, 7, 20, 4, 29, 26, 25, 1, 21, 6, 21, 12, 22, 13, 5, 30, 10, 23, 21, 2, 29, 25, 26, 22, 8, 20, 27, 3, 4, 6, 7, 23, 10, 14, 15, 19, 26, 17, 3, 9, 6, 5, 30, 6, 9, 1, 17, 5, 18, 4, 29, 3, 10, 26, 25, 25, 13, 24, 21, 10, 22, 6, 11, 25, 22, 26, 6, 25, 7, 22, 18, 2, 25, 8, 18, 26, 21, 4, 4, 11, 27, 19, 24, 29, 1, 18, 19, 21, 4, 15, 11, 22, 19, 3, 3, 3, 1, 15, 18, 11, 4, 2, 8, 20, 14, 21, 10, 28, 28, 24, 30, 20, 18, 9, 25, 23, 18, 19, 13, 11, 29, 27, 23, 10, 11, 7, 20, 5, 25, 9, 7, 2, 28, 26, 19, 24, 11, 5, 17, 15, 10, 27, 8, 28, 8, 10, 14, 11, 22, 2, 9, 29, 20, 29, 10, 9, 27, 20, 11, 25, 4, 5, 2, 17, 10, 23, 6, 28, 1, 19, 21, 3, 30, 4, 19, 27, 26, 10, 28, 20, 11, 30, 4, 11, 13, 20, 6, 23, 9, 28, 19, 5, 6, 2, 23, 22, 5, 19, 7, 24, 14, 5, 12, 11, 1, 2, 22, 17, 17, 19, 12, 21, 7, 3, 25, 11, 18, 5, 4, 13, 5, 29, 29, 18, 28, 7, 15, 2, 3, 24, 23, 13, 21, 12, 12, 22, 6, 21, 13, 13, 7, 12, 27, 16, 28, 16, 17, 23, 21, 12, 26, 28, 11, 11, 30, 8, 9, 1, 24, 22, 18, 15, 8, 18, 11, 5, 4, 10, 5, 12, 19, 13, 28, 13, 18, 14, 6, 12, 13, 22, 24, 11, 6, 15, 11, 29, 27, 6, 26, 22, 10, 17, 14, 27, 9, 21, 28, 1, 22, 16, 14, 7, 12, 19, 27, 10, 18, 4, 13, 21, 27, 2, 13, 1, 21, 15, 28, 21, 21, 28, 26, 24, 13, 4, 11, 23, 6, 3, 18, 12, 14, 23, 1, 25, 26, 23, 15, 24, 22, 19, 10, 8, 7, 9, 14, 30, 5, 13, 26, 13, 21, 16, 30, 24, 30, 10, 9, 14, 10, 18, 1, 4, 25, 18, 2, 27, 6, 23, 16, 29, 10, 27, 26, 20, 8, 23, 29, 30, 23, 2, 14, 26, 10, 18, 18, 16, 22, 3, 9, 12, 16, 6, 28, 10, 11, 18, 5, 19, 29, 29, 9, 13, 9, 26, 5, 25, 20, 16, 2, 25, 2, 26, 3, 27, 16, 17, 3, 12, 4, 6, 25, 12, 23, 20, 10, 23, 11, 14, 9, 28, 4, 24, 14, 25, 23, 8, 9, 30, 5, 26, 4, 26, 8, 6, 19, 24, 1, 10, 13, 11, 27, 4, 16, 4, 20, 16, 27, 13, 1, 1, 8, 19, 22, 14, 25, 21, 17, 7, 28, 20, 10, 26, 21, 3, 11, 23, 29, 24, 20, 17, 4, 1, 21, 14, 9, 13, 22] 6267.678774172433 3600217.668836
-- 
Instance 8
seed: 1464181736646
--
SHC: [6, 6, 10, 10, 20, 21, 22, 3, 3, 10, 22, 11, 2, 22, 27, 8, 11, 24, 26, 20, 4, 30, 3, 16, 26, 15, 19, 14, 8, 15, 30, 17, 16, 2, 17, 15, 2, 4, 16, 21, 18, 28, 8, 27, 12, 12, 12, 28, 4, 18, 28, 18, 24, 7, 16, 24, 24, 3, 28, 5, 1, 19, 2, 11, 21, 8, 24, 29, 4, 9, 8, 21, 30, 1, 11, 25, 23, 12, 25, 10, 11, 29, 13, 16, 15, 15, 23, 20, 30, 8, 6, 10, 6, 24, 30, 17, 15, 20, 7, 25, 1, 18, 11, 5, 4, 23, 23, 15, 5, 5, 4, 28, 4, 23, 22, 9, 28, 1, 26, 16, 8, 26, 12, 5, 19, 26, 7, 19, 27, 6, 23, 3, 28, 24, 30, 8, 19, 5, 30, 5, 2, 26, 16, 27, 24, 2, 25, 9, 15, 6, 18, 6, 13, 11, 2, 20, 25, 6, 30, 9, 27, 12, 27, 7, 19, 4, 27, 11, 12, 26, 25, 13, 18, 10, 24, 10, 11, 14, 17, 30, 25, 15, 19, 14, 17, 19, 6, 18, 13, 3, 6, 6, 30, 26, 11, 19, 1, 19, 23, 29, 20, 25, 25, 25, 28, 19, 12, 6, 17, 25, 29, 12, 26, 26, 18, 16, 16, 28, 7, 19, 17, 1, 30, 1, 18, 23, 29, 9, 4, 26, 15, 10, 2, 19, 18, 26, 26, 20, 4, 10, 5, 28, 20, 7, 15, 6, 2, 27, 7, 22, 1, 23, 16, 25, 7, 21, 10, 15, 3, 26, 27, 10, 17, 20, 25, 20, 2, 14, 7, 12, 27, 16, 10, 21, 18, 3, 16, 22, 29, 14, 14, 10, 25, 30, 19, 7, 8, 25, 12, 13, 14, 4, 5, 15, 5, 18, 12, 23, 18, 8, 9, 18, 30, 19, 4, 18, 2, 14, 5, 1, 2, 8, 24, 14, 25, 18, 13, 14, 8, 23, 5, 14, 29, 13, 9, 2, 10, 25, 30, 12, 15, 22, 29, 3, 2, 16, 30, 17, 29, 23, 16, 9, 7, 7, 30, 30, 3, 10, 10, 10, 25, 2, 21, 19, 4, 22, 25, 8, 15, 28, 8, 21, 23, 16, 13, 11, 19, 3, 20, 30, 7, 13, 15, 1, 27, 22, 25, 10, 18, 15, 10, 8, 9, 13, 27, 18, 11, 5, 21, 1, 14, 18, 18, 20, 2, 5, 5, 3, 18, 1, 11, 26, 30, 27, 30, 19, 24, 8, 17, 4, 5, 27, 21, 14, 16, 2, 20, 18, 8, 13, 19, 3, 19, 3, 9, 3, 28, 3, 18, 22, 18, 13, 12, 11, 1, 11, 27, 7, 9, 8, 12, 17, 22, 4, 21, 23, 13, 16, 1, 13, 26, 12, 21, 27, 9, 6, 27, 29, 12, 24, 9, 7, 16, 7, 28, 29, 17, 13, 28, 21, 19, 14, 11, 25, 29, 10, 29, 15, 17, 24, 21, 5, 12, 16, 11, 27, 5, 22, 7, 2, 9, 10, 1, 25, 1, 5, 9, 28, 6, 21] 5187.531258315353 3600060.346194
SA: [3, 5, 12, 17, 12, 10, 5, 18, 27, 24, 16, 30, 10, 22, 17, 13, 30, 1, 21, 20, 29, 21, 17, 13, 22, 9, 10, 5, 14, 25, 29, 20, 12, 13, 13, 7, 1, 1, 26, 25, 9, 20, 6, 26, 7, 6, 11, 13, 5, 29, 5, 7, 13, 29, 18, 6, 17, 25, 28, 20, 29, 30, 2, 12, 22, 3, 27, 18, 16, 16, 19, 4, 8, 18, 3, 8, 29, 1, 17, 13, 17, 15, 5, 23, 4, 7, 8, 8, 10, 17, 4, 28, 6, 10, 13, 7, 11, 16, 11, 23, 22, 2, 12, 1, 21, 30, 5, 15, 2, 26, 7, 2, 21, 23, 15, 25, 3, 16, 9, 19, 6, 12, 30, 2, 8, 11, 13, 12, 16, 15, 27, 13, 30, 3, 29, 11, 25, 21, 30, 24, 9, 13, 9, 7, 30, 8, 23, 3, 12, 25, 15, 2, 27, 4, 14, 15, 22, 20, 11, 26, 1, 8, 10, 15, 7, 4, 16, 4, 17, 6, 30, 12, 30, 27, 12, 16, 27, 10, 8, 25, 20, 16, 27, 10, 26, 7, 18, 20, 9, 19, 4, 6, 21, 3, 13, 8, 5, 13, 3, 13, 20, 4, 29, 18, 23, 17, 6, 20, 27, 12, 1, 12, 18, 5, 9, 24, 3, 24, 29, 7, 20, 20, 9, 7, 18, 3, 8, 1, 24, 24, 25, 25, 5, 3, 3, 20, 8, 30, 19, 11, 19, 2, 16, 20, 19, 29, 12, 4, 23, 18, 25, 1, 2, 23, 12, 7, 25, 3, 22, 13, 3, 21, 17, 6, 11, 21, 25, 28, 1, 22, 28, 13, 17, 2, 4, 24, 16, 11, 7, 1, 28, 28, 1, 11, 19, 18, 16, 10, 6, 13, 8, 2, 15, 5, 24, 18, 14, 22, 21, 22, 25, 19, 1, 21, 19, 21, 13, 15, 21, 11, 6, 6, 26, 30, 5, 6, 22, 28, 26, 24, 22, 27, 3, 1, 6, 9, 14, 24, 22, 11, 7, 9, 1, 26, 24, 11, 1, 9, 25, 22, 30, 27, 28, 12, 24, 1, 25, 25, 17, 7, 25, 30, 28, 28, 29, 30, 29, 21, 30, 12, 20, 16, 20, 16, 5, 13, 22, 5, 16, 16, 2, 20, 20, 1, 17, 4, 19, 2, 23, 24, 21, 25, 20, 17, 26, 10, 8, 19, 20, 3, 20, 17, 22, 4, 10, 19, 26, 21, 9, 17, 9, 5, 6, 13, 17, 3, 10, 29, 17, 24, 15, 18, 16, 7, 16, 16, 20, 1, 27, 20, 16, 15, 28, 18, 22, 14, 25, 6, 1, 18, 6, 20, 29, 3, 30, 25, 13, 18, 27, 25, 6, 20, 22, 23, 16, 2, 26, 25, 14, 28, 4, 17, 1, 30, 18, 18, 27, 4, 18, 27, 27, 16, 7, 3, 22, 6, 20, 14, 26, 29, 16, 3, 22, 5, 28, 4, 3, 30, 15, 25, 18, 2, 29, 1, 3, 19, 13, 15, 9, 17, 19, 22, 11, 2, 6, 11, 21, 20, 12, 18] 4733.432621982832 3614091.215164
CLO: [26, 10, 16, 26, 24, 3, 25, 22, 20, 16, 27, 2, 3, 3, 3, 1, 2, 4, 28, 14, 24, 25, 8, 4, 8, 17, 6, 7, 28, 3, 7, 22, 20, 22, 14, 1, 11, 13, 24, 2, 20, 30, 30, 27, 15, 25, 6, 28, 29, 3, 6, 3, 22, 5, 17, 27, 30, 22, 24, 19, 30, 24, 25, 27, 22, 26, 20, 29, 6, 19, 15, 30, 4, 27, 19, 25, 20, 8, 23, 6, 23, 8, 6, 9, 7, 8, 17, 5, 25, 24, 3, 12, 4, 6, 2, 3, 20, 28, 16, 19, 5, 11, 18, 26, 27, 11, 30, 3, 22, 24, 19, 12, 28, 8, 10, 17, 22, 12, 21, 30, 19, 29, 29, 22, 21, 14, 2, 2, 21, 19, 22, 17, 3, 12, 19, 26, 3, 3, 9, 19, 6, 13, 14, 11, 28, 29, 20, 4, 30, 25, 21, 28, 8, 30, 29, 13, 26, 29, 22, 17, 3, 27, 25, 30, 28, 30, 19, 1, 24, 6, 4, 16, 5, 2, 1, 14, 15, 15, 15, 23, 30, 28, 17, 23, 14, 6, 12, 5, 7, 15, 27, 28, 16, 18, 23, 20, 11, 27, 27, 29, 18, 14, 8, 20, 2, 12, 21, 16, 21, 21, 30, 8, 16, 7, 8, 20, 27, 25, 11, 24, 11, 19, 5, 8, 20, 27, 5, 10, 27, 20, 11, 23, 24, 5, 29, 15, 4, 18, 22, 2, 6, 7, 11, 21, 17, 16, 23, 25, 30, 19, 13, 12, 27, 1, 7, 3, 7, 17, 15, 22, 2, 20, 4, 9, 22, 26, 23, 29, 20, 18, 30, 6, 20, 19, 9, 13, 7, 22, 2, 5, 13, 30, 29, 19, 28, 28, 19, 26, 12, 14, 15, 28, 1, 15, 17, 1, 27, 17, 7, 22, 20, 16, 29, 11, 2, 30, 1, 22, 26, 28, 28, 24, 4, 26, 6, 17, 17, 11, 18, 17, 23, 20, 9, 14, 10, 20, 15, 25, 16, 5, 15, 15, 15, 19, 25, 29, 22, 7, 8, 25, 26, 13, 16, 7, 25, 19, 20, 18, 13, 4, 9, 10, 14, 6, 17, 18, 25, 2, 1, 30, 20, 12, 26, 2, 2, 25, 7, 5, 26, 6, 22, 7, 14, 21, 3, 8, 26, 25, 23, 30, 17, 22, 18, 1, 21, 24, 10, 24, 29, 25, 1, 25, 23, 2, 22, 6, 4, 16, 23, 11, 24, 21, 7, 23, 11, 6, 30, 10, 10, 4, 20, 19, 15, 28, 7, 30, 22, 22, 26, 26, 25, 22, 25, 21, 4, 24, 9, 17, 4, 14, 9, 6, 18, 9, 25, 8, 24, 27, 9, 5, 21, 18, 26, 28, 20, 26, 24, 5, 22, 27, 8, 22, 21, 25, 8, 22, 3, 3, 25, 5, 1, 6, 20, 27, 25, 20, 17, 2, 18, 8, 5, 24, 3, 26, 9, 3, 5, 6, 19, 21, 3, 16, 18, 27, 27, 18, 27, 3, 26, 4, 24, 9, 11, 14, 22, 3, 11, 7, 29, 9] 5290.956315821784 3600185.299301
-- 
Instance 9
seed: 1464192590021
--
SHC: [8, 15, 11, 30, 21, 13, 29, 25, 29, 7, 12, 5, 30, 23, 29, 19, 14, 18, 11, 22, 10, 28, 30, 6, 30, 17, 19, 3, 20, 20, 11, 27, 14, 29, 19, 7, 21, 3, 25, 1, 9, 1, 20, 15, 4, 16, 14, 23, 29, 7, 6, 27, 22, 19, 14, 5, 12, 27, 11, 24, 27, 27, 26, 30, 24, 9, 30, 11, 7, 16, 10, 23, 25, 15, 13, 3, 16, 25, 27, 26, 22, 23, 11, 25, 28, 12, 6, 16, 1, 5, 9, 6, 30, 9, 12, 18, 20, 16, 21, 16, 24, 5, 2, 23, 13, 1, 30, 3, 30, 9, 30, 24, 10, 6, 8, 16, 12, 14, 9, 3, 26, 20, 20, 19, 21, 29, 4, 20, 9, 12, 7, 17, 6, 17, 6, 5, 6, 7, 29, 1, 21, 15, 3, 15, 5, 13, 22, 7, 5, 5, 27, 19, 15, 27, 21, 28, 10, 18, 2, 7, 27, 5, 4, 12, 25, 1, 16, 24, 18, 15, 29, 2, 22, 19, 25, 18, 15, 4, 8, 13, 17, 18, 12, 19, 18, 10, 9, 10, 20, 21, 23, 6, 20, 17, 11, 26, 16, 4, 22, 9, 3, 16, 6, 7, 19, 30, 9, 28, 28, 19, 23, 12, 24, 15, 30, 6, 29, 23, 11, 17, 27, 17, 5, 19, 19, 10, 3, 10, 17, 5, 2, 30, 30, 7, 4, 11, 14, 24, 22, 19, 26, 22, 5, 13, 30, 7, 7, 28, 11, 30, 5, 9, 23, 23, 26, 7, 18, 20, 3, 6, 19, 29, 28, 6, 3, 26, 20, 6, 27, 26, 4, 25, 28, 23, 5, 13, 7, 8, 2, 23, 30, 2, 16, 4, 3, 24, 1, 5, 19, 3, 28, 25, 13, 25, 5, 21, 10, 2, 24, 8, 20, 10, 5, 15, 29, 28, 16, 28, 7, 5, 13, 30, 26, 20, 27, 24, 30, 1, 18, 9, 29, 3, 18, 1, 19, 16, 7, 17, 29, 14, 29, 6, 24, 25, 8, 4, 15, 4, 11, 2, 20, 29, 16, 24, 20, 24, 27, 11, 3, 13, 22, 9, 18, 24, 10, 20, 8, 8, 28, 19, 12, 20, 15, 3, 30, 20, 23, 28, 4, 23, 9, 16, 24, 25, 23, 10, 16, 9, 3, 20, 16, 5, 4, 16, 10, 21, 2, 23, 17, 30, 24, 7, 10, 27, 5, 16, 27, 22, 6, 15, 30, 26, 18, 29, 13, 6, 22, 19, 2, 25, 20, 18, 16, 3, 22, 28, 5, 9, 6, 17, 28, 16, 29, 10, 16, 29, 13, 11, 27, 4, 21, 9, 12, 23, 1, 21, 8, 11, 23, 11, 2, 14, 28, 23, 9, 16, 28, 30, 22, 30, 24, 3, 30, 26, 2, 6, 2, 24, 23, 28, 21, 19, 6, 29, 6, 2, 4, 19, 2, 15, 23, 26, 15, 20, 10, 7, 30, 24, 7, 4, 17, 17, 14, 15, 24, 21, 23, 15, 6, 18, 10, 27, 4, 20, 12, 28, 24, 6, 17, 25] 5583.07180167695 3600148.010969
SA: [30, 6, 3, 4, 14, 30, 3, 15, 4, 20, 29, 17, 5, 1, 20, 21, 30, 18, 4, 1, 4, 2, 13, 14, 13, 19, 15, 21, 9, 22, 3, 15, 12, 28, 9, 19, 23, 14, 16, 2, 18, 14, 5, 17, 1, 24, 3, 5, 2, 29, 16, 5, 1, 5, 16, 10, 20, 29, 10, 19, 12, 2, 2, 8, 2, 22, 15, 26, 17, 7, 6, 27, 17, 22, 15, 10, 12, 4, 21, 14, 25, 10, 22, 3, 29, 3, 25, 13, 4, 11, 21, 4, 2, 22, 2, 28, 4, 19, 2, 22, 10, 22, 24, 20, 29, 9, 16, 14, 12, 25, 21, 30, 30, 6, 1, 17, 9, 10, 3, 30, 19, 22, 22, 12, 14, 3, 1, 1, 1, 22, 27, 11, 25, 30, 10, 17, 1, 8, 26, 9, 4, 14, 20, 9, 18, 17, 21, 5, 6, 28, 7, 14, 15, 7, 30, 12, 10, 14, 15, 26, 15, 24, 7, 19, 23, 15, 29, 19, 26, 12, 2, 5, 7, 30, 26, 18, 26, 21, 22, 25, 17, 1, 7, 19, 1, 5, 1, 24, 4, 16, 7, 22, 28, 20, 21, 10, 9, 17, 28, 15, 13, 29, 13, 28, 15, 16, 18, 30, 7, 27, 19, 19, 11, 12, 30, 29, 16, 20, 14, 6, 19, 15, 25, 27, 30, 14, 24, 14, 2, 29, 20, 16, 25, 28, 7, 16, 13, 17, 1, 4, 8, 12, 29, 28, 20, 5, 4, 9, 5, 30, 26, 23, 20, 27, 25, 7, 27, 23, 7, 4, 18, 4, 19, 10, 28, 22, 28, 20, 22, 3, 8, 4, 19, 3, 21, 4, 7, 8, 6, 21, 16, 18, 12, 17, 23, 7, 12, 28, 3, 14, 29, 24, 25, 27, 4, 3, 27, 23, 9, 15, 29, 16, 13, 4, 20, 15, 30, 15, 13, 30, 3, 22, 23, 3, 22, 12, 23, 19, 28, 5, 28, 27, 26, 6, 20, 8, 26, 29, 14, 29, 10, 29, 16, 3, 30, 25, 20, 4, 29, 3, 29, 13, 13, 23, 1, 8, 11, 1, 4, 25, 16, 5, 21, 28, 13, 8, 17, 11, 2, 30, 8, 1, 4, 20, 9, 4, 12, 10, 5, 7, 30, 24, 17, 22, 15, 20, 25, 30, 25, 9, 5, 20, 29, 25, 2, 12, 20, 21, 25, 27, 14, 30, 17, 17, 8, 10, 14, 14, 26, 27, 28, 19, 28, 15, 30, 17, 10, 16, 3, 13, 7, 28, 25, 29, 6, 23, 8, 2, 17, 12, 25, 2, 28, 1, 26, 16, 3, 15, 20, 29, 7, 8, 1, 1, 8, 12, 3, 10, 23, 26, 18, 16, 8, 22, 6, 11, 16, 28, 18, 9, 1, 28, 25, 28, 14, 28, 6, 7, 12, 14, 14, 25, 22, 29, 16, 10, 14, 23, 23, 9, 19, 2, 23, 18, 9, 11, 19, 30, 5, 20, 1, 19, 3, 30, 13, 12, 18, 30, 11, 18, 21, 22, 4, 26, 6, 28, 7, 24, 18, 6] 4386.277802380441 3622069.531629
CLO: [25, 1, 27, 23, 3, 22, 14, 22, 26, 29, 19, 1, 14, 23, 29, 23, 12, 15, 14, 8, 9, 12, 23, 16, 30, 8, 23, 24, 20, 27, 9, 9, 17, 14, 6, 16, 2, 20, 6, 4, 21, 16, 25, 21, 25, 21, 12, 12, 21, 10, 7, 24, 1, 9, 4, 1, 11, 10, 25, 23, 28, 12, 20, 9, 5, 12, 5, 17, 3, 10, 23, 2, 8, 25, 27, 16, 25, 9, 8, 14, 16, 30, 22, 21, 26, 9, 23, 26, 27, 19, 14, 21, 28, 4, 4, 28, 2, 9, 3, 15, 6, 13, 24, 9, 25, 1, 17, 4, 21, 25, 28, 10, 30, 12, 10, 4, 29, 11, 2, 20, 20, 14, 23, 28, 22, 25, 8, 14, 22, 7, 28, 24, 11, 2, 5, 20, 6, 6, 14, 19, 23, 21, 1, 21, 5, 10, 1, 28, 19, 23, 18, 14, 6, 9, 12, 20, 7, 4, 17, 27, 7, 25, 28, 19, 7, 16, 13, 17, 20, 12, 9, 27, 3, 6, 26, 24, 28, 19, 4, 3, 18, 29, 24, 4, 14, 29, 3, 29, 18, 15, 20, 15, 14, 18, 21, 20, 13, 19, 10, 26, 19, 4, 5, 24, 22, 21, 23, 1, 18, 7, 29, 11, 5, 14, 29, 9, 10, 12, 5, 5, 14, 25, 2, 27, 21, 30, 2, 1, 11, 23, 16, 6, 7, 6, 18, 22, 8, 26, 20, 21, 5, 13, 10, 24, 21, 27, 11, 22, 18, 14, 22, 16, 18, 27, 17, 8, 21, 23, 28, 10, 26, 27, 27, 26, 16, 25, 23, 17, 2, 8, 17, 22, 27, 8, 22, 30, 20, 11, 21, 22, 22, 12, 22, 6, 3, 23, 20, 15, 19, 6, 13, 13, 27, 5, 23, 15, 26, 23, 11, 20, 6, 28, 18, 13, 29, 23, 17, 7, 7, 8, 2, 27, 11, 18, 30, 30, 8, 10, 2, 19, 10, 25, 7, 18, 11, 30, 20, 28, 22, 28, 4, 23, 20, 22, 13, 12, 3, 11, 9, 29, 30, 10, 20, 28, 25, 11, 30, 23, 5, 30, 9, 27, 9, 14, 14, 19, 29, 19, 4, 17, 27, 11, 28, 5, 17, 14, 16, 8, 20, 14, 24, 16, 11, 23, 14, 6, 19, 10, 12, 9, 23, 21, 2, 14, 24, 24, 24, 10, 22, 8, 6, 26, 27, 1, 22, 28, 4, 3, 2, 16, 14, 20, 12, 22, 16, 18, 11, 16, 12, 22, 19, 1, 16, 19, 22, 3, 17, 22, 8, 2, 4, 28, 12, 30, 5, 10, 20, 26, 17, 8, 5, 15, 23, 23, 8, 8, 1, 7, 6, 11, 26, 8, 21, 27, 7, 22, 13, 26, 3, 16, 20, 27, 8, 5, 7, 10, 16, 24, 14, 10, 7, 27, 3, 12, 9, 20, 23, 25, 29, 20, 19, 2, 19, 1, 14, 21, 8, 12, 14, 8, 13, 14, 14, 18, 21, 6, 27, 19, 24, 2, 30, 26, 4, 16, 7, 30, 16, 30, 27, 23] 5220.328443342765 3600188.754794
-- Summary -- 
*SHC*
Found PNE: 0/10
Approx Average: 5203.400339077207
*SA*
Found PNE: 0/10
Approx Average: 4610.190856195284
*CLO*
Found PNE: 0/10
Approx Average: 5293.275634494113
