Number of instances: 10
Game: Normal Form Game
Players: 10
Actions: 2000
Metaheuristics time: 3600
-- 
Instance 0
seed: 1464094856412
--
SHC: [208, 1412, 1945, 1924, 1028, 1158, 546, 520, 1808, 708] 283.4954058752461 3600004.95446
SA: [1995, 1126, 196, 1640, 822, 515, 627, 1967, 881, 11] 348.7985388682618 3600721.724938
CLO: [623, 1650, 856, 650, 1683, 811, 327, 907, 1043, 1455] 265.4690785626042 3600006.160745
-- 
Instance 1
seed: 1464105778855
--
SHC: [1847, 1955, 520, 1139, 841, 63, 747, 1021, 1740, 1679] 282.938873988034 3600003.858554
SA: [954, 551, 1638, 557, 1286, 831, 126, 867, 1637, 1308] 369.01333105815377 3600021.488858
CLO: [408, 646, 542, 831, 1458, 1759, 1662, 1426, 1027, 673] 318.7381363091349 3600005.968689
-- 
Instance 2
seed: 1464116641110
--
SHC: [1492, 1540, 1337, 860, 1131, 1974, 1501, 1138, 1324, 831] 259.18202603291064 3600004.497333
SA: [1912, 1354, 222, 603, 471, 1667, 1773, 3, 1988, 1710] 324.1157874550397 3600643.177358
CLO: [421, 1219, 1810, 350, 1524, 1710, 1553, 1904, 1328, 306] 242.31916980635447 3600003.316879
-- 
Instance 3
seed: 1464127507868
--
SHC: [1438, 1432, 983, 937, 1136, 1133, 807, 987, 258, 601] 204.25290791420025 3600007.349981
SA: [258, 224, 1296, 1277, 822, 293, 1823, 376, 295, 805] 355.791085427398 3600003.435984
CLO: [1208, 1970, 62, 466, 633, 603, 1684, 1777, 391, 1351] 208.2507976315386 3600000.37108
-- 
Instance 4
seed: 1464138382386
--
SHC: [1576, 306, 1894, 1181, 1712, 735, 1233, 1656, 1214, 225] 325.980286078578 3600005.159574
SA: [199, 1603, 1929, 1759, 905, 559, 665, 1167, 1914, 21] 296.88899314344246 3600013.611146
CLO: [1111, 1739, 1456, 427, 1855, 728, 654, 241, 6, 11] 252.17899874695559 3600006.14284
-- 
Instance 5
seed: 1464149244538
--
SHC: [1751, 1806, 482, 1688, 923, 595, 520, 1433, 109, 1590] 306.32181696765394 3600001.874753
SA: [1093, 618, 988, 1875, 1031, 1161, 950, 1763, 1641, 7] 360.5785365270326 3600600.154653
CLO: [1216, 1202, 62, 1725, 1807, 887, 1071, 1752, 1478, 1931] 281.82059481085764 3600005.805403
-- 
Instance 6
seed: 1464160110023
--
SHC: [229, 377, 1486, 883, 1248, 979, 1968, 1706, 1150, 2000] 276.77463024696783 3600007.089068
SA: [890, 1860, 1133, 1005, 319, 530, 302, 30, 278, 1811] 334.8885489277304 3600285.599829
CLO: [1550, 20, 1260, 1023, 418, 1305, 748, 1230, 210, 141] 208.19542815898103 3600005.39576
-- 
Instance 7
seed: 1464170986853
--
SHC: [253, 994, 434, 93, 547, 1037, 1570, 983, 634, 1078] 296.48842521775293 3600002.489146
SA: [1177, 1413, 729, 1623, 986, 132, 1315, 678, 1579, 1747] 364.83007052357027 3600307.006372
CLO: [1090, 606, 756, 1547, 1495, 795, 1235, 338, 1184, 316] 268.26034018922087 3600003.282339
-- 
Instance 8
seed: 1464181876464
--
SHC: [407, 1056, 23, 1989, 1145, 465, 566, 497, 1781, 1688] 235.37344103559985 3600007.465642
SA: [1475, 269, 114, 1988, 18, 1827, 7, 1091, 230, 915] 372.1134669215802 3600761.294272
CLO: [1416, 80, 979, 1508, 1012, 891, 657, 628, 751, 62] 300.3203279971126 3600004.048812
-- 
Instance 9
seed: 1464192775001
--
SHC: [102, 34, 258, 168, 1576, 974, 93, 1740, 95, 1853] 267.38561254563893 3600000.611667
SA: [1328, 1273, 1694, 328, 1029, 1654, 546, 1352, 1133, 1135] 350.05126198606956 3600462.636602
CLO: [1139, 871, 1433, 633, 807, 1195, 1628, 1437, 1419, 1479] 260.6812106912781 3600006.252789
-- Summary -- 
*SHC*
Found PNE: 0/10
Approx Average: 273.81934259025826
*SA*
Found PNE: 0/10
Approx Average: 347.7069620838279
*CLO*
Found PNE: 0/10
Approx Average: 260.6234082904038
