Number of instances: 10
Game: Normal Form Game
Players: 10
Actions: 500
Metaheuristics time: 3600
-- 
Instance 0
seed: 1464094856404
--
SHC: [186, 246, 396, 419, 249, 100, 124, 112, 487, 48] 216.11956722844397 3600003.670692
SA: [46, 108, 77, 38, 441, 206, 179, 424, 35, 257] 287.7559172737657 3600011.797212
CLO: [10, 370, 476, 151, 260, 105, 195, 248, 335, 385] 198.31452248493275 3600000.666768
-- 
Instance 1
seed: 1464116863885
--
SHC: [90, 443, 197, 293, 134, 44, 485, 219, 426, 499] 203.13491097524366 3600002.360951
SA: [496, 106, 395, 107, 78, 362, 34, 186, 417, 339] 305.4515943537132 3600161.544887
CLO: [30, 357, 49, 364, 298, 24, 332, 25, 207, 411] 202.0796961523062 3600000.890677
-- 
Instance 2
seed: 1464138794273
--
SHC: [451, 487, 402, 267, 277, 360, 289, 479, 363, 384] 130.9275526934655 3600001.1537
SA: [93, 340, 477, 397, 391, 324, 223, 33, 341, 184] 298.3756266325399 3600156.018992
CLO: [498, 395, 249, 224, 453, 215, 143, 343, 372, 421] 157.56011749152583 3600001.192813
-- 
Instance 3
seed: 1464160826403
--
SHC: [166, 408, 447, 170, 37, 192, 116, 455, 358, 430] 158.7063874496863 3600000.107899
SA: [77, 401, 206, 306, 495, 283, 317, 132, 259, 193] 301.5271373342175 3600151.700395
CLO: [51, 455, 406, 289, 130, 359, 387, 92, 458, 187] 168.02044821694574 3600000.240381
-- 
Instance 4
seed: 1464182843818
--
SHC: [287, 361, 134, 401, 451, 77, 286, 389, 441, 331] 199.7899915680182 3600000.382361
SA: [166, 92, 249, 487, 430, 329, 292, 194, 387, 138] 284.6466645377679 3600099.255229
CLO: [332, 282, 116, 58, 269, 227, 168, 239, 240, 380] 138.37265385707656 3600001.046813
-- 
Instance 5
seed: 1464204779684
--
SHC: [277, 12, 68, 367, 179, 81, 29, 299, 68, 369] 197.22111419831054 3600001.015492
SA: [357, 283, 95, 349, 222, 83, 147, 497, 227, 436] 275.75032790486046 3600109.635043
CLO: [402, 157, 71, 123, 370, 321, 51, 155, 496, 77] 164.03641732203198 3600000.792693
-- 
Instance 6
seed: 1464226715992
--
SHC: [316, 26, 110, 35, 183, 98, 204, 422, 322, 242] 179.1164361961291 3600001.00299
SA: [350, 80, 488, 488, 426, 104, 45, 385, 166, 449] 274.7631661545046 3600105.177119
CLO: [30, 184, 199, 421, 127, 139, 198, 65, 1, 268] 204.98643679819196 3600000.382829
-- 
Instance 7
seed: 1464248662472
--
SHC: [428, 221, 495, 406, 10, 304, 229, 149, 291, 96] 227.08033048421748 3600000.530993
SA: [200, 411, 331, 344, 289, 253, 260, 194, 429, 429] 246.5073321695497 3600188.355773
CLO: [75, 100, 180, 111, 47, 188, 363, 336, 44, 349] 194.8907590823373 3600001.253398
-- 
Instance 8
seed: 1464270522819
--
SHC: [274, 164, 353, 222, 440, 384, 324, 135, 169, 231] 175.32891505851268 3600000.856344
SA: [401, 451, 95, 235, 485, 407, 285, 78, 167, 135] 276.8868889690711 3600031.927011
CLO: [246, 177, 225, 219, 464, 20, 231, 151, 210, 95] 196.0842510816546 3600000.845349
-- 
Instance 9
seed: 1464292491123
--
SHC: [245, 179, 241, 217, 396, 121, 109, 51, 81, 409] 218.81370091851045 3600001.227578
SA: [306, 481, 262, 135, 374, 477, 494, 332, 206, 245] 294.6985197770315 3600087.483857
CLO: [142, 362, 134, 121, 476, 113, 220, 152, 285, 83] 189.7529774059467 3600000.999606
-- Summary -- 
*SHC*
Found PNE: 0/10
Approx Average: 190.6238906770538
*SA*
Found PNE: 0/10
Approx Average: 284.63631751070216
*CLO*
Found PNE: 0/10
Approx Average: 181.40982798929497
