Number of instances: 10
Game: Normal Form Game
Players: 10
Actions: 1000
Metaheuristics time: 600
-- 
Instance 0
seed: 1463994763756
--
SHC: [306, 528, 63, 737, 222, 747, 342, 66, 239, 203] 319.96280935119194 600006.145709
SA: [483, 672, 639, 70, 314, 777, 498, 910, 872, 564] 343.71576796166664 600341.90363
CLO: [643, 65, 563, 814, 961, 623, 61, 967, 720, 881] 251.78726342075538 600001.876854
-- 
Instance 1
seed: 1463996584556
--
SHC: [867, 131, 941, 180, 212, 475, 86, 591, 605, 20] 269.67153458714796 600001.272913
SA: [502, 448, 521, 330, 699, 213, 441, 304, 808, 875] 335.7479498010222 600020.010885
CLO: [270, 53, 670, 918, 523, 923, 401, 865, 767, 639] 266.9827058471818 600002.147493
-- 
Instance 2
seed: 1463998402552
--
SHC: [992, 21, 293, 392, 81, 542, 563, 468, 726, 69] 306.1453509845473 600001.137781
SA: [908, 815, 338, 936, 245, 544, 533, 867, 531, 593] 359.74672759115913 600182.885298
CLO: [241, 844, 120, 293, 319, 428, 841, 633, 142, 223] 266.10818272580536 600002.701884
-- 
Instance 3
seed: 1464000220039
--
SHC: [291, 996, 76, 128, 268, 4, 229, 454, 159, 123] 256.5271352027255 600001.240954
SA: [808, 678, 509, 689, 79, 912, 262, 70, 744, 970] 332.9637093619416 600317.829327
CLO: [298, 897, 449, 717, 607, 676, 523, 203, 632, 559] 258.6792114619437 600003.493378
-- 
Instance 4
seed: 1464002038132
--
SHC: [387, 577, 225, 192, 593, 242, 885, 940, 526, 314] 286.4416882787138 600003.227658
SA: [594, 162, 226, 971, 31, 929, 111, 88, 359, 567] 366.5129231549749 600163.150272
CLO: [858, 344, 66, 895, 431, 105, 483, 821, 552, 660] 289.23772875081494 600002.342645
-- 
Instance 5
seed: 1464003856103
--
SHC: [359, 425, 573, 541, 388, 172, 619, 230, 218, 427] 283.74544262966236 600000.322545
SA: [153, 256, 699, 972, 845, 821, 746, 218, 810, 743] 350.05066299345634 600289.791369
CLO: [821, 875, 736, 200, 247, 671, 533, 908, 678, 242] 294.3807671671353 600002.858691
-- 
Instance 6
seed: 1464005673935
--
SHC: [84, 834, 347, 134, 960, 929, 904, 270, 303, 767] 304.6994182306413 600000.780205
SA: [950, 170, 108, 635, 416, 83, 524, 45, 710, 632] 353.68133127924597 600127.88248
CLO: [367, 273, 717, 985, 654, 910, 782, 606, 702, 493] 304.74255785316086 600001.085712
-- 
Instance 7
seed: 1464007491978
--
SHC: [854, 610, 708, 996, 78, 445, 794, 701, 872, 259] 242.1421225691535 600001.409531
SA: [218, 253, 377, 491, 407, 885, 359, 299, 818, 891] 365.44363190256036 600287.329377
CLO: [469, 294, 83, 363, 157, 849, 607, 579, 447, 780] 271.7529407273711 600000.941523
-- 
Instance 8
seed: 1464009309625
--
SHC: [573, 535, 104, 750, 211, 824, 520, 458, 824, 443] 171.8340495474963 600002.734496
SA: [602, 631, 479, 328, 235, 565, 464, 640, 920, 587] 369.96839874008526 600013.260388
CLO: [692, 331, 456, 275, 640, 298, 378, 739, 251, 77] 246.9191801791365 600002.333915
-- 
Instance 9
seed: 1464011127264
--
SHC: [457, 648, 296, 201, 188, 874, 652, 436, 874, 492] 310.07266632914565 600001.026622
SA: [742, 411, 593, 964, 104, 986, 120, 228, 479, 802] 335.64387852870095 600139.16558
CLO: [392, 880, 11, 837, 763, 569, 219, 467, 821, 554] 257.13552153508374 600001.377523
-- Summary -- 
*SHC*
Found PNE: 0/10
Approx Average: 275.1242217710426
*SA*
Found PNE: 0/10
Approx Average: 351.3474981314813
*CLO*
Found PNE: 0/10
Approx Average: 270.77260596683885
