Number of instances: 10
Game: Normal Form Game
Players: 50
Actions: 200
Metaheuristics time: 3600
-- 
Instance 0
seed: 1464094856410
--
SHC: [177, 163, 102, 139, 44, 101, 87, 113, 145, 17, 125, 180, 129, 183, 142, 174, 99, 114, 196, 26, 59, 157, 68, 180, 115, 36, 143, 94, 21, 95, 19, 25, 139, 40, 43, 21, 90, 14, 81, 128, 113, 47, 140, 61, 95, 39, 118, 115, 47, 21] 1050.2398598092623 3600014.841495
SA: [125, 28, 2, 26, 67, 194, 132, 138, 154, 176, 106, 169, 16, 196, 100, 185, 21, 142, 152, 121, 199, 85, 181, 137, 137, 57, 144, 187, 132, 66, 168, 20, 9, 3, 5, 63, 62, 156, 134, 108, 128, 101, 96, 158, 25, 145, 62, 159, 56, 76] 1131.7456404951529 3601640.787806
CLO: [6, 68, 17, 12, 73, 151, 166, 38, 146, 180, 195, 127, 185, 54, 77, 5, 128, 194, 30, 48, 88, 184, 145, 65, 55, 94, 117, 149, 26, 78, 31, 8, 190, 191, 175, 85, 46, 25, 24, 129, 104, 59, 90, 4, 7, 53, 37, 46, 100, 98] 965.868644536521 3600013.859464
-- 
Instance 1
seed: 1464105754375
--
SHC: [141, 98, 81, 73, 43, 28, 45, 36, 68, 105, 5, 115, 92, 11, 145, 178, 3, 29, 87, 175, 187, 122, 172, 49, 198, 89, 70, 197, 168, 133, 93, 90, 63, 146, 64, 159, 40, 135, 145, 143, 20, 144, 150, 143, 82, 188, 166, 79, 141, 23] 933.770061411825 3600017.487646
SA: [42, 174, 14, 87, 176, 170, 93, 66, 6, 99, 91, 83, 129, 185, 174, 193, 89, 99, 195, 66, 13, 24, 46, 16, 15, 167, 25, 188, 140, 12, 138, 88, 37, 149, 49, 60, 50, 178, 69, 146, 23, 185, 104, 12, 22, 131, 31, 140, 157, 116] 1106.249510166446 3601559.501231
CLO: [124, 181, 40, 50, 141, 197, 70, 159, 94, 190, 93, 187, 200, 161, 60, 196, 91, 184, 36, 179, 48, 179, 47, 165, 66, 133, 197, 62, 70, 74, 197, 173, 124, 133, 168, 58, 1, 169, 49, 72, 63, 144, 197, 91, 82, 94, 26, 109, 147, 200] 902.5439857314702 3600002.293688
-- 
Instance 2
seed: 1464116655049
--
SHC: [20, 95, 135, 121, 199, 65, 98, 62, 40, 130, 50, 146, 145, 137, 111, 26, 94, 144, 89, 124, 127, 184, 177, 57, 19, 81, 195, 174, 52, 176, 34, 60, 30, 129, 120, 173, 20, 107, 133, 131, 113, 190, 158, 64, 30, 98, 81, 34, 32, 186] 1127.5659560793829 3600011.341532
SA: [172, 106, 184, 169, 49, 93, 41, 172, 133, 24, 115, 91, 92, 174, 92, 165, 168, 161, 78, 94, 81, 119, 21, 128, 66, 172, 164, 50, 110, 127, 129, 125, 18, 156, 144, 44, 73, 108, 42, 67, 34, 36, 148, 70, 176, 112, 58, 178, 110, 94] 1084.6139328205068 3601565.064854
CLO: [68, 168, 154, 75, 8, 147, 58, 199, 28, 101, 164, 199, 80, 150, 20, 200, 2, 89, 29, 193, 122, 121, 174, 45, 36, 65, 113, 191, 61, 77, 185, 186, 60, 32, 120, 98, 94, 51, 138, 17, 51, 166, 177, 134, 72, 128, 137, 152, 185, 192] 990.432603766843 3600010.77207
-- 
Instance 3
seed: 1464127555693
--
SHC: [170, 125, 10, 116, 7, 35, 165, 19, 130, 104, 124, 164, 119, 151, 51, 99, 166, 132, 88, 13, 89, 43, 27, 6, 57, 92, 50, 13, 99, 192, 171, 164, 196, 3, 156, 21, 101, 42, 192, 48, 90, 110, 95, 94, 5, 74, 172, 71, 76, 173] 1138.6247893945401 3600012.250735
SA: [72, 144, 13, 118, 103, 22, 31, 157, 153, 128, 1, 155, 85, 190, 14, 20, 154, 185, 91, 113, 174, 115, 93, 133, 57, 167, 180, 108, 125, 26, 12, 196, 156, 113, 118, 79, 137, 72, 192, 106, 48, 145, 95, 53, 101, 107, 114, 197, 140, 77] 1108.1472029996507 3600966.77775
CLO: [174, 182, 32, 97, 21, 191, 91, 107, 22, 41, 136, 61, 10, 135, 21, 181, 162, 150, 37, 164, 34, 7, 158, 180, 85, 194, 126, 62, 53, 117, 65, 34, 45, 157, 195, 196, 166, 79, 59, 129, 124, 171, 90, 3, 175, 188, 196, 131, 116, 89] 914.2155221223325 3600006.0252
-- 
Instance 4
seed: 1464138456905
--
SHC: [97, 109, 138, 33, 90, 163, 200, 85, 13, 56, 56, 187, 40, 169, 158, 163, 18, 86, 78, 25, 156, 168, 19, 18, 66, 17, 14, 189, 74, 194, 53, 68, 151, 35, 78, 128, 73, 66, 124, 64, 5, 133, 32, 42, 1, 119, 25, 36, 59, 70] 1128.6510300610905 3600005.434321
SA: [19, 66, 47, 88, 85, 153, 158, 108, 140, 136, 64, 104, 114, 79, 42, 146, 90, 45, 6, 158, 52, 132, 8, 150, 71, 167, 128, 186, 30, 9, 149, 16, 29, 106, 181, 146, 40, 91, 124, 162, 134, 36, 94, 27, 114, 123, 150, 149, 9, 128] 1111.6973343092468 3600335.182389
CLO: [147, 57, 81, 40, 8, 40, 193, 80, 102, 99, 29, 47, 104, 63, 173, 22, 53, 186, 108, 122, 17, 13, 126, 20, 4, 2, 26, 198, 30, 60, 154, 134, 10, 156, 19, 12, 84, 160, 46, 178, 184, 36, 179, 141, 197, 8, 96, 188, 12, 164] 950.7429864414762 3600002.157574
-- 
Instance 5
seed: 1464149353645
--
SHC: [133, 106, 20, 194, 18, 187, 182, 189, 94, 103, 138, 187, 75, 44, 29, 146, 162, 19, 173, 71, 179, 185, 135, 190, 44, 189, 69, 7, 167, 192, 185, 111, 118, 141, 107, 150, 4, 24, 129, 152, 54, 30, 105, 195, 147, 130, 95, 107, 37, 152] 1031.956609182256 3600006.777511
SA: [173, 167, 127, 137, 27, 23, 130, 119, 150, 8, 139, 177, 3, 74, 195, 35, 166, 80, 21, 192, 30, 21, 194, 153, 43, 119, 192, 43, 133, 169, 68, 151, 34, 123, 20, 54, 164, 188, 11, 46, 178, 59, 131, 48, 195, 65, 82, 147, 200, 122] 1108.4065484036441 3600195.701774
CLO: [112, 98, 96, 99, 16, 43, 141, 99, 46, 48, 178, 122, 44, 132, 164, 37, 119, 196, 141, 6, 144, 48, 20, 95, 136, 45, 50, 180, 107, 161, 21, 66, 81, 60, 146, 149, 4, 83, 119, 105, 17, 9, 195, 97, 61, 138, 108, 100, 177, 186] 969.7063175992387 3600012.407142
-- 
Instance 6
seed: 1464160249588
--
SHC: [123, 10, 88, 131, 25, 138, 56, 68, 130, 142, 66, 181, 194, 147, 30, 43, 144, 190, 61, 64, 125, 133, 162, 185, 167, 84, 192, 113, 159, 61, 84, 182, 12, 45, 68, 143, 188, 140, 177, 106, 29, 64, 124, 24, 51, 87, 10, 24, 151, 125] 1058.946476457509 3600012.189017
SA: [45, 140, 151, 151, 73, 107, 30, 152, 119, 10, 8, 55, 191, 76, 73, 13, 84, 11, 19, 32, 189, 26, 100, 50, 88, 156, 132, 68, 44, 110, 95, 50, 36, 86, 146, 107, 100, 195, 139, 118, 186, 14, 152, 22, 188, 64, 72, 49, 192, 62] 1106.619229978192 3601053.236994
CLO: [10, 127, 134, 80, 48, 62, 95, 178, 126, 164, 64, 20, 195, 9, 104, 134, 122, 99, 45, 100, 191, 68, 161, 95, 124, 122, 103, 103, 144, 120, 11, 121, 172, 93, 71, 18, 40, 173, 14, 161, 75, 110, 173, 158, 175, 12, 180, 188, 11, 25] 1035.857231702472 3600005.115772
-- 
Instance 7
seed: 1464171148627
--
SHC: [85, 27, 94, 79, 133, 38, 92, 154, 183, 54, 172, 117, 10, 160, 96, 77, 164, 174, 112, 22, 64, 107, 164, 110, 145, 70, 121, 12, 175, 30, 161, 171, 37, 91, 109, 70, 145, 125, 66, 172, 124, 35, 19, 64, 186, 74, 166, 83, 74, 68] 1127.6944100032651 3600010.926163
SA: [31, 103, 169, 111, 11, 127, 112, 35, 173, 90, 27, 174, 130, 54, 173, 66, 181, 33, 98, 88, 52, 19, 111, 107, 72, 86, 183, 106, 144, 47, 55, 200, 34, 194, 55, 88, 29, 33, 199, 108, 191, 57, 4, 3, 60, 82, 98, 166, 111, 193] 1091.2171461627054 3601197.664128
CLO: [35, 155, 2, 10, 4, 12, 199, 48, 12, 38, 159, 5, 81, 56, 26, 122, 148, 140, 135, 94, 81, 47, 159, 23, 163, 160, 66, 86, 127, 87, 162, 144, 148, 46, 58, 178, 75, 40, 194, 25, 185, 21, 94, 179, 55, 122, 186, 59, 21, 180] 946.5933586277474 3600010.496295
-- 
Instance 8
seed: 1464182045617
--
SHC: [135, 1, 30, 4, 63, 17, 2, 123, 63, 111, 139, 49, 109, 176, 18, 114, 166, 147, 198, 171, 166, 193, 91, 75, 144, 106, 51, 191, 42, 13, 54, 137, 80, 100, 146, 13, 36, 189, 89, 90, 54, 98, 10, 181, 182, 53, 59, 195, 197, 24] 1138.2088553161254 3600008.910537
SA: [175, 61, 121, 118, 113, 28, 116, 7, 154, 22, 149, 122, 46, 131, 73, 20, 128, 198, 18, 19, 195, 188, 157, 90, 82, 133, 6, 12, 30, 183, 156, 195, 172, 166, 168, 85, 63, 35, 78, 56, 103, 176, 134, 29, 132, 28, 19, 106, 110, 180] 1080.5087919949592 3600089.53579
CLO: [151, 33, 83, 33, 30, 52, 2, 112, 34, 2, 80, 27, 191, 29, 150, 132, 91, 87, 77, 105, 6, 127, 153, 30, 38, 158, 81, 84, 68, 135, 109, 186, 80, 146, 178, 159, 22, 28, 71, 34, 138, 196, 155, 120, 88, 155, 141, 194, 66, 51] 985.8259417056009 3600013.04804
-- 
Instance 9
seed: 1464192941993
--
SHC: [193, 164, 88, 160, 168, 158, 43, 82, 60, 92, 12, 127, 60, 36, 191, 145, 31, 101, 43, 85, 136, 5, 108, 103, 15, 50, 9, 195, 25, 118, 31, 34, 194, 120, 128, 82, 138, 121, 113, 57, 30, 40, 145, 200, 120, 12, 60, 159, 177, 55] 1064.1216687802205 3600010.187713
SA: [140, 198, 133, 95, 131, 169, 17, 23, 170, 22, 141, 34, 122, 71, 175, 43, 149, 109, 32, 109, 65, 17, 192, 116, 102, 73, 68, 168, 41, 70, 103, 25, 194, 64, 20, 6, 42, 87, 66, 87, 171, 62, 64, 185, 52, 94, 30, 12, 13, 171] 1046.018977992765 3600601.730204
CLO: [65, 151, 101, 53, 87, 120, 46, 115, 151, 36, 174, 41, 193, 199, 168, 166, 159, 37, 60, 132, 155, 18, 104, 21, 63, 102, 85, 179, 176, 167, 122, 69, 83, 115, 11, 18, 81, 18, 194, 61, 17, 179, 148, 15, 157, 71, 170, 167, 41, 24] 983.6578471886558 3600009.827529
-- Summary -- 
*SHC*
Found PNE: 0/10
Approx Average: 1079.9779716495477
*SA*
Found PNE: 0/10
Approx Average: 1097.5224315323271
*CLO*
Found PNE: 0/10
Approx Average: 964.5444439422357
