Number of instances: 10
Game: Normal Form Game
Players: 10
Actions: 10
Metaheuristics time: 3600
-- 
Instance 0
seed: 1464094856418
--
SHC: [3, 8, 5, 7, 3, 9, 1, 5, 10, 2] 0.5526940070596282 3600003.135099
SA: [3, 8, 5, 7, 3, 9, 1, 5, 10, 2] 0.5526940070596282 3600001.402731
CLO: [3, 8, 5, 7, 3, 9, 1, 5, 10, 2] 0.5526940070596282 3600000.115885
-- 
Instance 1
seed: 1464105773982
--
SHC: [8, 7, 4, 10, 10, 1, 5, 8, 1, 6] 0.0 97623.476245
SA: [3, 10, 9, 9, 3, 2, 6, 4, 7, 4] 0.0 27209.594904
CLO: [8, 7, 4, 10, 10, 1, 5, 8, 1, 6] 0.0 58697.573081
-- 
Instance 2
seed: 1464105959699
--
SHC: [3, 5, 10, 5, 10, 9, 9, 2, 7, 1] 0.0 1065771.029203
SA: [3, 5, 10, 5, 10, 9, 9, 2, 7, 1] 0.0 275573.521053
CLO: [3, 5, 10, 5, 10, 9, 9, 2, 7, 1] 0.0 21065.261218
-- 
Instance 3
seed: 1464107336864
--
SHC: [10, 7, 10, 3, 8, 5, 1, 1, 6, 6] 0.0 748748.886382
SA: [10, 7, 10, 3, 8, 5, 1, 1, 6, 6] 0.0 33479.180025
CLO: [10, 7, 10, 3, 8, 5, 1, 1, 6, 6] 0.0 9866.778044
-- 
Instance 4
seed: 1464108137710
--
SHC: [3, 9, 6, 6, 5, 5, 5, 10, 5, 2] 20.132582925978852 3600000.022577
SA: [3, 9, 6, 6, 5, 5, 5, 10, 5, 2] 20.132582925978852 3600000.496094
CLO: [3, 9, 6, 6, 5, 5, 5, 10, 5, 2] 20.132582925978852 3600000.011185
-- 
Instance 5
seed: 1464119053348
--
SHC: [8, 4, 9, 8, 6, 2, 3, 8, 8, 3] 0.0 935254.045076
SA: [8, 4, 9, 8, 6, 2, 3, 8, 8, 3] 0.0 5543.256645
CLO: [8, 4, 9, 8, 6, 2, 3, 8, 8, 3] 0.0 29698.855997
-- 
Instance 6
seed: 1464120034288
--
SHC: [6, 10, 4, 8, 2, 9, 9, 7, 4, 2] 7.123091497372883 3600000.017596
SA: [6, 10, 4, 8, 2, 9, 9, 7, 4, 2] 7.123091497372883 3600001.213887
CLO: [6, 10, 4, 8, 2, 9, 9, 7, 4, 2] 7.123091497372883 3600000.010347
-- 
Instance 7
seed: 1464130949811
--
SHC: [1, 5, 10, 6, 6, 9, 6, 6, 9, 4] 8.324496441548831 3600000.025294
SA: [1, 5, 10, 6, 6, 9, 6, 6, 9, 4] 8.324496441548831 3600000.141001
CLO: [1, 5, 10, 6, 6, 9, 6, 6, 9, 4] 8.324496441548831 3600000.009698
-- 
Instance 8
seed: 1464141865107
--
SHC: [5, 6, 5, 2, 3, 7, 9, 9, 2, 4] 0.0 335886.799799
SA: [5, 6, 5, 2, 3, 7, 9, 9, 2, 4] 0.0 68290.948575
CLO: [5, 6, 5, 2, 3, 7, 9, 9, 2, 4] 0.0 7458.3361
-- 
Instance 9
seed: 1464142282572
--
SHC: [9, 3, 6, 8, 4, 3, 4, 4, 7, 6] 5.492489675640911 3600000.022892
SA: [9, 3, 6, 8, 4, 3, 4, 4, 7, 6] 5.492489675640911 3600000.705006
CLO: [9, 3, 6, 8, 4, 3, 4, 4, 7, 6] 5.492489675640911 3600000.019305
-- Summary -- 
*SHC*
Found PNE: 5/10
Found Time: 636656.847341ms
Approx Average: 8.325070909520221
*SA*
Found PNE: 5/10
Found Time: 82019.30024ms
Approx Average: 8.325070909520221
*CLO*
Found PNE: 5/10
Found Time: 25357.360888ms
Approx Average: 8.325070909520221
