Number of instances: 10
Game: Normal Form Game
Players: 10
Actions: 50
Metaheuristics time: 3600
-- 
Instance 0
seed: 1464094856421
--
SHC: [45, 47, 11, 37, 25, 30, 43, 39, 1, 7] 91.42956120688444 3600002.949268
SA: [12, 35, 9, 43, 4, 26, 5, 16, 30, 11] 115.65059126102116 3600002.559979
CLO: [33, 19, 20, 21, 34, 25, 30, 19, 3, 17] 51.872725201893275 3600000.146815
-- 
Instance 1
seed: 1464105771103
--
SHC: [50, 4, 40, 37, 17, 25, 8, 7, 12, 44] 86.96335689877333 3600000.088644
SA: [33, 23, 18, 16, 7, 18, 14, 50, 37, 47] 132.26946003303115 3600006.687878
CLO: [20, 26, 13, 14, 1, 48, 24, 33, 3, 10] 51.05831073379193 3600000.149046
-- 
Instance 2
seed: 1464116683234
--
SHC: [35, 30, 40, 43, 4, 31, 18, 44, 14, 36] 86.61611697492845 3600000.021795
SA: [36, 46, 21, 5, 47, 19, 41, 36, 31, 42] 111.26677309382421 3600005.319666
CLO: [31, 42, 27, 21, 10, 40, 12, 38, 10, 25] 63.65690660929698 3600000.050313
-- 
Instance 3
seed: 1464127594385
--
SHC: [34, 45, 46, 3, 20, 35, 29, 4, 46, 48] 52.51555193035853 3600000.079656
SA: [21, 8, 20, 48, 13, 4, 9, 24, 20, 27] 124.83765872848721 3600003.500212
CLO: [8, 31, 39, 37, 4, 46, 2, 2, 11, 17] 37.69099828420826 3600000.073834
-- 
Instance 4
seed: 1464138507445
--
SHC: [13, 33, 31, 21, 21, 43, 16, 7, 46, 28] 91.97778958982292 3600000.046755
SA: [20, 45, 41, 9, 9, 35, 13, 22, 19, 40] 105.78805940623607 3600003.508405
CLO: [28, 37, 33, 9, 7, 15, 37, 37, 48, 6] 63.22125958152742 3600000.078111
-- 
Instance 5
seed: 1464149418432
--
SHC: [50, 20, 25, 11, 34, 28, 2, 50, 9, 27] 99.61875071500907 3600000.038545
SA: [34, 1, 20, 44, 20, 37, 24, 28, 15, 33] 91.17955443010817 3600003.080771
CLO: [2, 50, 13, 43, 48, 18, 46, 2, 29, 8] 57.616451793494264 3600000.087873
-- 
Instance 6
seed: 1464160327450
--
SHC: [4, 3, 44, 29, 44, 15, 12, 43, 30, 30] 82.70856664399898 3600000.038975
SA: [8, 23, 42, 37, 11, 30, 19, 5, 46, 3] 108.63760447001582 3600007.97637
CLO: [34, 28, 22, 48, 12, 3, 29, 33, 22, 9] 68.13028121322196 3600000.035136
-- 
Instance 7
seed: 1464171236703
--
SHC: [48, 20, 13, 6, 36, 46, 39, 29, 12, 19] 45.68887924162368 3600000.02182
SA: [21, 13, 40, 13, 13, 36, 3, 44, 46, 36] 105.95964362289538 3600003.347348
CLO: [22, 48, 3, 4, 12, 32, 50, 17, 10, 40] 71.38625178208372 3600000.217108
-- 
Instance 8
seed: 1464182145412
--
SHC: [50, 7, 21, 44, 33, 28, 45, 21, 11, 34] 60.52699898724404 3600000.068873
SA: [8, 18, 11, 49, 47, 13, 26, 42, 28, 48] 116.26687352514676 3600007.587091
CLO: [6, 19, 9, 10, 45, 40, 10, 10, 31, 45] 70.14096413968213 3600000.079908
-- 
Instance 9
seed: 1464193054471
--
SHC: [20, 22, 12, 39, 18, 36, 42, 9, 8, 7] 70.63166001128673 3600000.085356
SA: [7, 50, 40, 17, 12, 40, 21, 11, 29, 13] 107.79337418916089 3600003.833539
CLO: [2, 35, 22, 36, 14, 20, 23, 47, 27, 12] 42.29190317487712 3600000.024186
-- Summary -- 
*SHC*
Found PNE: 0/10
Approx Average: 76.86772321999301
*SA*
Found PNE: 0/10
Approx Average: 111.9649592759927
*CLO*
Found PNE: 0/10
Approx Average: 57.70660525140771
