Number of instances: 10
Game: Normal Form Game
Players: 200
Actions: 100
Metaheuristics time: 3600
-- 
Instance 0
seed: 1464094856426
--
SHC: [13, 2, 91, 36, 19, 27, 31, 46, 20, 12, 82, 27, 98, 52, 68, 55, 49, 70, 87, 21, 95, 51, 9, 84, 39, 78, 47, 69, 41, 61, 41, 45, 28, 63, 21, 39, 37, 19, 98, 65, 10, 24, 65, 29, 86, 18, 38, 38, 42, 78, 5, 5, 45, 58, 33, 55, 61, 40, 83, 62, 49, 77, 88, 22, 92, 70, 57, 57, 23, 7, 58, 9, 28, 37, 94, 94, 75, 86, 51, 12, 49, 42, 2, 26, 97, 29, 12, 69, 59, 24, 54, 24, 93, 26, 83, 10, 36, 76, 52, 95, 50, 65, 89, 18, 98, 80, 33, 17, 38, 28, 7, 21, 27, 3, 53, 28, 16, 82, 67, 91, 59, 45, 95, 41, 28, 2, 36, 93, 32, 8, 59, 47, 95, 84, 18, 89, 94, 96, 97, 64, 23, 56, 89, 41, 79, 93, 31, 28, 91, 63, 78, 100, 51, 9, 64, 63, 87, 47, 26, 1, 56, 89, 50, 78, 19, 27, 85, 62, 68, 99, 92, 13, 90, 58, 43, 38, 97, 79, 87, 60, 19, 3, 54, 44, 19, 99, 13, 27, 50, 80, 98, 66, 81, 59, 43, 88, 97, 41, 90, 15] 3174.677253998778 3600104.842697
SA: [65, 51, 60, 19, 46, 71, 95, 49, 16, 89, 87, 99, 98, 29, 12, 36, 43, 44, 25, 16, 33, 55, 98, 33, 79, 29, 40, 3, 20, 93, 16, 97, 48, 54, 59, 12, 99, 45, 71, 27, 73, 7, 31, 22, 41, 72, 93, 37, 52, 68, 83, 62, 9, 40, 70, 48, 3, 30, 28, 94, 42, 8, 26, 58, 97, 12, 40, 71, 93, 23, 49, 2, 85, 41, 8, 92, 36, 30, 41, 7, 30, 59, 15, 97, 35, 46, 94, 14, 84, 29, 85, 93, 36, 52, 35, 45, 77, 6, 71, 26, 62, 50, 1, 97, 43, 88, 59, 10, 12, 13, 86, 54, 65, 95, 83, 6, 5, 48, 28, 28, 6, 12, 4, 52, 71, 6, 4, 20, 36, 53, 7, 12, 92, 19, 66, 40, 20, 77, 16, 70, 64, 75, 88, 77, 82, 29, 97, 70, 35, 83, 88, 78, 38, 80, 92, 80, 39, 1, 38, 51, 8, 22, 30, 2, 24, 87, 1, 32, 26, 94, 78, 70, 49, 28, 58, 94, 39, 9, 85, 19, 60, 85, 66, 80, 11, 99, 69, 63, 72, 15, 34, 14, 6, 24, 37, 32, 69, 11, 83, 98] 2863.787520572362 3608581.332609
CLO: [41, 54, 51, 40, 66, 44, 81, 48, 60, 77, 30, 72, 7, 90, 50, 18, 6, 93, 5, 6, 6, 30, 75, 56, 5, 67, 94, 72, 50, 56, 2, 92, 10, 73, 22, 59, 70, 10, 28, 35, 40, 80, 85, 77, 64, 71, 9, 9, 20, 27, 87, 77, 79, 83, 70, 2, 22, 60, 87, 85, 55, 96, 82, 75, 43, 45, 12, 30, 85, 40, 99, 44, 40, 96, 46, 42, 45, 12, 8, 53, 89, 77, 68, 5, 12, 28, 6, 30, 11, 9, 25, 69, 28, 80, 9, 77, 19, 76, 60, 42, 11, 2, 44, 53, 81, 95, 41, 5, 78, 41, 58, 7, 28, 42, 79, 88, 67, 37, 11, 9, 14, 75, 96, 96, 3, 45, 48, 70, 70, 32, 39, 25, 7, 78, 98, 47, 96, 44, 65, 62, 85, 98, 25, 59, 29, 62, 88, 38, 73, 1, 32, 43, 1, 33, 43, 23, 5, 35, 30, 34, 38, 21, 68, 29, 85, 19, 61, 38, 51, 11, 26, 87, 85, 1, 23, 36, 10, 85, 100, 25, 77, 96, 39, 21, 3, 49, 1, 80, 91, 84, 86, 64, 65, 23, 60, 21, 39, 98, 16, 61] 2914.739844194166 3600037.485645
-- 
Instance 1
seed: 1464105755322
--
SHC: [33, 5, 15, 33, 33, 79, 26, 61, 34, 4, 10, 63, 61, 37, 6, 97, 3, 37, 20, 88, 37, 93, 54, 90, 83, 44, 19, 59, 36, 16, 32, 54, 73, 4, 95, 25, 87, 27, 79, 42, 9, 42, 76, 34, 9, 98, 22, 64, 24, 17, 5, 1, 2, 15, 74, 25, 83, 92, 41, 75, 2, 9, 68, 66, 49, 9, 51, 63, 66, 51, 60, 100, 96, 46, 83, 44, 86, 96, 79, 65, 3, 75, 11, 13, 98, 63, 6, 40, 90, 94, 100, 76, 11, 66, 36, 88, 79, 84, 70, 71, 12, 20, 11, 57, 99, 85, 19, 65, 38, 88, 71, 95, 39, 59, 33, 52, 31, 89, 45, 51, 71, 56, 50, 92, 62, 6, 16, 75, 10, 100, 36, 50, 62, 16, 3, 28, 59, 91, 65, 4, 94, 57, 24, 58, 84, 46, 45, 87, 87, 93, 42, 89, 6, 23, 35, 84, 17, 25, 12, 68, 91, 84, 15, 94, 91, 33, 78, 89, 6, 20, 92, 99, 31, 51, 40, 11, 19, 4, 31, 77, 36, 92, 71, 8, 24, 99, 94, 26, 78, 17, 64, 33, 56, 6, 70, 35, 12, 46, 77, 5] 3293.3968970360556 3600056.809116
SA: [85, 39, 73, 49, 55, 18, 73, 69, 12, 30, 87, 8, 35, 72, 23, 78, 55, 77, 29, 16, 40, 57, 17, 56, 77, 86, 46, 43, 49, 100, 19, 57, 88, 5, 71, 76, 23, 81, 19, 65, 26, 58, 89, 76, 14, 72, 53, 52, 15, 83, 25, 39, 48, 76, 47, 52, 76, 28, 12, 10, 62, 31, 35, 21, 70, 6, 71, 97, 11, 86, 24, 6, 20, 32, 30, 38, 88, 39, 35, 65, 76, 98, 8, 17, 100, 27, 93, 23, 3, 20, 74, 71, 13, 5, 87, 13, 77, 69, 53, 65, 58, 48, 48, 49, 45, 82, 56, 15, 36, 39, 58, 68, 24, 86, 27, 22, 18, 86, 84, 62, 74, 82, 71, 24, 64, 64, 97, 97, 40, 23, 32, 71, 16, 38, 31, 95, 53, 43, 74, 98, 51, 31, 57, 45, 88, 10, 84, 13, 64, 13, 31, 70, 32, 9, 3, 88, 90, 89, 46, 96, 25, 97, 54, 69, 76, 87, 94, 43, 17, 39, 31, 32, 65, 92, 36, 65, 33, 42, 74, 31, 10, 30, 65, 10, 23, 88, 89, 25, 9, 33, 15, 19, 7, 37, 70, 70, 98, 68, 29, 62] 2790.6026488849666 3605876.495081
CLO: [29, 22, 43, 32, 39, 7, 92, 71, 57, 75, 61, 65, 68, 32, 44, 42, 69, 65, 61, 11, 70, 95, 54, 80, 57, 52, 45, 85, 64, 60, 73, 28, 15, 68, 85, 65, 80, 25, 96, 76, 36, 87, 19, 4, 19, 90, 54, 61, 80, 83, 16, 41, 97, 51, 4, 21, 54, 35, 1, 67, 33, 17, 33, 3, 19, 91, 82, 18, 62, 16, 53, 47, 70, 21, 22, 81, 81, 19, 42, 8, 51, 15, 47, 51, 11, 55, 89, 6, 74, 42, 62, 4, 1, 99, 52, 40, 22, 4, 42, 64, 85, 42, 75, 91, 56, 34, 20, 24, 30, 6, 65, 35, 51, 6, 48, 98, 61, 55, 25, 10, 55, 90, 98, 69, 47, 10, 59, 84, 20, 87, 99, 30, 97, 78, 91, 88, 94, 33, 51, 28, 53, 13, 14, 21, 92, 93, 21, 81, 61, 70, 77, 21, 6, 62, 84, 46, 96, 58, 27, 85, 9, 51, 14, 70, 43, 32, 84, 98, 11, 43, 25, 39, 29, 71, 65, 49, 85, 47, 12, 74, 69, 75, 61, 79, 88, 75, 32, 56, 6, 86, 87, 54, 12, 80, 24, 42, 37, 7, 18, 42] 3075.2832191657944 3600012.204086
-- 
Instance 2
seed: 1464116626732
--
SHC: [68, 92, 66, 10, 55, 68, 39, 5, 70, 19, 32, 96, 64, 89, 52, 51, 30, 20, 42, 48, 10, 80, 95, 14, 98, 83, 89, 59, 30, 45, 50, 45, 52, 30, 67, 88, 31, 24, 35, 96, 3, 37, 44, 51, 53, 18, 40, 64, 75, 75, 82, 75, 14, 36, 48, 3, 12, 79, 28, 18, 100, 19, 35, 84, 7, 31, 26, 85, 84, 88, 17, 40, 72, 53, 6, 15, 5, 96, 51, 25, 28, 13, 44, 60, 6, 93, 39, 96, 48, 81, 23, 52, 11, 18, 65, 24, 99, 20, 6, 19, 25, 100, 40, 83, 84, 94, 67, 56, 99, 27, 48, 6, 61, 63, 6, 23, 75, 73, 9, 73, 84, 62, 7, 20, 56, 19, 2, 37, 54, 2, 83, 56, 27, 48, 77, 20, 82, 44, 22, 13, 83, 51, 28, 61, 98, 84, 51, 51, 37, 66, 31, 74, 46, 40, 6, 82, 18, 40, 41, 87, 90, 67, 69, 12, 23, 32, 36, 59, 4, 61, 24, 94, 18, 37, 7, 59, 44, 88, 40, 61, 15, 9, 74, 56, 27, 7, 90, 41, 18, 74, 61, 27, 17, 44, 33, 93, 72, 8, 49, 11] 3136.2250553847102 3600047.748634
SA: [55, 90, 44, 53, 80, 11, 89, 88, 90, 89, 41, 44, 49, 27, 87, 60, 38, 81, 36, 62, 81, 12, 30, 92, 67, 17, 48, 58, 22, 98, 47, 61, 44, 100, 81, 29, 18, 66, 83, 50, 9, 61, 67, 70, 98, 10, 29, 99, 16, 6, 78, 10, 2, 1, 1, 79, 61, 14, 49, 74, 74, 7, 31, 38, 35, 60, 57, 97, 60, 40, 92, 53, 31, 48, 96, 96, 11, 29, 69, 69, 30, 43, 7, 19, 81, 50, 82, 66, 75, 86, 57, 35, 17, 98, 5, 42, 34, 74, 18, 8, 25, 75, 92, 51, 97, 66, 42, 61, 38, 76, 31, 5, 35, 64, 90, 74, 78, 67, 53, 74, 7, 73, 73, 19, 3, 59, 65, 89, 58, 16, 17, 27, 2, 23, 46, 37, 45, 77, 67, 95, 84, 44, 84, 36, 78, 61, 96, 11, 77, 55, 15, 12, 7, 68, 6, 89, 34, 55, 5, 40, 29, 12, 4, 51, 8, 87, 3, 99, 23, 20, 49, 57, 4, 56, 66, 26, 2, 20, 74, 29, 54, 49, 29, 62, 88, 2, 13, 100, 90, 19, 87, 18, 58, 42, 39, 45, 10, 51, 89, 2] 2803.741838672931 3612278.042965
CLO: [47, 95, 15, 54, 38, 77, 62, 11, 40, 93, 68, 34, 85, 80, 18, 71, 85, 46, 25, 90, 98, 96, 39, 56, 55, 87, 19, 43, 17, 37, 92, 7, 13, 91, 31, 49, 25, 98, 75, 22, 28, 5, 23, 97, 69, 10, 62, 27, 32, 77, 32, 69, 5, 14, 68, 95, 34, 42, 3, 66, 32, 58, 81, 76, 1, 22, 94, 4, 21, 87, 33, 76, 2, 72, 94, 58, 54, 43, 80, 81, 54, 96, 56, 76, 51, 5, 5, 25, 76, 6, 92, 69, 16, 14, 68, 76, 54, 95, 56, 35, 69, 78, 86, 75, 50, 94, 57, 95, 32, 83, 89, 16, 92, 28, 17, 67, 27, 90, 62, 9, 87, 66, 45, 10, 56, 23, 72, 11, 7, 8, 6, 95, 3, 89, 100, 44, 96, 25, 47, 98, 100, 19, 59, 85, 58, 38, 67, 31, 87, 64, 83, 35, 73, 84, 19, 91, 41, 15, 36, 82, 77, 43, 55, 96, 99, 87, 12, 33, 45, 83, 42, 85, 8, 52, 75, 19, 100, 75, 84, 21, 39, 23, 54, 97, 23, 90, 95, 14, 10, 50, 26, 28, 13, 4, 10, 3, 55, 73, 33, 47] 3232.2953009672938 3600028.381649
-- 
Instance 3
seed: 1464127479823
--
SHC: [87, 94, 83, 84, 11, 18, 88, 51, 47, 46, 54, 59, 37, 66, 2, 75, 74, 69, 99, 94, 40, 100, 97, 92, 76, 56, 39, 32, 45, 45, 55, 47, 51, 57, 37, 41, 72, 77, 52, 37, 96, 20, 65, 47, 27, 49, 70, 30, 49, 10, 78, 1, 45, 79, 11, 63, 30, 14, 21, 26, 74, 66, 11, 69, 29, 2, 76, 58, 62, 26, 53, 72, 44, 18, 42, 44, 64, 100, 58, 63, 100, 84, 27, 9, 64, 15, 55, 80, 93, 92, 67, 99, 72, 88, 25, 17, 10, 38, 49, 34, 87, 30, 41, 72, 78, 41, 16, 82, 21, 81, 55, 80, 11, 50, 59, 66, 87, 52, 40, 47, 73, 96, 33, 3, 38, 56, 14, 72, 65, 71, 37, 14, 1, 25, 96, 90, 46, 54, 52, 69, 56, 48, 24, 78, 3, 73, 74, 59, 45, 34, 16, 97, 39, 25, 55, 85, 91, 73, 4, 87, 10, 67, 95, 89, 14, 43, 62, 68, 92, 14, 82, 59, 41, 18, 69, 10, 3, 28, 72, 87, 26, 85, 58, 92, 19, 28, 47, 23, 73, 73, 69, 92, 14, 66, 61, 100, 83, 51, 55, 54] 3227.119335703162 3600042.357388
SA: [58, 96, 56, 81, 84, 52, 65, 10, 27, 83, 66, 12, 89, 54, 100, 48, 36, 9, 86, 75, 15, 95, 13, 52, 91, 16, 61, 12, 59, 49, 69, 2, 18, 19, 21, 27, 40, 38, 50, 38, 17, 6, 29, 50, 26, 72, 5, 3, 67, 17, 76, 68, 26, 74, 22, 5, 16, 97, 34, 55, 17, 66, 9, 100, 24, 22, 47, 25, 97, 6, 92, 80, 11, 33, 33, 68, 45, 76, 78, 33, 89, 43, 19, 31, 34, 7, 39, 22, 50, 58, 80, 69, 62, 17, 82, 54, 45, 75, 40, 63, 97, 61, 97, 8, 25, 59, 18, 23, 40, 23, 11, 83, 85, 29, 2, 73, 94, 40, 43, 76, 13, 95, 17, 95, 29, 66, 43, 24, 95, 53, 30, 76, 64, 64, 56, 91, 24, 54, 50, 72, 91, 39, 41, 68, 26, 23, 83, 56, 95, 54, 43, 29, 98, 24, 68, 54, 99, 28, 4, 47, 67, 68, 88, 98, 70, 38, 20, 63, 89, 27, 27, 36, 57, 7, 7, 26, 69, 73, 75, 98, 3, 38, 95, 83, 17, 7, 71, 100, 56, 8, 80, 34, 42, 30, 45, 42, 89, 14, 7, 97] 2777.8737580273655 3600859.670457
CLO: [66, 91, 27, 19, 8, 70, 86, 77, 47, 16, 13, 37, 4, 57, 67, 98, 5, 20, 3, 96, 13, 29, 66, 60, 98, 62, 88, 56, 12, 80, 71, 36, 77, 56, 41, 92, 41, 88, 56, 96, 80, 80, 3, 97, 30, 55, 47, 5, 64, 68, 39, 98, 26, 16, 82, 53, 40, 36, 4, 70, 34, 31, 64, 55, 4, 61, 13, 81, 75, 70, 67, 7, 74, 37, 81, 77, 64, 51, 82, 97, 39, 55, 89, 29, 30, 51, 26, 74, 58, 85, 27, 78, 52, 61, 2, 40, 61, 36, 56, 44, 46, 89, 8, 10, 67, 93, 52, 28, 8, 85, 98, 57, 20, 27, 13, 30, 11, 94, 29, 65, 33, 72, 38, 52, 99, 23, 35, 69, 62, 23, 68, 24, 60, 16, 31, 81, 57, 9, 68, 42, 63, 24, 60, 23, 62, 50, 63, 61, 74, 79, 77, 13, 46, 43, 50, 72, 39, 68, 28, 68, 30, 4, 83, 18, 67, 27, 84, 48, 36, 6, 47, 71, 83, 44, 36, 73, 25, 31, 66, 96, 81, 78, 20, 39, 22, 9, 91, 2, 39, 61, 69, 34, 85, 97, 33, 80, 35, 36, 51, 18] 3080.480537561119 3600025.351705
-- 
Instance 4
seed: 1464138316933
--
SHC: [91, 32, 4, 17, 91, 20, 97, 35, 16, 77, 95, 12, 6, 50, 17, 52, 61, 30, 46, 89, 10, 74, 9, 24, 11, 69, 3, 13, 63, 48, 28, 98, 83, 39, 13, 79, 34, 51, 5, 1, 46, 81, 55, 38, 48, 30, 42, 25, 9, 9, 43, 32, 40, 25, 97, 68, 94, 66, 40, 92, 54, 80, 18, 37, 86, 98, 7, 67, 92, 87, 92, 27, 6, 41, 98, 61, 85, 35, 27, 23, 81, 45, 99, 19, 32, 18, 21, 99, 64, 83, 45, 19, 19, 99, 39, 9, 22, 41, 70, 48, 86, 2, 99, 65, 99, 92, 12, 75, 42, 34, 94, 80, 15, 98, 94, 28, 68, 65, 43, 71, 38, 9, 29, 33, 54, 93, 23, 97, 39, 35, 13, 72, 14, 58, 21, 85, 98, 19, 8, 94, 92, 73, 55, 47, 52, 18, 79, 92, 90, 66, 14, 51, 27, 67, 97, 93, 23, 22, 5, 39, 72, 16, 34, 11, 34, 41, 22, 33, 23, 79, 92, 12, 33, 21, 62, 88, 87, 79, 8, 65, 69, 33, 20, 19, 69, 46, 22, 34, 50, 6, 70, 63, 2, 57, 87, 24, 45, 25, 63, 4] 3168.9629798112182 3600108.49005
SA: [14, 46, 56, 38, 49, 86, 76, 54, 71, 7, 31, 19, 66, 23, 44, 88, 68, 30, 70, 79, 40, 39, 31, 34, 65, 72, 70, 77, 61, 47, 1, 9, 50, 79, 33, 94, 46, 8, 90, 28, 50, 93, 26, 24, 50, 45, 11, 56, 87, 67, 23, 9, 14, 28, 2, 92, 75, 88, 1, 65, 94, 14, 21, 57, 76, 31, 81, 74, 39, 61, 44, 48, 54, 29, 86, 30, 77, 4, 46, 50, 20, 37, 39, 92, 56, 51, 40, 41, 71, 43, 87, 29, 90, 65, 6, 88, 90, 8, 28, 69, 75, 86, 28, 11, 96, 88, 15, 52, 1, 42, 97, 96, 45, 97, 6, 63, 11, 4, 15, 85, 14, 66, 14, 27, 53, 88, 35, 91, 98, 26, 81, 94, 67, 94, 21, 88, 55, 59, 66, 47, 6, 29, 60, 36, 12, 46, 1, 16, 17, 18, 11, 43, 5, 76, 6, 98, 77, 7, 16, 54, 84, 62, 81, 81, 73, 84, 22, 48, 96, 65, 76, 27, 87, 85, 79, 47, 93, 11, 85, 42, 10, 59, 60, 35, 90, 98, 27, 30, 30, 31, 33, 45, 96, 47, 1, 30, 97, 76, 20, 1] 2763.163159247454 3610892.868645
CLO: [15, 56, 4, 98, 19, 35, 13, 4, 2, 44, 98, 38, 54, 9, 52, 3, 5, 77, 75, 61, 98, 43, 100, 39, 59, 52, 65, 13, 89, 95, 61, 68, 57, 9, 27, 75, 18, 79, 72, 75, 19, 48, 66, 72, 34, 100, 23, 21, 39, 62, 23, 91, 64, 51, 81, 31, 19, 82, 53, 60, 31, 67, 80, 76, 59, 16, 28, 70, 20, 32, 85, 78, 86, 54, 90, 34, 15, 79, 36, 40, 60, 40, 97, 5, 85, 27, 87, 32, 5, 5, 47, 57, 80, 72, 65, 66, 43, 59, 79, 72, 39, 51, 1, 83, 72, 15, 13, 67, 81, 12, 25, 27, 44, 18, 20, 8, 27, 66, 33, 55, 80, 36, 28, 48, 68, 60, 43, 94, 81, 52, 65, 49, 15, 100, 6, 27, 96, 50, 85, 76, 100, 40, 61, 17, 36, 91, 57, 35, 43, 49, 95, 87, 36, 100, 32, 80, 87, 13, 76, 52, 98, 62, 63, 48, 28, 62, 18, 35, 46, 27, 12, 72, 83, 62, 12, 18, 59, 15, 80, 39, 57, 4, 49, 30, 85, 71, 50, 42, 44, 93, 78, 13, 64, 10, 88, 81, 47, 19, 66, 93] 3028.7351233626623 3600041.305903
-- 
Instance 5
seed: 1464149162494
--
