Number of instances: 10
Game: Normal Form Game
Players: 100
Actions: 150
Metaheuristics time: 600
-- 
Instance 0
seed: 1463994766863
--
SHC: [123, 135, 124, 2, 44, 102, 75, 131, 59, 76, 43, 36, 95, 89, 27, 125, 28, 79, 6, 140, 97, 60, 49, 62, 118, 6, 99, 42, 130, 68, 106, 18, 1, 150, 108, 91, 56, 113, 45, 59, 48, 114, 139, 53, 119, 99, 120, 91, 55, 1, 63, 141, 62, 110, 3, 128, 26, 96, 127, 91, 125, 56, 135, 4, 77, 138, 134, 100, 26, 93, 50, 73, 137, 79, 136, 57, 48, 24, 121, 6, 148, 137, 149, 21, 1, 23, 19, 96, 16, 83, 41, 32, 95, 93, 118, 7, 87, 142, 54, 6] 2304.445674609552 600047.948403
SA: [10, 111, 140, 42, 95, 25, 46, 28, 91, 59, 36, 145, 134, 128, 91, 31, 76, 9, 128, 62, 39, 78, 46, 110, 137, 141, 84, 143, 50, 137, 69, 111, 106, 56, 114, 104, 3, 130, 137, 39, 3, 60, 140, 79, 22, 126, 99, 66, 145, 17, 7, 85, 15, 108, 18, 57, 125, 51, 80, 40, 3, 22, 149, 69, 33, 130, 121, 27, 98, 30, 38, 8, 33, 32, 35, 111, 97, 125, 99, 67, 49, 87, 73, 29, 78, 50, 78, 122, 47, 77, 11, 47, 83, 41, 67, 46, 41, 85, 112, 120] 1834.3221519215292 603195.428788
CLO: [100, 31, 83, 97, 103, 102, 125, 4, 137, 92, 72, 38, 86, 8, 21, 120, 8, 76, 55, 133, 113, 45, 110, 33, 28, 64, 137, 63, 122, 119, 143, 104, 3, 6, 139, 96, 15, 132, 27, 68, 45, 59, 38, 90, 85, 79, 55, 105, 39, 150, 92, 35, 106, 47, 33, 67, 131, 117, 126, 58, 37, 66, 100, 106, 53, 114, 121, 76, 24, 33, 5, 111, 4, 34, 83, 101, 56, 4, 122, 28, 112, 133, 85, 141, 65, 80, 86, 23, 74, 26, 70, 51, 95, 50, 21, 44, 12, 87, 4, 77] 2195.492711031593 600020.098256
-- 
Instance 1
seed: 1463996603139
--
SHC: [18, 29, 3, 78, 105, 142, 54, 8, 7, 23, 81, 97, 106, 52, 133, 71, 12, 114, 21, 138, 115, 138, 88, 57, 20, 59, 38, 68, 79, 23, 130, 14, 78, 74, 30, 6, 28, 45, 95, 66, 67, 141, 140, 150, 4, 62, 10, 9, 116, 139, 43, 106, 143, 67, 136, 78, 55, 33, 16, 119, 89, 42, 1, 24, 102, 57, 112, 107, 125, 141, 53, 80, 58, 45, 64, 10, 128, 51, 149, 75, 129, 46, 139, 41, 110, 121, 112, 110, 116, 3, 42, 124, 110, 58, 70, 89, 92, 132, 73, 150] 2323.681326762519 600047.77623
SA: [1, 70, 55, 70, 11, 30, 91, 96, 117, 62, 141, 69, 103, 137, 145, 81, 77, 97, 126, 58, 91, 97, 133, 123, 85, 61, 16, 135, 31, 74, 102, 126, 132, 112, 21, 62, 98, 93, 35, 97, 46, 125, 117, 88, 65, 111, 108, 95, 125, 14, 86, 45, 40, 112, 36, 68, 24, 104, 146, 40, 71, 95, 111, 103, 59, 67, 19, 42, 142, 77, 137, 75, 97, 86, 56, 48, 38, 127, 110, 20, 141, 16, 95, 96, 16, 11, 72, 80, 102, 29, 52, 36, 53, 48, 79, 144, 89, 64, 43, 69] 1801.825535459277 603648.355829
CLO: [108, 88, 136, 31, 48, 117, 46, 52, 136, 66, 42, 123, 103, 68, 13, 63, 95, 29, 20, 132, 48, 57, 4, 31, 128, 88, 80, 5, 15, 126, 49, 50, 49, 75, 104, 75, 55, 130, 148, 48, 115, 144, 18, 106, 25, 16, 136, 17, 43, 49, 83, 136, 10, 16, 108, 60, 125, 29, 147, 147, 84, 60, 74, 85, 100, 47, 72, 143, 11, 4, 127, 42, 101, 132, 51, 76, 4, 63, 96, 67, 61, 11, 140, 2, 99, 126, 71, 40, 136, 58, 105, 102, 20, 72, 122, 59, 103, 60, 22, 62] 2172.0270868499592 600028.548007
-- 
Instance 2
seed: 1463998436182
--
SHC: [27, 76, 15, 114, 13, 105, 37, 101, 54, 20, 97, 79, 140, 61, 133, 116, 89, 124, 83, 112, 134, 123, 43, 48, 93, 58, 61, 18, 72, 150, 134, 54, 89, 125, 142, 7, 27, 125, 81, 56, 15, 149, 96, 48, 140, 7, 150, 122, 146, 10, 73, 9, 150, 106, 75, 27, 54, 63, 70, 110, 133, 88, 59, 127, 29, 97, 22, 60, 54, 111, 71, 30, 97, 111, 37, 4, 106, 105, 90, 50, 59, 72, 137, 107, 11, 41, 23, 139, 80, 1, 52, 143, 69, 117, 148, 65, 74, 91, 95, 55] 2010.066015049425 600021.259258
SA: [136, 52, 150, 60, 2, 74, 132, 7, 39, 23, 60, 80, 61, 50, 145, 96, 78, 83, 104, 58, 61, 147, 86, 86, 104, 37, 42, 46, 142, 28, 85, 20, 148, 112, 112, 127, 149, 11, 36, 109, 62, 8, 15, 107, 134, 141, 110, 133, 132, 11, 13, 71, 117, 64, 12, 120, 94, 88, 130, 59, 52, 13, 25, 47, 26, 17, 140, 101, 15, 134, 115, 87, 59, 26, 71, 62, 11, 77, 45, 99, 10, 135, 75, 112, 118, 75, 50, 50, 79, 143, 45, 55, 82, 92, 86, 51, 39, 15, 17, 98] 1853.6454613125886 600335.415822
CLO: [97, 60, 37, 9, 15, 111, 55, 114, 19, 87, 140, 105, 28, 124, 11, 20, 128, 39, 19, 27, 101, 41, 149, 82, 128, 143, 81, 144, 70, 76, 82, 5, 91, 12, 82, 9, 11, 65, 51, 83, 82, 55, 75, 6, 25, 98, 146, 146, 27, 54, 38, 15, 100, 32, 120, 2, 143, 7, 4, 39, 137, 103, 71, 22, 10, 67, 138, 4, 59, 73, 147, 81, 91, 44, 93, 59, 110, 50, 46, 41, 29, 92, 133, 15, 106, 133, 60, 118, 149, 123, 150, 120, 73, 124, 65, 62, 80, 121, 96, 11] 1983.5336825598606 600018.95421
-- 
Instance 3
seed: 1464000261204
--
SHC: [21, 95, 130, 86, 69, 82, 149, 49, 98, 28, 30, 150, 141, 14, 12, 66, 14, 9, 68, 41, 98, 58, 131, 81, 45, 113, 8, 107, 15, 43, 31, 98, 46, 75, 31, 144, 85, 29, 28, 84, 12, 36, 14, 7, 128, 44, 45, 57, 1, 44, 84, 109, 97, 55, 32, 26, 25, 34, 79, 76, 53, 72, 20, 149, 53, 120, 89, 71, 53, 87, 59, 37, 21, 30, 20, 106, 101, 68, 81, 96, 39, 141, 104, 142, 121, 86, 3, 84, 102, 72, 148, 134, 150, 35, 83, 37, 71, 117, 88, 142] 2343.6151784218373 600004.419744
SA: [7, 82, 133, 79, 122, 110, 28, 119, 146, 22, 141, 36, 77, 61, 24, 77, 142, 59, 111, 90, 71, 16, 39, 147, 48, 9, 86, 18, 115, 137, 146, 56, 115, 35, 140, 89, 72, 117, 11, 1, 80, 81, 25, 40, 143, 66, 148, 119, 141, 17, 72, 8, 145, 3, 96, 130, 42, 108, 72, 35, 58, 102, 101, 47, 107, 74, 34, 39, 51, 2, 20, 9, 63, 12, 113, 136, 141, 21, 104, 102, 118, 114, 42, 60, 39, 53, 44, 12, 78, 84, 52, 32, 77, 47, 19, 50, 96, 60, 145, 131] 1982.2879273009794 604324.780498
CLO: [106, 115, 71, 66, 75, 78, 127, 96, 15, 65, 127, 53, 96, 58, 33, 26, 30, 122, 90, 37, 106, 76, 51, 97, 69, 108, 16, 36, 39, 9, 132, 140, 147, 8, 39, 50, 121, 141, 132, 52, 18, 46, 113, 146, 106, 139, 91, 148, 71, 66, 75, 106, 49, 51, 110, 35, 122, 149, 62, 90, 125, 137, 11, 18, 59, 150, 34, 131, 79, 96, 62, 99, 76, 33, 36, 75, 74, 82, 102, 66, 110, 111, 133, 22, 29, 127, 104, 85, 14, 144, 53, 129, 122, 73, 54, 47, 26, 70, 116, 136] 1864.925818941131 600016.698123
-- 
Instance 4
seed: 1464002092071
--
SHC: [111, 104, 12, 99, 143, 144, 134, 64, 124, 38, 60, 123, 100, 89, 99, 58, 66, 133, 65, 107, 120, 66, 99, 50, 46, 136, 3, 122, 73, 17, 82, 124, 75, 147, 52, 144, 126, 28, 149, 16, 87, 80, 109, 9, 105, 83, 82, 48, 20, 19, 117, 85, 107, 22, 100, 6, 28, 134, 128, 63, 41, 48, 126, 104, 6, 143, 8, 66, 15, 133, 138, 97, 52, 12, 26, 4, 134, 30, 103, 124, 146, 8, 101, 11, 24, 100, 104, 129, 127, 55, 84, 88, 23, 83, 15, 16, 33, 39, 100, 21] 2084.0842882995557 600033.986976
SA: [115, 149, 146, 18, 29, 58, 146, 88, 21, 137, 112, 40, 4, 12, 119, 131, 131, 134, 3, 150, 42, 26, 56, 13, 128, 17, 119, 102, 127, 141, 24, 93, 49, 136, 124, 24, 73, 102, 75, 94, 107, 14, 67, 11, 5, 59, 4, 42, 142, 74, 36, 133, 115, 97, 29, 116, 117, 97, 37, 80, 121, 132, 124, 146, 123, 54, 77, 112, 63, 150, 142, 64, 15, 56, 19, 11, 118, 93, 89, 54, 5, 111, 150, 93, 51, 110, 80, 15, 17, 46, 76, 29, 145, 12, 72, 3, 149, 60, 90, 10] 1975.883976289604 602614.770394
CLO: [140, 148, 95, 144, 31, 126, 25, 78, 109, 101, 20, 50, 52, 113, 65, 82, 139, 126, 147, 63, 87, 31, 105, 65, 77, 51, 142, 10, 79, 29, 26, 26, 118, 145, 98, 127, 54, 73, 87, 10, 120, 145, 59, 71, 12, 114, 75, 31, 56, 59, 36, 120, 41, 1, 130, 67, 53, 131, 41, 41, 115, 98, 41, 17, 76, 7, 135, 12, 98, 109, 27, 134, 88, 101, 31, 89, 14, 64, 38, 38, 31, 135, 87, 60, 86, 67, 138, 29, 100, 17, 51, 140, 75, 28, 56, 141, 136, 115, 12, 52] 2469.351124520922 600007.340324
-- 
Instance 5
seed: 1464003911265
--
SHC: [116, 67, 77, 78, 56, 149, 146, 114, 66, 84, 28, 140, 73, 72, 26, 113, 108, 98, 18, 148, 84, 141, 128, 31, 119, 130, 147, 31, 107, 27, 72, 112, 144, 116, 73, 84, 41, 85, 145, 128, 124, 21, 150, 93, 14, 132, 119, 94, 123, 119, 87, 52, 94, 92, 100, 134, 107, 135, 29, 57, 53, 54, 121, 59, 27, 96, 6, 34, 17, 143, 17, 132, 104, 87, 32, 136, 120, 75, 23, 68, 122, 113, 36, 107, 29, 5, 77, 1, 77, 126, 82, 26, 42, 49, 84, 104, 57, 22, 39, 97] 2286.3821515530863 600037.977492
SA: [31, 91, 73, 40, 25, 89, 82, 1, 11, 69, 68, 46, 120, 82, 66, 22, 94, 51, 116, 75, 111, 136, 103, 81, 51, 27, 50, 66, 97, 104, 81, 84, 39, 119, 126, 63, 37, 89, 64, 39, 94, 121, 6, 24, 132, 80, 70, 78, 25, 121, 94, 109, 109, 147, 57, 107, 48, 4, 147, 39, 13, 15, 120, 48, 147, 9, 96, 53, 131, 102, 8, 96, 94, 32, 12, 44, 97, 106, 13, 33, 112, 15, 63, 29, 118, 86, 80, 3, 92, 3, 67, 26, 45, 101, 81, 29, 14, 77, 103, 50] 1872.831988829401 602034.335703
CLO: [117, 40, 120, 140, 124, 3, 65, 46, 116, 104, 147, 120, 140, 138, 80, 42, 58, 40, 129, 110, 137, 135, 66, 77, 54, 92, 90, 93, 54, 58, 45, 91, 24, 51, 4, 59, 51, 4, 72, 11, 26, 4, 1, 42, 98, 57, 87, 70, 77, 64, 114, 54, 6, 11, 15, 64, 43, 121, 70, 98, 4, 33, 111, 52, 64, 105, 121, 17, 147, 142, 55, 119, 130, 36, 78, 36, 34, 21, 69, 130, 3, 94, 105, 96, 147, 134, 26, 142, 135, 111, 149, 110, 124, 54, 128, 118, 67, 101, 102, 25] 2115.654535807998 600004.370914
-- 
Instance 6
seed: 1464005730739
--
SHC: [106, 10, 42, 115, 85, 94, 85, 66, 19, 150, 32, 94, 39, 65, 92, 57, 79, 66, 17, 134, 39, 129, 97, 46, 107, 67, 110, 11, 149, 93, 137, 43, 116, 6, 107, 40, 76, 122, 10, 122, 145, 14, 63, 24, 139, 60, 30, 73, 136, 98, 65, 144, 145, 109, 48, 38, 90, 91, 107, 75, 122, 128, 66, 104, 77, 56, 26, 20, 46, 54, 92, 145, 20, 82, 88, 45, 15, 33, 40, 14, 148, 78, 4, 100, 43, 66, 144, 92, 49, 107, 60, 31, 112, 132, 81, 130, 35, 24, 1, 148] 2175.12784763906 600017.310906
SA: [69, 102, 119, 137, 29, 116, 105, 138, 63, 43, 134, 30, 103, 126, 141, 113, 114, 56, 76, 70, 121, 103, 144, 119, 106, 26, 108, 120, 108, 54, 4, 143, 89, 88, 145, 131, 139, 120, 37, 80, 90, 91, 66, 84, 79, 138, 75, 127, 26, 103, 137, 146, 20, 66, 14, 10, 114, 70, 127, 17, 86, 92, 79, 24, 125, 42, 131, 133, 62, 103, 117, 44, 144, 102, 10, 1, 117, 76, 46, 29, 148, 16, 1, 52, 82, 49, 57, 84, 92, 96, 39, 104, 95, 24, 142, 3, 69, 104, 107, 9] 1922.7212069832162 601695.878726
CLO: [49, 44, 122, 46, 64, 111, 91, 141, 37, 144, 41, 74, 74, 36, 76, 87, 134, 133, 111, 140, 60, 115, 11, 11, 73, 2, 39, 27, 32, 144, 45, 16, 111, 39, 125, 44, 89, 125, 109, 69, 103, 121, 103, 125, 47, 121, 52, 6, 24, 86, 130, 114, 14, 96, 76, 79, 4, 79, 49, 102, 58, 1, 93, 22, 103, 11, 126, 66, 40, 71, 59, 15, 144, 49, 139, 49, 79, 121, 101, 58, 138, 128, 25, 120, 144, 71, 31, 124, 45, 66, 150, 150, 10, 140, 125, 29, 123, 74, 19, 64] 2265.051748068301 600039.387653
-- 
Instance 7
seed: 1464007548270
--
SHC: [16, 117, 120, 111, 133, 65, 121, 77, 109, 52, 144, 66, 37, 140, 97, 43, 105, 51, 59, 120, 45, 124, 132, 121, 136, 35, 69, 135, 119, 15, 18, 81, 137, 41, 99, 132, 148, 96, 52, 47, 116, 96, 60, 58, 2, 115, 101, 15, 95, 147, 125, 79, 55, 81, 130, 21, 58, 6, 111, 138, 108, 133, 108, 94, 21, 97, 67, 124, 148, 62, 67, 18, 59, 43, 2, 39, 29, 133, 86, 87, 84, 121, 55, 70, 80, 95, 73, 118, 50, 6, 17, 20, 60, 37, 147, 71, 32, 103, 56, 75] 2190.789836055074 600022.666956
SA: [48, 106, 140, 124, 150, 131, 125, 79, 67, 68, 21, 86, 63, 38, 94, 31, 79, 92, 83, 67, 131, 93, 101, 138, 3, 17, 67, 115, 7, 87, 3, 85, 117, 148, 99, 73, 44, 88, 142, 24, 66, 21, 142, 96, 44, 133, 50, 114, 97, 121, 24, 62, 112, 24, 29, 12, 51, 134, 113, 54, 107, 44, 134, 33, 123, 42, 27, 121, 137, 147, 14, 94, 150, 85, 67, 112, 25, 125, 40, 97, 79, 68, 127, 29, 1, 120, 131, 104, 36, 146, 20, 44, 119, 96, 31, 81, 119, 65, 107, 39] 1957.7989241188966 600436.944155
CLO: [74, 92, 145, 148, 106, 34, 77, 108, 100, 80, 94, 77, 125, 23, 23, 63, 20, 14, 101, 97, 135, 80, 56, 22, 68, 55, 83, 140, 66, 93, 125, 116, 124, 141, 26, 117, 73, 91, 4, 139, 84, 107, 59, 147, 5, 86, 57, 44, 96, 15, 51, 21, 76, 129, 90, 50, 41, 13, 29, 20, 141, 96, 52, 13, 7, 7, 113, 115, 5, 64, 68, 108, 105, 48, 122, 61, 131, 35, 11, 125, 82, 109, 53, 88, 64, 149, 134, 52, 150, 126, 78, 89, 35, 8, 86, 112, 100, 110, 82, 43] 2177.4339701663444 600023.010637
-- 
Instance 8
seed: 1464009364806
--
SHC: [138, 99, 58, 16, 2, 64, 13, 25, 41, 12, 128, 78, 79, 129, 63, 49, 19, 112, 114, 122, 114, 59, 116, 116, 147, 135, 37, 84, 136, 109, 18, 129, 71, 123, 42, 57, 70, 39, 85, 111, 7, 96, 17, 3, 112, 149, 102, 85, 68, 87, 19, 91, 55, 58, 134, 135, 55, 135, 93, 97, 34, 29, 119, 74, 82, 18, 62, 76, 125, 120, 6, 89, 5, 33, 102, 130, 67, 104, 46, 140, 37, 29, 67, 15, 111, 31, 34, 9, 123, 80, 5, 91, 39, 89, 88, 129, 74, 106, 129, 38] 2268.203750975307 600008.528094
SA: [144, 82, 124, 65, 109, 138, 95, 7, 80, 9, 146, 94, 131, 52, 124, 4, 122, 128, 91, 21, 81, 68, 104, 91, 37, 32, 30, 88, 128, 99, 95, 4, 67, 60, 51, 47, 133, 111, 4, 136, 57, 40, 79, 73, 4, 92, 33, 141, 128, 26, 16, 19, 130, 38, 11, 28, 108, 144, 81, 78, 95, 11, 120, 61, 136, 73, 14, 22, 81, 84, 72, 20, 48, 47, 136, 147, 149, 88, 76, 97, 49, 72, 127, 25, 116, 127, 39, 77, 32, 106, 126, 39, 70, 83, 101, 124, 28, 60, 14, 38] 1924.254717215316 600119.099638
CLO: [15, 3, 145, 59, 57, 38, 134, 60, 42, 61, 92, 52, 49, 92, 82, 132, 141, 16, 58, 77, 33, 82, 148, 72, 77, 68, 150, 60, 132, 12, 21, 118, 112, 58, 145, 74, 134, 106, 11, 116, 81, 109, 70, 8, 15, 13, 37, 72, 68, 53, 139, 118, 80, 141, 94, 13, 37, 92, 71, 86, 39, 122, 78, 63, 27, 52, 64, 112, 79, 11, 44, 86, 6, 39, 75, 50, 13, 36, 130, 12, 39, 105, 103, 116, 124, 110, 62, 88, 98, 149, 83, 93, 131, 54, 37, 147, 50, 19, 44, 65] 2004.0159665860508 600012.145963
-- 
Instance 9
seed: 1464011179795
--
SHC: [25, 136, 63, 39, 120, 92, 129, 120, 50, 15, 74, 141, 87, 134, 99, 50, 84, 124, 16, 21, 96, 99, 12, 63, 46, 72, 119, 135, 41, 134, 37, 148, 107, 82, 134, 27, 48, 35, 40, 132, 93, 17, 92, 3, 34, 23, 46, 88, 42, 51, 141, 119, 92, 142, 106, 4, 134, 137, 88, 40, 86, 67, 14, 52, 99, 141, 132, 137, 31, 100, 130, 79, 139, 56, 92, 100, 33, 107, 133, 60, 68, 114, 7, 105, 111, 125, 6, 114, 58, 59, 121, 126, 81, 54, 73, 105, 33, 1, 29, 108] 2097.4985787556434 600004.665277
SA: [7, 125, 48, 31, 39, 114, 98, 136, 106, 124, 16, 54, 42, 11, 50, 112, 6, 78, 90, 8, 95, 122, 16, 68, 13, 109, 27, 110, 107, 109, 99, 59, 48, 61, 64, 141, 38, 109, 114, 59, 143, 96, 52, 102, 127, 138, 13, 29, 40, 97, 44, 79, 2, 141, 23, 95, 112, 125, 109, 84, 117, 36, 138, 93, 86, 25, 21, 104, 34, 141, 127, 148, 61, 136, 74, 95, 63, 91, 120, 134, 133, 66, 146, 76, 93, 41, 71, 36, 116, 13, 132, 26, 102, 103, 67, 55, 75, 9, 112, 95] 1914.10848408133 600675.107529
CLO: [43, 35, 121, 91, 22, 135, 48, 35, 127, 17, 83, 77, 117, 107, 18, 4, 40, 28, 99, 71, 54, 137, 77, 39, 61, 20, 48, 8, 96, 97, 140, 142, 96, 48, 133, 137, 52, 19, 116, 89, 94, 149, 123, 126, 95, 129, 40, 122, 78, 92, 10, 115, 16, 63, 71, 72, 95, 107, 9, 69, 84, 32, 63, 138, 74, 96, 105, 143, 95, 108, 15, 76, 18, 107, 97, 100, 27, 37, 16, 108, 32, 133, 131, 29, 26, 11, 74, 95, 11, 124, 52, 136, 48, 116, 129, 36, 146, 60, 80, 130] 2262.1782549007453 600016.960634
-- Summary -- 
*SHC*
Found PNE: 0/10
Approx Average: 2208.389464812106
*SA*
Found PNE: 0/10
Approx Average: 1903.968037351214
*CLO*
Found PNE: 0/10
Approx Average: 2150.9664899432905
