Number of instances: 10
Game: Normal Form Game
Players: 100
Actions: 200
Metaheuristics time: 600
-- 
Instance 0
seed: 1463994766861
--
SHC: [171, 106, 126, 20, 55, 41, 79, 185, 49, 16, 141, 33, 90, 88, 118, 121, 9, 124, 174, 165, 197, 157, 98, 110, 108, 54, 155, 88, 171, 78, 47, 39, 196, 145, 33, 110, 18, 154, 56, 51, 156, 85, 134, 10, 192, 186, 47, 5, 73, 30, 33, 29, 179, 163, 66, 95, 99, 65, 149, 22, 164, 158, 7, 120, 68, 98, 14, 16, 189, 49, 96, 80, 111, 77, 65, 121, 82, 87, 183, 137, 66, 40, 40, 55, 29, 39, 147, 5, 140, 99, 168, 75, 120, 181, 144, 172, 79, 168, 192, 191] 2771.229093776945 600006.758658
SA: [134, 162, 125, 108, 195, 142, 125, 190, 111, 61, 88, 96, 116, 93, 18, 125, 103, 24, 115, 143, 199, 135, 9, 169, 46, 5, 14, 96, 133, 91, 12, 60, 121, 108, 161, 122, 155, 62, 116, 183, 139, 47, 79, 121, 113, 155, 104, 81, 51, 139, 4, 1, 106, 19, 163, 47, 99, 92, 132, 183, 96, 67, 129, 29, 99, 57, 112, 135, 1, 152, 47, 183, 139, 67, 122, 198, 180, 198, 192, 95, 22, 183, 146, 40, 3, 136, 96, 25, 74, 199, 34, 184, 64, 4, 173, 28, 52, 139, 87, 152] 1967.154796563867 605440.517051
CLO: [94, 181, 119, 121, 157, 183, 111, 192, 54, 157, 7, 153, 20, 127, 28, 193, 70, 30, 200, 3, 88, 34, 165, 107, 198, 30, 55, 170, 88, 126, 31, 197, 83, 147, 176, 85, 149, 32, 164, 8, 99, 99, 53, 48, 100, 73, 73, 119, 19, 168, 139, 182, 114, 167, 155, 181, 70, 75, 66, 124, 79, 6, 108, 136, 133, 73, 19, 194, 133, 194, 161, 33, 114, 193, 1, 55, 25, 69, 147, 81, 175, 52, 59, 112, 158, 135, 108, 149, 61, 155, 46, 178, 198, 60, 144, 99, 9, 140, 4, 155] 2134.922178341003 600005.424022
-- 
Instance 1
seed: 1463996619109
--
SHC: [31, 17, 199, 106, 25, 172, 198, 72, 50, 50, 42, 157, 162, 124, 106, 125, 24, 95, 112, 135, 149, 198, 171, 127, 115, 59, 198, 94, 111, 168, 134, 176, 55, 73, 49, 72, 10, 48, 65, 7, 101, 91, 87, 63, 135, 158, 101, 132, 65, 57, 148, 57, 129, 79, 44, 108, 113, 42, 170, 51, 128, 53, 91, 21, 42, 72, 55, 91, 139, 26, 105, 104, 191, 150, 67, 106, 148, 68, 110, 44, 137, 194, 136, 73, 128, 106, 188, 79, 166, 157, 30, 38, 36, 68, 129, 139, 182, 47, 167, 142] 2360.4196542857803 600013.409237
SA: [117, 63, 156, 174, 83, 53, 168, 94, 7, 13, 184, 189, 144, 171, 154, 52, 4, 95, 21, 174, 94, 91, 177, 191, 197, 87, 102, 170, 48, 11, 24, 35, 66, 13, 20, 114, 181, 183, 175, 193, 146, 136, 166, 49, 180, 179, 28, 25, 80, 167, 161, 149, 121, 90, 28, 184, 68, 167, 167, 198, 136, 59, 187, 196, 178, 116, 154, 142, 32, 23, 169, 42, 151, 62, 104, 172, 137, 200, 83, 30, 120, 13, 129, 117, 47, 113, 17, 12, 112, 122, 114, 49, 50, 43, 57, 68, 98, 39, 147, 120] 1909.9010559921524 604901.723566
CLO: [200, 186, 36, 72, 90, 94, 33, 151, 52, 120, 194, 87, 182, 125, 26, 117, 59, 98, 22, 22, 78, 134, 92, 22, 77, 38, 95, 41, 2, 19, 157, 126, 81, 153, 80, 48, 154, 14, 172, 90, 88, 117, 15, 44, 140, 55, 3, 11, 144, 166, 89, 200, 105, 133, 126, 145, 78, 166, 158, 7, 83, 65, 111, 146, 130, 78, 188, 122, 177, 120, 134, 86, 78, 190, 106, 64, 31, 167, 76, 77, 31, 82, 188, 32, 19, 41, 32, 179, 106, 108, 126, 107, 122, 144, 95, 174, 144, 6, 9, 148] 2583.5403072144395 600005.030145
-- 
Instance 2
seed: 1463998467431
--
SHC: [35, 136, 47, 22, 30, 123, 158, 182, 171, 45, 176, 183, 113, 57, 81, 105, 155, 61, 88, 144, 165, 45, 200, 179, 103, 110, 180, 72, 186, 132, 180, 53, 79, 128, 130, 86, 87, 97, 179, 19, 77, 117, 194, 5, 184, 45, 91, 163, 4, 155, 150, 148, 24, 16, 9, 168, 67, 38, 159, 56, 168, 143, 155, 166, 16, 1, 102, 65, 46, 78, 147, 193, 37, 148, 119, 140, 182, 165, 54, 11, 38, 52, 40, 53, 124, 117, 115, 95, 64, 71, 170, 26, 63, 98, 43, 19, 51, 63, 113, 109] 2370.294675997955 600021.15491
SA: [31, 158, 41, 113, 55, 84, 156, 177, 27, 172, 78, 20, 145, 39, 105, 129, 16, 42, 81, 150, 46, 108, 100, 123, 68, 167, 14, 189, 20, 31, 182, 159, 90, 12, 11, 100, 152, 180, 14, 5, 49, 119, 127, 153, 64, 48, 194, 2, 86, 100, 153, 8, 138, 4, 57, 87, 91, 55, 15, 110, 34, 171, 32, 115, 136, 102, 155, 18, 138, 8, 74, 60, 83, 30, 53, 18, 95, 98, 177, 164, 43, 135, 122, 41, 107, 102, 164, 83, 195, 156, 34, 163, 35, 196, 199, 103, 151, 137, 167, 131] 2177.12527868079 602485.528384
CLO: [115, 160, 8, 147, 42, 133, 108, 168, 53, 90, 127, 84, 195, 127, 106, 14, 134, 155, 94, 160, 177, 31, 27, 168, 117, 144, 47, 26, 144, 155, 176, 82, 26, 83, 60, 141, 157, 47, 33, 137, 73, 151, 182, 46, 58, 188, 44, 84, 2, 111, 165, 19, 103, 41, 116, 25, 33, 154, 109, 133, 56, 190, 75, 131, 49, 137, 43, 65, 155, 187, 105, 14, 42, 103, 183, 10, 56, 29, 54, 17, 169, 128, 98, 131, 153, 121, 56, 117, 76, 194, 62, 21, 105, 31, 15, 149, 100, 102, 3, 106] 2629.602643256537 600061.777169
-- 
Instance 3
seed: 1464000303246
--
SHC: [51, 188, 81, 180, 142, 159, 175, 116, 87, 36, 154, 38, 108, 103, 58, 22, 144, 136, 57, 156, 183, 57, 144, 110, 52, 95, 58, 25, 126, 107, 86, 78, 66, 50, 74, 165, 74, 16, 58, 33, 83, 110, 16, 168, 4, 196, 94, 140, 74, 56, 47, 187, 105, 9, 147, 200, 100, 176, 57, 75, 189, 188, 46, 92, 81, 16, 100, 183, 88, 107, 175, 172, 16, 76, 33, 63, 162, 40, 173, 199, 190, 138, 39, 45, 89, 181, 146, 66, 31, 17, 28, 178, 123, 144, 4, 64, 123, 181, 84, 119] 2282.9313372198776 600071.173547
SA: [156, 108, 180, 148, 136, 149, 138, 44, 83, 47, 173, 58, 147, 170, 18, 112, 168, 104, 195, 100, 147, 117, 123, 33, 4, 76, 150, 187, 20, 110, 81, 105, 41, 31, 172, 17, 141, 125, 79, 32, 146, 55, 7, 49, 99, 176, 2, 137, 191, 65, 80, 59, 70, 149, 123, 19, 168, 137, 160, 31, 165, 126, 191, 45, 107, 147, 47, 9, 129, 200, 117, 24, 94, 68, 192, 181, 32, 190, 130, 32, 57, 154, 111, 126, 86, 171, 185, 10, 179, 51, 147, 196, 113, 129, 73, 35, 20, 127, 9, 101] 2081.7175684014355 606019.443074
CLO: [55, 115, 51, 44, 159, 156, 149, 29, 101, 38, 165, 116, 149, 73, 109, 61, 144, 118, 69, 192, 145, 142, 49, 43, 63, 118, 91, 118, 136, 111, 64, 135, 86, 177, 66, 9, 176, 175, 154, 169, 96, 62, 87, 21, 20, 88, 151, 82, 171, 53, 41, 169, 199, 57, 61, 19, 177, 160, 113, 31, 189, 197, 192, 70, 54, 186, 81, 63, 159, 170, 72, 62, 38, 122, 174, 167, 149, 7, 114, 120, 157, 9, 144, 189, 107, 140, 14, 45, 128, 191, 175, 170, 166, 53, 3, 86, 147, 93, 149, 104] 2314.5355210461494 600038.375071
-- 
Instance 4
seed: 1464002142207
--
SHC: [165, 3, 155, 61, 175, 106, 168, 127, 130, 59, 70, 128, 172, 136, 100, 67, 181, 152, 40, 172, 84, 168, 123, 178, 31, 108, 54, 37, 70, 171, 99, 27, 132, 120, 163, 166, 20, 144, 90, 113, 194, 190, 40, 171, 9, 104, 114, 54, 72, 89, 13, 79, 46, 21, 101, 33, 175, 153, 154, 3, 191, 176, 89, 162, 60, 17, 181, 124, 128, 48, 112, 155, 11, 24, 70, 89, 71, 80, 8, 54, 13, 23, 175, 80, 157, 141, 64, 35, 146, 127, 4, 38, 84, 110, 25, 24, 39, 157, 124, 140] 2549.631486942545 600065.708538
SA: [144, 79, 7, 84, 197, 6, 106, 22, 84, 175, 15, 156, 15, 64, 53, 66, 21, 97, 142, 107, 150, 158, 93, 188, 196, 80, 21, 112, 44, 46, 33, 140, 188, 192, 66, 193, 187, 27, 48, 1, 93, 86, 142, 148, 182, 89, 31, 17, 180, 115, 144, 120, 175, 88, 21, 28, 88, 128, 46, 10, 18, 80, 171, 138, 97, 6, 141, 89, 48, 146, 9, 22, 67, 35, 123, 189, 133, 27, 160, 184, 40, 163, 58, 64, 131, 178, 104, 2, 106, 35, 1, 89, 34, 79, 164, 95, 165, 34, 153, 128] 1903.8048608100762 603162.06545
CLO: [90, 23, 199, 92, 87, 162, 71, 173, 154, 44, 20, 195, 78, 52, 2, 21, 197, 93, 159, 92, 49, 166, 14, 47, 156, 166, 47, 50, 157, 176, 118, 153, 128, 167, 167, 59, 152, 6, 115, 10, 83, 161, 194, 14, 50, 144, 109, 73, 68, 22, 198, 157, 158, 167, 127, 74, 121, 183, 139, 156, 167, 12, 101, 192, 83, 98, 181, 103, 189, 107, 166, 28, 87, 98, 37, 191, 176, 94, 172, 148, 10, 93, 148, 157, 161, 170, 56, 116, 82, 111, 162, 29, 93, 172, 120, 8, 33, 174, 7, 180] 2365.6451911126833 600032.043197
-- 
Instance 5
seed: 1464003977666
--
SHC: [151, 163, 19, 26, 133, 43, 153, 154, 166, 42, 117, 152, 183, 29, 106, 143, 22, 131, 95, 45, 70, 189, 63, 108, 143, 44, 148, 126, 49, 101, 148, 153, 29, 159, 56, 186, 32, 165, 147, 13, 117, 136, 143, 91, 78, 59, 63, 86, 95, 9, 53, 100, 199, 188, 99, 72, 3, 76, 130, 163, 25, 128, 194, 6, 62, 96, 83, 32, 156, 185, 105, 127, 140, 170, 62, 140, 100, 195, 68, 18, 156, 6, 105, 179, 43, 93, 152, 65, 137, 59, 136, 185, 177, 55, 139, 124, 196, 114, 157, 96] 2425.5609668852208 600005.633345
SA: [194, 74, 44, 111, 173, 161, 12, 135, 160, 50, 146, 192, 158, 113, 121, 3, 7, 123, 77, 93, 66, 138, 99, 29, 175, 14, 102, 167, 112, 115, 84, 16, 1, 143, 153, 59, 199, 115, 79, 36, 28, 108, 136, 7, 88, 83, 183, 28, 119, 162, 170, 53, 41, 74, 33, 32, 156, 144, 133, 170, 179, 5, 148, 119, 36, 133, 62, 142, 185, 142, 66, 3, 169, 42, 12, 61, 118, 189, 158, 117, 99, 187, 41, 73, 17, 48, 192, 169, 70, 90, 53, 178, 151, 127, 58, 45, 9, 74, 95, 141] 2036.7538504801964 604122.775637
CLO: [74, 108, 155, 16, 61, 175, 6, 108, 30, 169, 137, 158, 61, 29, 170, 82, 129, 14, 145, 82, 11, 64, 176, 159, 78, 102, 94, 45, 44, 80, 6, 199, 67, 125, 45, 36, 174, 31, 1, 63, 83, 154, 180, 174, 139, 11, 176, 89, 54, 22, 188, 103, 118, 10, 69, 94, 147, 131, 48, 71, 115, 36, 94, 139, 148, 199, 43, 110, 75, 51, 48, 188, 138, 113, 61, 120, 61, 179, 52, 193, 5, 200, 111, 11, 158, 56, 40, 19, 83, 25, 153, 62, 138, 47, 112, 19, 1, 199, 58, 66] 2494.114048355156 600043.087945
-- 
Instance 6
seed: 1464005822578
--
SHC: [111, 190, 94, 90, 167, 37, 60, 1, 87, 56, 11, 54, 99, 194, 39, 77, 71, 184, 135, 49, 76, 94, 49, 187, 182, 197, 162, 96, 170, 43, 86, 11, 181, 67, 114, 116, 120, 155, 133, 111, 29, 21, 106, 183, 88, 85, 116, 155, 154, 137, 118, 45, 115, 2, 158, 20, 60, 111, 149, 122, 16, 113, 63, 97, 131, 106, 1, 131, 138, 23, 27, 189, 17, 100, 36, 109, 195, 55, 31, 74, 65, 86, 139, 186, 186, 158, 19, 30, 59, 77, 100, 130, 108, 175, 4, 73, 111, 197, 104, 30] 2303.792837032519 600001.20503
SA: [191, 194, 132, 190, 63, 103, 38, 60, 55, 79, 30, 127, 67, 81, 88, 61, 45, 106, 25, 9, 141, 146, 76, 35, 94, 105, 84, 7, 71, 123, 78, 25, 149, 169, 101, 7, 198, 131, 9, 179, 163, 169, 128, 152, 99, 160, 84, 118, 110, 98, 56, 145, 154, 102, 59, 68, 29, 16, 192, 55, 143, 124, 185, 172, 188, 34, 3, 58, 52, 34, 150, 159, 6, 122, 107, 127, 96, 54, 183, 188, 4, 171, 6, 19, 62, 75, 97, 40, 99, 47, 45, 184, 72, 60, 22, 9, 4, 119, 152, 182] 2129.6084665833864 607474.667041
CLO: [187, 120, 155, 94, 134, 44, 7, 134, 125, 117, 106, 77, 141, 69, 136, 104, 75, 49, 85, 46, 38, 100, 1, 44, 95, 7, 70, 185, 175, 75, 191, 155, 179, 81, 22, 40, 46, 171, 82, 193, 108, 136, 196, 105, 142, 149, 44, 163, 131, 57, 109, 161, 49, 182, 169, 89, 92, 76, 130, 90, 20, 190, 73, 164, 46, 121, 4, 101, 111, 26, 60, 8, 66, 9, 143, 41, 44, 152, 61, 164, 189, 33, 163, 82, 30, 94, 159, 164, 153, 27, 10, 49, 1, 124, 45, 4, 159, 42, 64, 122] 2562.3600593055744 600015.76858
-- 
Instance 7
seed: 1464007669332
--
SHC: [25, 187, 167, 87, 183, 35, 28, 107, 80, 18, 125, 81, 119, 47, 161, 157, 24, 61, 101, 24, 59, 35, 90, 23, 41, 23, 19, 113, 117, 65, 17, 153, 141, 23, 100, 116, 66, 189, 128, 20, 175, 134, 195, 43, 108, 41, 199, 4, 54, 149, 176, 58, 20, 5, 99, 148, 104, 65, 152, 184, 57, 142, 78, 60, 145, 196, 34, 5, 127, 41, 100, 110, 92, 198, 134, 26, 42, 39, 185, 12, 53, 40, 173, 27, 74, 195, 37, 44, 133, 183, 69, 103, 110, 146, 138, 116, 113, 182, 172, 126] 2494.6356208317115 600013.880497
SA: [27, 136, 77, 188, 196, 184, 124, 85, 79, 148, 23, 139, 181, 141, 54, 181, 161, 55, 189, 75, 58, 96, 133, 167, 102, 82, 80, 195, 72, 155, 78, 86, 107, 125, 120, 57, 67, 56, 66, 184, 28, 94, 33, 72, 17, 45, 165, 147, 22, 77, 159, 28, 191, 33, 94, 14, 15, 83, 22, 4, 75, 18, 145, 147, 37, 168, 43, 96, 127, 72, 101, 167, 135, 76, 108, 95, 88, 153, 155, 129, 116, 167, 199, 98, 92, 150, 38, 72, 197, 83, 156, 169, 3, 11, 176, 188, 49, 45, 62, 189] 2083.1574770515294 605355.316474
CLO: [52, 83, 68, 197, 154, 148, 166, 158, 31, 45, 185, 26, 52, 28, 150, 198, 178, 165, 179, 75, 102, 29, 154, 35, 21, 178, 111, 155, 176, 83, 174, 1, 89, 128, 59, 183, 146, 169, 99, 128, 56, 36, 103, 62, 127, 37, 121, 61, 80, 168, 94, 96, 173, 158, 76, 114, 6, 146, 117, 181, 163, 183, 194, 197, 113, 32, 163, 182, 82, 179, 98, 164, 149, 179, 143, 147, 68, 8, 22, 197, 152, 5, 141, 49, 112, 142, 1, 96, 118, 12, 1, 76, 172, 15, 146, 47, 154, 63, 137, 65] 2290.671341726718 600006.542781
-- 
Instance 8
seed: 1464009509865
--
SHC: [57, 183, 94, 8, 140, 67, 25, 54, 86, 180, 50, 61, 92, 93, 111, 66, 151, 47, 159, 174, 63, 131, 114, 137, 175, 105, 94, 108, 1, 33, 55, 135, 63, 151, 193, 128, 11, 196, 173, 109, 60, 159, 30, 185, 166, 50, 31, 178, 140, 40, 11, 20, 76, 21, 184, 198, 63, 198, 120, 178, 27, 48, 30, 129, 71, 124, 194, 196, 115, 200, 97, 64, 106, 200, 116, 34, 125, 59, 50, 200, 162, 123, 61, 174, 196, 78, 6, 168, 48, 165, 126, 86, 197, 52, 171, 83, 62, 103, 163, 184] 2239.191576387881 600021.95283
SA: [22, 58, 142, 2, 12, 86, 33, 124, 55, 128, 144, 134, 108, 1, 37, 131, 172, 94, 36, 119, 98, 184, 41, 54, 15, 72, 31, 48, 11, 149, 129, 75, 157, 97, 114, 17, 149, 2, 19, 89, 142, 26, 115, 60, 186, 6, 45, 97, 151, 83, 19, 15, 127, 156, 105, 17, 52, 139, 144, 72, 64, 67, 142, 191, 2, 50, 177, 178, 82, 70, 25, 197, 103, 2, 47, 84, 104, 37, 127, 136, 34, 124, 184, 134, 196, 105, 199, 100, 190, 16, 125, 180, 130, 140, 44, 10, 4, 164, 154, 97] 2114.6671405083944 603032.397094
CLO: [75, 154, 30, 42, 76, 19, 169, 154, 49, 184, 54, 119, 84, 42, 137, 69, 178, 45, 19, 183, 45, 110, 40, 10, 172, 52, 111, 21, 185, 145, 21, 79, 110, 134, 62, 14, 149, 163, 170, 106, 83, 162, 144, 185, 88, 58, 26, 117, 46, 135, 20, 41, 132, 79, 162, 147, 46, 176, 101, 195, 178, 49, 129, 25, 153, 46, 118, 127, 103, 199, 1, 165, 34, 97, 15, 108, 171, 5, 29, 196, 4, 127, 31, 84, 63, 159, 187, 154, 150, 107, 113, 75, 156, 103, 194, 170, 112, 95, 121, 144] 2732.888947661254 600059.275536
-- 
Instance 9
seed: 1464011347706
--
SHC: [83, 181, 108, 81, 117, 16, 27, 29, 97, 145, 145, 3, 163, 164, 193, 48, 142, 152, 38, 16, 10, 55, 27, 111, 197, 102, 143, 138, 125, 4, 140, 196, 79, 96, 53, 45, 55, 131, 130, 68, 45, 100, 73, 76, 33, 90, 139, 133, 192, 140, 112, 114, 189, 84, 87, 112, 160, 179, 30, 30, 44, 174, 179, 7, 180, 85, 149, 180, 160, 28, 82, 88, 5, 27, 85, 11, 111, 48, 27, 121, 93, 188, 27, 145, 145, 11, 192, 55, 27, 87, 60, 88, 34, 18, 106, 114, 31, 82, 88, 108] 2293.2710351594465 600044.777761
SA: [55, 57, 171, 136, 171, 34, 151, 137, 59, 27, 89, 106, 183, 170, 35, 142, 42, 114, 77, 149, 86, 191, 36, 196, 135, 107, 51, 171, 198, 121, 145, 144, 53, 28, 181, 159, 19, 9, 171, 102, 164, 72, 37, 197, 199, 7, 33, 6, 152, 165, 71, 63, 166, 150, 53, 126, 106, 154, 39, 59, 116, 149, 18, 50, 77, 163, 79, 123, 143, 151, 88, 181, 184, 90, 198, 51, 157, 170, 63, 71, 108, 148, 148, 47, 71, 163, 197, 135, 170, 39, 193, 148, 72, 46, 4, 62, 153, 6, 61, 62] 2132.718410593132 604312.103493
CLO: [133, 195, 21, 87, 93, 150, 147, 148, 20, 68, 89, 21, 61, 124, 143, 43, 39, 27, 87, 96, 174, 167, 127, 6, 60, 161, 192, 69, 147, 123, 98, 100, 129, 65, 98, 137, 105, 13, 49, 43, 58, 154, 98, 68, 171, 66, 71, 37, 169, 123, 136, 144, 92, 124, 122, 123, 85, 109, 56, 108, 189, 124, 65, 116, 126, 140, 85, 18, 78, 16, 157, 7, 148, 174, 102, 172, 125, 158, 170, 99, 100, 113, 179, 195, 149, 55, 5, 110, 125, 40, 79, 53, 199, 187, 189, 139, 21, 70, 85, 78] 2273.659710292398 600034.528874
-- Summary -- 
*SHC*
Found PNE: 0/10
Approx Average: 2409.0958284519884
*SA*
Found PNE: 0/10
Approx Average: 2053.6608905664957
*CLO*
Found PNE: 0/10
Approx Average: 2438.193994831191
