Number of instances: 10
Game: Normal Form Game
Players: 50
Actions: 10
Metaheuristics time: 3600
-- 
Instance 0
seed: 1464094856402
--
SHC: [1, 7, 6, 10, 4, 1, 2, 8, 10, 6, 5, 3, 5, 1, 9, 10, 5, 1, 7, 7, 6, 8, 2, 10, 1, 6, 7, 3, 3, 4, 4, 5, 1, 9, 3, 4, 4, 4, 3, 5, 4, 1, 7, 7, 5, 9, 2, 3, 1, 7] 558.6661779998378 3600002.043705
SA: [10, 4, 4, 9, 7, 4, 7, 8, 5, 2, 2, 10, 5, 5, 10, 9, 2, 4, 7, 1, 10, 4, 5, 6, 4, 8, 7, 2, 10, 4, 1, 4, 9, 8, 8, 4, 6, 2, 7, 8, 9, 1, 3, 5, 3, 9, 9, 8, 8, 8] 460.8737152574929 3600010.805793
CLO: [9, 4, 8, 5, 6, 1, 2, 8, 4, 2, 2, 3, 9, 5, 1, 8, 7, 7, 5, 3, 6, 9, 5, 9, 10, 1, 4, 7, 9, 9, 7, 10, 8, 2, 1, 3, 2, 2, 2, 7, 7, 9, 3, 4, 8, 4, 4, 10, 8, 10] 394.6801815273275 3600000.055093
-- 
Instance 1
seed: 1464105766657
--
SHC: [8, 7, 9, 8, 4, 8, 6, 1, 10, 5, 4, 8, 10, 10, 1, 1, 10, 6, 8, 4, 6, 4, 2, 9, 2, 9, 6, 4, 7, 2, 3, 5, 8, 5, 3, 6, 1, 1, 10, 8, 8, 1, 9, 7, 2, 8, 4, 1, 8, 4] 560.0355438051214 3600000.112135
SA: [4, 7, 1, 4, 6, 7, 5, 9, 9, 7, 10, 6, 4, 5, 6, 2, 10, 10, 8, 1, 6, 3, 8, 6, 9, 10, 6, 4, 3, 7, 9, 2, 1, 1, 7, 3, 10, 6, 7, 8, 5, 5, 5, 7, 5, 4, 4, 2, 7, 1] 445.92307195549785 3600006.629675
CLO: [6, 5, 7, 2, 1, 3, 4, 8, 10, 3, 7, 9, 8, 3, 8, 8, 4, 9, 7, 1, 8, 2, 8, 1, 7, 8, 3, 3, 8, 4, 2, 4, 2, 7, 4, 9, 6, 6, 9, 2, 2, 8, 2, 5, 6, 8, 6, 3, 2, 6] 423.73848496274377 3600000.133743
-- 
Instance 2
seed: 1464116677094
--
SHC: [8, 3, 4, 4, 7, 8, 4, 8, 6, 8, 6, 1, 8, 6, 5, 7, 6, 3, 3, 7, 1, 3, 5, 3, 2, 6, 3, 9, 7, 3, 8, 4, 10, 9, 3, 1, 5, 8, 3, 4, 4, 1, 3, 1, 2, 5, 2, 6, 5, 7] 571.0388173351844 3600000.251542
SA: [1, 6, 3, 5, 9, 9, 9, 10, 8, 10, 7, 2, 2, 4, 5, 5, 7, 3, 5, 5, 9, 8, 2, 2, 7, 6, 5, 2, 3, 5, 5, 6, 1, 3, 5, 6, 4, 6, 5, 7, 4, 3, 8, 3, 5, 3, 3, 9, 1, 3] 444.17153302804354 3600016.505915
CLO: [4, 4, 3, 6, 10, 5, 7, 3, 4, 5, 4, 2, 9, 2, 1, 10, 4, 2, 8, 7, 4, 6, 8, 5, 4, 3, 1, 7, 7, 6, 5, 8, 6, 9, 6, 7, 8, 2, 2, 1, 4, 6, 6, 7, 3, 2, 9, 7, 6, 5] 389.12679183345927 3600000.052968
-- 
Instance 3
seed: 1464127584236
--
SHC: [9, 9, 7, 1, 7, 8, 7, 2, 5, 5, 10, 4, 1, 5, 2, 4, 1, 9, 2, 7, 9, 7, 1, 10, 2, 4, 4, 5, 3, 1, 8, 5, 7, 8, 1, 10, 4, 1, 1, 4, 3, 5, 1, 10, 5, 6, 7, 5, 8, 2] 524.0924747781497 3600000.267066
SA: [4, 6, 1, 2, 10, 1, 4, 9, 6, 7, 5, 5, 4, 6, 3, 5, 8, 7, 10, 1, 6, 1, 4, 1, 2, 7, 9, 5, 4, 5, 9, 10, 10, 2, 9, 9, 6, 6, 2, 3, 10, 8, 7, 2, 2, 2, 8, 8, 10, 8] 457.44195311304543 3600014.57358
CLO: [9, 8, 2, 8, 7, 8, 1, 10, 10, 8, 10, 1, 5, 2, 7, 5, 1, 9, 10, 1, 7, 9, 9, 5, 1, 3, 3, 7, 4, 8, 2, 2, 8, 2, 10, 1, 6, 4, 10, 9, 4, 5, 10, 2, 3, 7, 2, 2, 9, 4] 414.14815945844884 3600000.286981
-- 
Instance 4
seed: 1464138492021
--
SHC: [2, 5, 6, 5, 9, 9, 3, 4, 8, 9, 4, 1, 4, 10, 4, 7, 10, 10, 3, 1, 7, 10, 1, 7, 7, 10, 2, 9, 9, 9, 3, 7, 7, 5, 1, 2, 6, 2, 7, 3, 8, 7, 9, 10, 9, 7, 1, 3, 1, 3] 548.1806721206278 3600000.173018
SA: [5, 10, 1, 1, 4, 5, 9, 4, 8, 10, 2, 4, 6, 9, 4, 9, 2, 3, 10, 3, 4, 4, 6, 8, 2, 6, 5, 4, 1, 7, 4, 9, 2, 7, 1, 3, 9, 10, 8, 7, 3, 7, 8, 8, 1, 2, 3, 6, 4, 10] 447.9897574712462 3600017.966526
CLO: [4, 10, 10, 7, 10, 9, 5, 10, 6, 10, 9, 3, 3, 8, 3, 7, 8, 10, 6, 6, 5, 7, 2, 3, 3, 10, 2, 6, 8, 9, 1, 4, 10, 5, 10, 10, 9, 4, 1, 6, 7, 5, 5, 9, 7, 7, 10, 3, 1, 1] 402.24375582734405 3600000.056045
-- 
Instance 5
seed: 1464149398820
--
SHC: [10, 2, 10, 7, 5, 1, 4, 8, 1, 9, 7, 4, 8, 10, 10, 6, 10, 2, 7, 2, 6, 5, 9, 10, 9, 1, 10, 9, 5, 10, 3, 5, 8, 7, 7, 6, 3, 3, 4, 2, 9, 4, 9, 9, 8, 3, 8, 8, 3, 2] 583.2527308578257 3600000.024032
SA: [7, 8, 7, 3, 8, 9, 1, 3, 3, 1, 8, 1, 4, 3, 5, 5, 2, 5, 6, 8, 4, 1, 5, 10, 1, 3, 6, 10, 3, 9, 8, 10, 7, 9, 1, 2, 10, 2, 2, 4, 10, 4, 10, 6, 1, 10, 4, 9, 6, 4] 413.11381060769395 3600020.327001
CLO: [8, 9, 9, 4, 10, 1, 10, 2, 4, 7, 4, 2, 6, 2, 9, 1, 10, 3, 3, 10, 4, 9, 8, 6, 9, 1, 8, 10, 4, 3, 5, 2, 6, 4, 5, 4, 1, 2, 10, 2, 3, 10, 6, 1, 3, 8, 1, 8, 4, 9] 374.6019492611309 3600000.24777
-- 
Instance 6
seed: 1464160306275
--
SHC: [3, 6, 3, 5, 2, 3, 3, 3, 10, 4, 7, 3, 4, 4, 8, 5, 4, 4, 10, 2, 9, 2, 7, 10, 5, 2, 1, 6, 4, 5, 3, 5, 4, 7, 5, 2, 5, 9, 8, 8, 6, 6, 1, 10, 8, 1, 6, 3, 2, 4] 554.097117561404 3600000.181375
SA: [4, 10, 6, 10, 7, 5, 2, 7, 7, 3, 10, 6, 6, 8, 1, 3, 5, 8, 9, 5, 10, 6, 4, 9, 10, 7, 1, 7, 4, 2, 4, 4, 9, 8, 4, 3, 2, 2, 5, 5, 6, 7, 8, 7, 3, 10, 10, 1, 4, 8] 479.67889803574303 3600022.208813
CLO: [9, 4, 2, 8, 4, 9, 5, 10, 7, 2, 1, 7, 7, 8, 3, 2, 7, 7, 2, 1, 8, 3, 5, 3, 8, 8, 2, 9, 9, 10, 7, 6, 9, 8, 10, 2, 2, 1, 6, 7, 10, 2, 4, 9, 4, 8, 7, 8, 4, 7] 400.183660258148 3600000.164166
-- 
Instance 7
seed: 1464171213216
--
SHC: [5, 6, 8, 1, 3, 8, 10, 5, 2, 1, 1, 6, 7, 7, 6, 5, 6, 7, 6, 3, 8, 3, 9, 4, 5, 4, 7, 4, 8, 10, 8, 2, 6, 2, 8, 9, 5, 5, 3, 2, 1, 4, 3, 1, 4, 3, 2, 7, 9, 6] 585.4137414801161 3600000.054452
SA: [8, 9, 10, 9, 9, 8, 4, 2, 8, 8, 9, 8, 6, 9, 8, 9, 3, 2, 4, 5, 6, 5, 2, 7, 6, 10, 9, 1, 9, 8, 4, 9, 7, 1, 8, 7, 2, 2, 1, 2, 9, 8, 10, 7, 8, 4, 2, 5, 10, 9] 436.82264673911527 3600012.994914
CLO: [3, 6, 1, 4, 2, 7, 10, 9, 7, 3, 4, 1, 3, 9, 5, 8, 2, 7, 3, 8, 10, 1, 1, 2, 3, 3, 9, 7, 8, 4, 6, 9, 6, 6, 3, 4, 7, 5, 3, 10, 9, 7, 7, 3, 6, 2, 7, 1, 8, 7] 348.16796365066324 3600000.258493
-- 
Instance 8
seed: 1464182120016
--
SHC: [8, 5, 3, 9, 4, 9, 7, 8, 2, 7, 6, 2, 10, 1, 6, 9, 7, 6, 1, 8, 10, 3, 3, 5, 8, 9, 3, 3, 10, 7, 4, 1, 3, 8, 2, 2, 6, 4, 6, 6, 1, 9, 10, 2, 8, 1, 7, 2, 5, 5] 569.1160121834547 3600000.119325
SA: [1, 7, 8, 1, 1, 6, 2, 5, 4, 8, 5, 7, 5, 2, 2, 4, 10, 8, 7, 9, 10, 2, 3, 4, 4, 9, 6, 8, 9, 9, 8, 6, 5, 8, 5, 9, 3, 5, 9, 6, 4, 1, 8, 10, 4, 1, 10, 8, 1, 8] 479.6616218437523 3600007.559481
CLO: [10, 2, 3, 3, 9, 5, 2, 7, 2, 9, 4, 10, 3, 4, 3, 2, 9, 7, 5, 4, 8, 3, 6, 1, 5, 10, 7, 5, 5, 10, 10, 7, 2, 8, 4, 6, 1, 3, 2, 8, 1, 10, 10, 2, 10, 9, 1, 6, 7, 6] 407.7249921668524 3600000.141607
-- 
Instance 9
seed: 1464193029333
--
SHC: [4, 8, 4, 2, 7, 1, 6, 6, 4, 6, 3, 7, 1, 6, 2, 5, 10, 7, 1, 5, 5, 10, 4, 4, 4, 10, 2, 1, 5, 7, 3, 8, 8, 10, 1, 7, 5, 8, 7, 7, 7, 4, 5, 4, 6, 1, 6, 2, 5, 2] 506.1529793589526 3600000.126433
SA: [10, 5, 6, 2, 4, 8, 1, 5, 10, 10, 5, 6, 8, 6, 8, 9, 6, 9, 3, 7, 7, 3, 6, 10, 2, 9, 5, 5, 8, 3, 7, 8, 10, 6, 1, 5, 7, 6, 5, 4, 2, 7, 7, 6, 4, 8, 3, 10, 8, 4] 473.6960940069121 3600017.236673
CLO: [4, 1, 6, 4, 3, 7, 10, 1, 8, 7, 4, 8, 7, 1, 5, 2, 6, 4, 9, 5, 1, 7, 3, 9, 9, 4, 1, 1, 7, 6, 10, 8, 5, 9, 1, 3, 7, 4, 4, 4, 4, 4, 8, 7, 4, 10, 1, 4, 10, 4] 391.3818245992353 3600000.191364
-- Summary -- 
*SHC*
Found PNE: 0/10
Approx Average: 556.0046267480674
*SA*
Found PNE: 0/10
Approx Average: 453.9373102058542
*CLO*
Found PNE: 0/10
Approx Average: 394.5997763545353
