Number of instances: 10
Game: Normal Form Game
Players: 10
Actions: 1000
Metaheuristics time: 3600
-- 
Instance 0
seed: 1464094856437
--
SHC: [840, 415, 184, 21, 793, 820, 387, 464, 586, 956] 218.23964483037548 3600004.602893
SA: [965, 192, 506, 977, 791, 24, 529, 506, 817, 437] 317.8208867846795 3600098.355322
CLO: [12, 315, 467, 567, 486, 432, 462, 50, 677, 813] 217.5808819925582 3600002.158546
-- 
Instance 1
seed: 1464116723289
--
SHC: [417, 40, 155, 796, 406, 618, 112, 297, 233, 272] 232.2356720364428 3600001.55579
SA: [648, 679, 309, 908, 981, 474, 645, 677, 920, 448] 323.34096346472677 3600230.338278
CLO: [790, 708, 251, 154, 97, 881, 718, 566, 187, 698] 211.8803934929199 3600002.825913
-- 
Instance 2
seed: 1464138617037
--
SHC: [665, 957, 73, 29, 312, 38, 320, 454, 627, 272] 242.3295124812234 3600001.625474
SA: [185, 39, 513, 997, 265, 235, 577, 380, 956, 691] 304.5192412983346 3600106.010759
CLO: [983, 702, 173, 758, 545, 747, 341, 997, 189, 266] 223.01601429864323 3600000.525972
-- 
Instance 3
seed: 1464160577398
--
SHC: [76, 888, 438, 724, 98, 351, 733, 987, 307, 645] 249.8333994755999 3600002.864363
SA: [889, 196, 640, 815, 19, 723, 140, 502, 75, 432] 342.72866498460763 3600239.64283
CLO: [946, 930, 688, 843, 794, 933, 201, 241, 449, 871] 204.2418340027948 3600000.200204
-- 
Instance 4
seed: 1464182589772
--
SHC: [951, 517, 80, 593, 885, 192, 578, 495, 128, 994] 193.05509130426947 3600000.738428
SA: [838, 342, 14, 342, 259, 616, 710, 9, 652, 983] 321.5065079191643 3600237.502685
CLO: [987, 217, 92, 969, 273, 667, 673, 992, 819, 807] 229.40981444993986 3600000.98497
-- 
Instance 5
seed: 1464204602501
--
SHC: [569, 339, 560, 511, 218, 359, 314, 975, 615, 11] 197.60252635728233 3600002.280847
SA: [990, 78, 966, 4, 833, 401, 269, 304, 187, 176] 337.13793635770037 3600088.790159
CLO: [555, 686, 995, 547, 452, 449, 755, 162, 541, 281] 215.11061804475713 3600000.029852
-- 
Instance 6
seed: 1464226619233
--
SHC: [819, 421, 188, 19, 559, 9, 412, 524, 634, 679] 233.16813431621145 3600001.179703
SA: [662, 957, 754, 315, 536, 41, 487, 337, 678, 287] 326.08395439720215 3600170.957905
CLO: [55, 16, 41, 911, 626, 292, 931, 282, 356, 493] 207.156947924598 3600001.073644
-- 
Instance 7
seed: 1464248490324
--
SHC: [217, 271, 391, 251, 268, 171, 808, 816, 994, 903] 237.58761420353375 3600003.146568
SA: [49, 752, 388, 501, 246, 929, 747, 509, 602, 915] 345.4568815712223 3600026.022188
CLO: [800, 770, 202, 533, 147, 878, 675, 201, 855, 688] 201.8885272161428 3600001.362092
-- 
Instance 8
seed: 1464270377389
--
SHC: [178, 828, 479, 247, 973, 566, 769, 100, 364, 885] 249.77471419631934 3600000.164849
SA: [508, 562, 942, 258, 271, 256, 136, 135, 273, 7] 294.0173289066925 3600297.065236
CLO: [103, 409, 250, 954, 841, 530, 906, 828, 155, 340] 227.53109961915789 3600001.996921
-- 
Instance 9
seed: 1464292318890
--
SHC: [608, 877, 873, 723, 931, 946, 787, 902, 960, 764] 220.6236399100697 3600001.255387
SA: [134, 221, 708, 864, 495, 809, 226, 508, 585, 573] 356.56880178228846 3600230.188043
CLO: [782, 503, 26, 949, 63, 280, 715, 398, 592, 490] 185.94646800107813 3600000.29904
-- Summary -- 
*SHC*
Found PNE: 0/10
Approx Average: 227.44499491113282
*SA*
Found PNE: 0/10
Approx Average: 326.91811674666184
*CLO*
Found PNE: 0/10
Approx Average: 212.376259904259
