Number of instances: 10
Game: Normal Form Game
Players: 200
Actions: 10
Metaheuristics time: 3600
-- 
Instance 0
seed: 1464094856446
--
SHC: [8, 5, 8, 9, 1, 6, 1, 10, 4, 7, 4, 3, 2, 1, 3, 4, 6, 8, 4, 6, 8, 8, 7, 6, 2, 5, 9, 9, 5, 8, 5, 3, 8, 1, 4, 9, 9, 1, 9, 3, 9, 6, 4, 2, 4, 2, 10, 10, 10, 2, 10, 10, 4, 10, 8, 7, 6, 10, 2, 1, 3, 3, 6, 4, 7, 4, 9, 2, 9, 10, 7, 5, 6, 10, 5, 4, 7, 1, 6, 8, 6, 4, 4, 3, 7, 4, 4, 4, 10, 3, 1, 10, 5, 9, 4, 7, 5, 1, 10, 4, 4, 6, 2, 3, 4, 10, 1, 7, 6, 10, 9, 3, 10, 2, 1, 1, 9, 6, 10, 4, 7, 5, 6, 3, 8, 1, 2, 3, 3, 7, 10, 3, 6, 9, 2, 9, 8, 1, 2, 3, 1, 10, 9, 8, 2, 7, 9, 4, 7, 1, 8, 1, 1, 5, 10, 5, 9, 3, 10, 1, 2, 6, 7, 7, 7, 3, 9, 4, 4, 3, 3, 6, 7, 9, 9, 3, 6, 6, 10, 6, 8, 5, 3, 2, 3, 4, 3, 5, 7, 10, 1, 5, 2, 1, 6, 2, 4, 4, 3, 10] 2100.2185505240805 3600004.800147
SA: [10, 5, 7, 1, 8, 5, 5, 9, 4, 2, 1, 10, 9, 7, 9, 9, 10, 1, 3, 4, 2, 6, 4, 8, 2, 8, 9, 1, 3, 6, 5, 6, 8, 5, 7, 8, 3, 6, 2, 4, 3, 3, 5, 9, 10, 3, 2, 7, 7, 9, 6, 8, 3, 1, 8, 6, 3, 10, 7, 3, 2, 5, 9, 8, 1, 5, 6, 9, 5, 8, 1, 4, 10, 2, 1, 10, 4, 3, 8, 7, 4, 4, 2, 7, 7, 6, 7, 1, 8, 6, 1, 6, 9, 8, 10, 1, 1, 3, 10, 5, 4, 8, 9, 8, 10, 2, 9, 3, 2, 3, 1, 7, 2, 5, 8, 9, 4, 7, 3, 3, 5, 6, 1, 3, 5, 4, 4, 4, 7, 3, 1, 8, 2, 8, 10, 7, 10, 2, 8, 7, 2, 3, 4, 4, 4, 9, 7, 6, 2, 2, 5, 4, 2, 5, 8, 5, 8, 5, 7, 3, 8, 6, 4, 7, 7, 2, 8, 2, 5, 4, 3, 9, 7, 4, 9, 6, 7, 7, 9, 7, 3, 5, 5, 7, 6, 1, 1, 1, 8, 7, 1, 4, 2, 2, 6, 3, 4, 10, 7, 2] 1908.9228515044952 3600846.965093
CLO: [3, 6, 2, 7, 4, 9, 1, 1, 6, 5, 8, 10, 2, 2, 9, 6, 5, 9, 3, 8, 4, 9, 6, 4, 2, 6, 10, 10, 1, 10, 7, 9, 5, 10, 3, 4, 7, 10, 3, 2, 7, 8, 1, 10, 6, 6, 2, 5, 5, 2, 6, 5, 5, 6, 5, 7, 8, 2, 5, 4, 10, 4, 2, 8, 2, 4, 7, 8, 10, 6, 7, 5, 3, 10, 1, 4, 5, 4, 2, 7, 8, 10, 6, 10, 7, 8, 5, 4, 10, 8, 9, 10, 7, 4, 10, 2, 4, 10, 8, 3, 2, 2, 1, 2, 1, 9, 4, 4, 2, 2, 4, 6, 6, 9, 9, 8, 3, 8, 9, 5, 3, 3, 5, 6, 4, 10, 4, 3, 8, 3, 6, 8, 9, 6, 4, 6, 4, 8, 10, 8, 8, 5, 7, 1, 6, 4, 7, 4, 9, 6, 6, 3, 7, 8, 10, 2, 5, 3, 9, 2, 5, 1, 5, 1, 1, 1, 9, 3, 7, 3, 7, 6, 10, 6, 4, 1, 2, 5, 9, 3, 5, 2, 6, 10, 5, 6, 6, 5, 2, 9, 5, 9, 7, 3, 2, 7, 2, 8, 6, 2] 1581.721854885227 3600007.349471
-- 
Instance 1
seed: 1464105696829
--
SHC: [5, 8, 5, 9, 10, 3, 5, 6, 6, 2, 1, 2, 6, 10, 7, 3, 2, 2, 8, 10, 1, 5, 9, 2, 4, 7, 1, 1, 9, 8, 7, 8, 3, 2, 10, 7, 1, 10, 10, 7, 1, 2, 10, 10, 2, 9, 5, 4, 1, 6, 2, 10, 7, 5, 10, 2, 3, 3, 10, 6, 9, 4, 2, 5, 2, 1, 9, 2, 8, 5, 5, 2, 3, 7, 1, 4, 8, 3, 8, 10, 9, 8, 4, 1, 5, 4, 7, 9, 4, 1, 6, 4, 8, 5, 4, 1, 2, 6, 5, 7, 5, 9, 8, 10, 7, 10, 2, 8, 5, 10, 2, 9, 3, 10, 4, 3, 9, 9, 5, 8, 10, 8, 1, 9, 6, 8, 7, 6, 10, 7, 4, 8, 4, 3, 8, 5, 6, 3, 5, 7, 5, 5, 1, 3, 1, 1, 5, 3, 9, 8, 1, 5, 4, 3, 6, 4, 10, 8, 8, 4, 9, 8, 10, 7, 5, 9, 8, 5, 7, 1, 8, 7, 4, 5, 3, 6, 2, 7, 6, 2, 10, 5, 7, 4, 5, 4, 9, 5, 7, 7, 7, 2, 1, 1, 7, 9, 8, 2, 1, 1] 1977.7266488217588 3600000.75852
SA: [4, 2, 5, 9, 5, 1, 3, 6, 8, 6, 2, 4, 4, 9, 6, 2, 9, 10, 8, 9, 6, 7, 3, 6, 5, 5, 8, 6, 6, 8, 6, 2, 1, 10, 9, 2, 8, 4, 8, 6, 8, 9, 5, 6, 8, 3, 5, 4, 7, 5, 3, 10, 3, 8, 8, 2, 5, 4, 10, 9, 9, 1, 1, 8, 8, 9, 7, 1, 5, 9, 1, 4, 6, 6, 6, 9, 8, 5, 3, 7, 1, 8, 9, 4, 7, 6, 4, 6, 3, 10, 5, 4, 7, 9, 10, 3, 2, 6, 6, 3, 6, 5, 8, 10, 2, 7, 6, 4, 1, 9, 9, 5, 7, 3, 9, 8, 7, 1, 7, 4, 3, 5, 9, 4, 9, 4, 8, 9, 6, 9, 4, 1, 9, 7, 3, 2, 10, 7, 3, 8, 3, 4, 10, 7, 4, 2, 9, 2, 2, 6, 3, 6, 2, 9, 6, 9, 5, 2, 6, 9, 4, 3, 5, 2, 1, 8, 3, 8, 3, 10, 8, 2, 4, 8, 1, 9, 8, 5, 1, 7, 1, 6, 9, 2, 2, 10, 5, 4, 6, 1, 2, 5, 4, 6, 3, 6, 1, 3, 1, 7] 1912.6776031153167 3600646.688137
CLO: [4, 10, 8, 1, 1, 4, 2, 1, 6, 10, 3, 2, 8, 2, 8, 1, 1, 1, 7, 4, 6, 8, 10, 10, 10, 3, 5, 5, 10, 3, 7, 6, 4, 7, 6, 2, 1, 5, 1, 4, 7, 8, 3, 8, 10, 4, 10, 5, 10, 4, 6, 4, 10, 4, 10, 7, 9, 1, 1, 6, 5, 2, 9, 9, 6, 9, 5, 5, 6, 6, 3, 9, 10, 4, 9, 2, 8, 2, 7, 4, 1, 1, 7, 9, 4, 1, 9, 1, 10, 3, 6, 8, 7, 6, 7, 10, 8, 9, 8, 4, 7, 1, 4, 8, 7, 5, 2, 6, 7, 1, 3, 9, 1, 1, 3, 2, 4, 2, 9, 2, 6, 2, 1, 6, 9, 10, 3, 2, 5, 1, 4, 5, 8, 4, 2, 7, 5, 10, 5, 10, 4, 8, 8, 6, 10, 7, 9, 10, 3, 3, 5, 7, 10, 9, 1, 7, 1, 3, 6, 8, 5, 6, 8, 1, 7, 3, 6, 5, 6, 4, 7, 7, 10, 3, 9, 6, 7, 2, 10, 4, 2, 7, 5, 6, 9, 9, 4, 7, 2, 4, 10, 5, 5, 10, 5, 9, 6, 10, 7, 3] 1637.6920897332213 3600000.978916
-- 
Instance 2
seed: 1464116547606
--
SHC: [7, 9, 3, 10, 3, 4, 4, 5, 4, 9, 4, 6, 10, 4, 6, 1, 10, 4, 2, 5, 8, 3, 10, 8, 8, 10, 4, 4, 6, 1, 8, 10, 5, 3, 1, 10, 8, 1, 5, 1, 4, 8, 5, 5, 3, 8, 7, 9, 1, 2, 10, 9, 6, 3, 7, 5, 9, 6, 3, 8, 10, 1, 4, 7, 1, 10, 4, 6, 5, 9, 7, 6, 6, 8, 8, 4, 10, 9, 7, 10, 10, 6, 10, 10, 8, 6, 9, 2, 6, 9, 4, 9, 5, 10, 6, 4, 8, 5, 9, 6, 7, 3, 5, 1, 4, 9, 1, 9, 4, 8, 5, 8, 5, 10, 6, 6, 1, 4, 7, 7, 1, 2, 7, 7, 3, 4, 2, 9, 10, 5, 10, 8, 8, 9, 10, 7, 4, 4, 1, 8, 1, 5, 10, 8, 6, 7, 8, 5, 8, 2, 4, 9, 8, 1, 3, 9, 6, 10, 6, 5, 2, 8, 6, 6, 8, 4, 10, 7, 3, 2, 6, 2, 7, 3, 5, 7, 9, 8, 6, 8, 10, 5, 3, 5, 5, 1, 1, 1, 10, 3, 9, 5, 3, 6, 7, 8, 10, 2, 10, 2] 2019.506405792345 3600000.295129
SA: [2, 6, 4, 4, 5, 10, 4, 2, 6, 5, 9, 9, 5, 1, 1, 7, 2, 3, 6, 7, 5, 2, 3, 3, 5, 5, 7, 4, 2, 1, 4, 7, 3, 1, 2, 6, 10, 3, 1, 10, 2, 2, 6, 6, 10, 4, 9, 5, 5, 3, 4, 5, 1, 4, 2, 9, 10, 1, 9, 3, 6, 7, 8, 4, 10, 6, 3, 5, 2, 8, 8, 1, 7, 10, 7, 10, 7, 7, 2, 6, 5, 5, 7, 1, 2, 4, 5, 9, 9, 1, 6, 5, 8, 10, 7, 2, 9, 3, 4, 4, 10, 7, 9, 9, 7, 1, 10, 4, 1, 6, 8, 10, 3, 10, 1, 6, 5, 5, 8, 3, 2, 2, 10, 3, 6, 5, 1, 9, 6, 8, 2, 2, 7, 3, 5, 1, 8, 10, 7, 2, 4, 1, 3, 7, 6, 6, 2, 9, 1, 6, 4, 9, 2, 6, 8, 3, 1, 7, 7, 8, 1, 7, 7, 3, 5, 6, 7, 3, 7, 8, 3, 1, 2, 7, 3, 5, 3, 9, 7, 6, 1, 5, 10, 9, 10, 10, 8, 1, 10, 7, 2, 8, 1, 4, 10, 9, 9, 5, 9, 6] 1900.0034594187464 3600247.800425
CLO: [7, 5, 7, 4, 5, 3, 3, 10, 1, 9, 10, 1, 1, 4, 2, 1, 2, 4, 2, 1, 6, 6, 8, 8, 2, 2, 2, 3, 5, 2, 10, 5, 7, 7, 4, 8, 1, 10, 4, 6, 2, 1, 10, 10, 8, 3, 9, 3, 5, 7, 2, 4, 2, 10, 2, 7, 8, 3, 10, 5, 6, 7, 1, 2, 3, 2, 7, 2, 7, 5, 6, 9, 7, 4, 7, 4, 1, 3, 5, 6, 10, 10, 9, 1, 9, 2, 4, 2, 9, 1, 5, 9, 8, 1, 2, 5, 5, 2, 6, 9, 4, 9, 10, 9, 7, 3, 8, 5, 10, 7, 7, 5, 9, 1, 8, 9, 9, 9, 1, 5, 3, 6, 9, 2, 3, 10, 10, 7, 9, 3, 2, 5, 9, 9, 8, 7, 3, 8, 4, 5, 4, 3, 5, 10, 7, 5, 7, 10, 7, 4, 9, 3, 5, 8, 4, 3, 9, 9, 3, 6, 6, 5, 2, 3, 1, 8, 8, 2, 6, 10, 9, 4, 8, 4, 8, 1, 3, 10, 7, 9, 4, 3, 5, 4, 1, 8, 7, 10, 5, 1, 5, 10, 7, 4, 5, 3, 9, 6, 7, 10] 1494.4158096215938 3600009.088637
-- 
Instance 3
seed: 1464127406137
--
SHC: [6, 8, 9, 8, 1, 10, 2, 3, 1, 7, 4, 8, 6, 8, 7, 10, 10, 8, 9, 6, 6, 8, 5, 7, 1, 4, 8, 3, 3, 5, 5, 8, 4, 5, 2, 10, 3, 6, 8, 3, 9, 2, 1, 9, 9, 3, 9, 10, 10, 6, 4, 9, 2, 9, 1, 6, 2, 2, 8, 5, 10, 6, 8, 2, 6, 8, 7, 6, 9, 3, 6, 6, 2, 9, 8, 3, 3, 9, 2, 5, 2, 2, 9, 8, 10, 9, 4, 1, 9, 10, 4, 6, 7, 1, 6, 10, 4, 3, 3, 1, 9, 6, 2, 5, 8, 6, 4, 1, 10, 2, 4, 8, 5, 4, 7, 6, 8, 1, 2, 2, 4, 10, 8, 4, 8, 10, 6, 10, 8, 10, 9, 4, 1, 9, 4, 7, 6, 1, 1, 3, 8, 10, 2, 2, 5, 9, 10, 5, 2, 5, 4, 3, 9, 5, 10, 8, 5, 4, 9, 9, 2, 9, 9, 8, 1, 3, 10, 10, 10, 6, 5, 1, 10, 7, 10, 6, 8, 5, 8, 5, 3, 7, 2, 9, 5, 1, 10, 9, 2, 9, 3, 10, 2, 8, 10, 2, 4, 3, 6, 10] 2094.6096030270132 3600013.28142
SA: [7, 4, 9, 5, 3, 9, 6, 8, 8, 5, 4, 2, 1, 5, 8, 9, 8, 10, 5, 6, 3, 4, 7, 1, 1, 5, 10, 4, 3, 1, 9, 10, 6, 7, 9, 5, 5, 3, 4, 4, 5, 9, 4, 1, 6, 5, 6, 3, 9, 3, 9, 1, 8, 1, 10, 7, 5, 10, 5, 9, 5, 2, 1, 2, 4, 2, 1, 4, 7, 8, 3, 3, 1, 6, 3, 4, 3, 4, 5, 2, 2, 5, 3, 10, 7, 9, 2, 5, 2, 6, 8, 7, 1, 4, 8, 9, 5, 3, 4, 7, 8, 7, 4, 9, 3, 10, 8, 1, 6, 1, 4, 9, 10, 1, 10, 2, 9, 1, 2, 8, 9, 8, 6, 2, 2, 4, 3, 9, 1, 8, 7, 5, 8, 6, 5, 9, 6, 3, 5, 4, 7, 4, 1, 8, 7, 2, 1, 8, 10, 5, 5, 5, 5, 8, 2, 6, 9, 8, 10, 7, 8, 10, 10, 5, 9, 6, 8, 4, 6, 9, 6, 5, 3, 2, 10, 9, 2, 2, 8, 10, 4, 7, 4, 7, 1, 10, 10, 8, 5, 9, 6, 3, 4, 3, 4, 7, 5, 2, 1, 9] 1915.6454722454023 3600848.255349
CLO: [6, 2, 1, 1, 7, 5, 5, 3, 10, 8, 6, 10, 5, 9, 7, 3, 8, 2, 9, 7, 8, 6, 7, 8, 9, 5, 8, 3, 10, 8, 7, 4, 3, 9, 1, 2, 7, 10, 7, 8, 6, 5, 2, 9, 1, 5, 4, 8, 7, 2, 2, 6, 7, 4, 8, 10, 7, 3, 6, 1, 4, 7, 3, 4, 1, 4, 1, 3, 5, 6, 9, 5, 6, 5, 4, 10, 10, 1, 4, 3, 1, 1, 5, 2, 2, 7, 5, 10, 10, 4, 10, 9, 6, 2, 7, 6, 6, 5, 2, 3, 8, 3, 10, 4, 1, 3, 3, 9, 10, 1, 7, 4, 1, 7, 6, 10, 7, 5, 9, 3, 4, 6, 9, 1, 7, 1, 2, 6, 1, 10, 10, 5, 3, 6, 1, 2, 6, 3, 8, 7, 3, 3, 4, 2, 2, 6, 9, 9, 9, 1, 3, 6, 10, 2, 3, 8, 6, 6, 6, 7, 10, 6, 10, 9, 5, 10, 5, 3, 3, 8, 5, 2, 8, 3, 7, 7, 3, 8, 10, 8, 7, 5, 2, 2, 7, 9, 1, 1, 10, 7, 3, 7, 4, 7, 7, 7, 4, 2, 3, 7] 1590.3404109883559 3600007.799328
-- 
Instance 4
seed: 1464138258633
--
SHC: [9, 1, 7, 9, 1, 7, 4, 7, 5, 10, 3, 5, 10, 3, 6, 2, 5, 9, 7, 4, 7, 7, 6, 7, 10, 2, 4, 6, 1, 8, 4, 5, 1, 3, 5, 8, 7, 9, 3, 4, 9, 4, 3, 9, 10, 1, 6, 5, 2, 6, 1, 6, 8, 4, 10, 7, 8, 4, 4, 9, 7, 2, 2, 10, 5, 4, 6, 1, 5, 2, 3, 3, 9, 9, 2, 1, 7, 4, 5, 7, 2, 9, 8, 4, 9, 9, 2, 9, 8, 1, 8, 3, 6, 4, 6, 4, 8, 9, 2, 8, 9, 6, 1, 1, 8, 10, 7, 6, 7, 7, 10, 3, 5, 5, 10, 1, 3, 10, 9, 9, 9, 8, 6, 9, 7, 6, 7, 6, 6, 9, 9, 4, 5, 4, 9, 9, 8, 2, 6, 2, 8, 8, 7, 7, 7, 8, 1, 1, 2, 2, 8, 10, 7, 7, 8, 7, 4, 9, 6, 1, 5, 1, 5, 3, 10, 10, 6, 5, 8, 2, 7, 7, 5, 4, 9, 9, 4, 3, 4, 1, 4, 9, 8, 2, 6, 1, 9, 4, 5, 10, 8, 9, 8, 6, 8, 5, 5, 1, 2, 6] 2048.6926907769443 3600014.683356
SA: [7, 4, 4, 2, 4, 9, 8, 2, 5, 4, 5, 10, 3, 6, 7, 3, 7, 1, 3, 1, 4, 6, 6, 1, 10, 1, 8, 10, 5, 5, 7, 3, 2, 6, 2, 9, 6, 2, 5, 4, 10, 8, 2, 10, 2, 7, 7, 3, 7, 2, 2, 8, 1, 2, 3, 7, 4, 6, 8, 4, 1, 7, 1, 4, 2, 6, 9, 4, 5, 10, 10, 4, 2, 3, 10, 2, 2, 2, 5, 3, 9, 6, 9, 1, 7, 1, 3, 7, 3, 4, 4, 1, 9, 7, 1, 10, 5, 3, 2, 4, 5, 8, 9, 3, 1, 6, 5, 2, 4, 9, 7, 8, 7, 3, 6, 7, 9, 8, 7, 7, 9, 2, 8, 10, 6, 8, 4, 3, 8, 8, 4, 7, 1, 9, 1, 10, 4, 6, 5, 3, 9, 5, 6, 2, 4, 2, 5, 1, 8, 8, 3, 2, 9, 5, 3, 9, 3, 1, 2, 9, 2, 9, 2, 3, 9, 1, 7, 5, 7, 1, 5, 6, 5, 4, 10, 2, 8, 6, 7, 8, 3, 7, 8, 10, 8, 7, 5, 1, 10, 2, 2, 4, 3, 5, 3, 6, 9, 6, 2, 7] 1904.6943584485327 3601450.967397
CLO: [8, 6, 7, 9, 5, 2, 3, 1, 5, 3, 9, 8, 4, 4, 7, 2, 4, 5, 5, 6, 8, 3, 8, 10, 1, 7, 2, 7, 2, 6, 6, 7, 8, 7, 10, 8, 6, 9, 10, 1, 2, 9, 5, 1, 10, 1, 2, 3, 5, 7, 3, 3, 7, 9, 4, 7, 2, 2, 2, 8, 2, 2, 1, 6, 9, 5, 8, 4, 5, 5, 2, 7, 7, 1, 6, 7, 1, 10, 2, 9, 7, 9, 9, 6, 10, 2, 10, 9, 5, 3, 7, 7, 1, 7, 6, 8, 3, 4, 2, 9, 2, 5, 2, 1, 7, 4, 6, 7, 10, 6, 1, 5, 5, 7, 9, 3, 1, 9, 10, 9, 4, 2, 3, 7, 5, 3, 7, 10, 6, 3, 6, 9, 3, 3, 9, 8, 6, 6, 2, 9, 9, 1, 1, 9, 1, 10, 3, 4, 10, 3, 5, 1, 8, 5, 4, 1, 4, 8, 2, 6, 4, 6, 1, 9, 3, 6, 4, 4, 10, 3, 4, 6, 2, 1, 9, 7, 10, 1, 5, 9, 4, 4, 2, 1, 3, 10, 7, 2, 6, 1, 9, 5, 8, 3, 4, 2, 1, 9, 6, 7] 1583.362741488445 3600001.482077
-- 
Instance 5
seed: 1464149117883
--
SHC: [5, 10, 2, 8, 7, 6, 3, 4, 7, 6, 2, 7, 8, 9, 7, 6, 5, 6, 8, 6, 9, 2, 1, 7, 4, 5, 7, 6, 2, 2, 7, 1, 7, 8, 5, 7, 8, 8, 9, 10, 3, 3, 5, 4, 7, 4, 2, 2, 3, 4, 3, 1, 1, 10, 6, 2, 10, 2, 7, 10, 2, 2, 5, 7, 9, 2, 7, 6, 8, 9, 1, 7, 4, 9, 5, 2, 3, 6, 5, 10, 8, 6, 9, 2, 4, 10, 8, 6, 9, 4, 2, 1, 4, 9, 10, 7, 9, 10, 2, 4, 4, 3, 3, 9, 5, 2, 9, 8, 6, 5, 8, 8, 4, 2, 4, 10, 10, 2, 8, 8, 6, 6, 2, 10, 3, 6, 8, 5, 5, 2, 4, 4, 10, 3, 2, 6, 5, 9, 7, 6, 10, 7, 5, 1, 9, 8, 6, 8, 2, 6, 6, 9, 10, 1, 9, 3, 1, 9, 1, 4, 4, 8, 9, 9, 3, 10, 7, 9, 1, 4, 7, 7, 1, 9, 1, 2, 6, 3, 3, 8, 8, 7, 9, 7, 1, 6, 1, 10, 6, 7, 1, 7, 7, 3, 1, 2, 10, 8, 9, 8] 1999.6511754646442 3600008.037856
SA: [10, 3, 4, 7, 7, 1, 10, 7, 8, 3, 9, 8, 8, 9, 3, 7, 9, 4, 4, 8, 5, 1, 6, 1, 9, 7, 6, 2, 5, 10, 7, 7, 6, 1, 10, 6, 10, 9, 10, 1, 1, 3, 3, 2, 4, 4, 1, 3, 5, 6, 10, 10, 1, 5, 1, 8, 2, 9, 8, 3, 8, 8, 6, 10, 6, 3, 5, 2, 5, 5, 10, 8, 9, 3, 7, 6, 1, 6, 9, 10, 8, 4, 2, 8, 4, 3, 9, 1, 6, 4, 6, 7, 6, 9, 4, 5, 8, 9, 2, 1, 9, 8, 1, 3, 5, 4, 5, 6, 8, 5, 6, 8, 2, 7, 3, 4, 7, 5, 2, 1, 3, 5, 6, 1, 2, 1, 2, 10, 8, 8, 3, 10, 5, 2, 2, 4, 2, 8, 3, 2, 5, 6, 7, 4, 10, 4, 2, 2, 5, 8, 5, 3, 8, 2, 6, 10, 7, 3, 4, 10, 6, 3, 2, 4, 6, 7, 4, 1, 2, 7, 6, 4, 7, 1, 10, 10, 6, 8, 8, 4, 1, 9, 2, 3, 10, 2, 6, 4, 2, 6, 1, 1, 1, 1, 1, 5, 5, 2, 8, 4] 1883.3030249839596 3600035.298758
CLO: [7, 3, 9, 5, 4, 10, 7, 7, 8, 4, 4, 5, 3, 7, 7, 6, 8, 5, 3, 6, 9, 10, 4, 4, 6, 2, 5, 4, 1, 10, 7, 2, 1, 3, 6, 9, 1, 3, 7, 6, 9, 5, 9, 3, 3, 4, 3, 4, 4, 7, 2, 1, 4, 5, 9, 6, 10, 8, 10, 8, 6, 3, 4, 1, 4, 1, 3, 6, 8, 9, 2, 1, 1, 5, 1, 9, 5, 4, 4, 3, 4, 5, 4, 8, 9, 4, 6, 4, 7, 1, 3, 5, 7, 4, 9, 10, 4, 3, 5, 4, 5, 7, 2, 10, 9, 3, 1, 4, 8, 10, 3, 2, 1, 10, 3, 5, 8, 8, 5, 7, 3, 2, 9, 4, 8, 3, 8, 6, 4, 8, 1, 2, 3, 2, 6, 2, 1, 8, 3, 1, 1, 4, 7, 4, 6, 3, 2, 10, 4, 7, 10, 10, 10, 5, 3, 1, 7, 4, 7, 1, 4, 10, 5, 2, 9, 5, 4, 9, 1, 7, 10, 1, 8, 6, 4, 8, 4, 8, 5, 10, 8, 4, 3, 10, 1, 6, 5, 4, 9, 10, 1, 9, 3, 1, 9, 1, 5, 7, 9, 7] 1662.8174027130235 3600006.91533
-- 
Instance 6
seed: 1464159996735
--
SHC: [10, 2, 6, 6, 1, 10, 2, 8, 6, 3, 8, 2, 10, 3, 3, 2, 10, 7, 8, 10, 8, 8, 1, 10, 2, 8, 6, 10, 3, 4, 10, 8, 4, 7, 2, 1, 7, 8, 7, 10, 10, 8, 4, 3, 8, 7, 6, 1, 4, 8, 10, 7, 10, 4, 4, 5, 7, 2, 3, 3, 4, 3, 10, 3, 5, 10, 3, 3, 7, 7, 5, 10, 10, 2, 6, 2, 8, 7, 5, 4, 5, 9, 6, 7, 7, 7, 8, 3, 10, 2, 6, 7, 7, 10, 1, 5, 2, 10, 4, 3, 1, 9, 9, 6, 1, 7, 9, 8, 7, 8, 3, 10, 3, 1, 8, 4, 10, 8, 4, 9, 6, 7, 7, 7, 4, 4, 10, 7, 4, 10, 9, 10, 3, 10, 6, 6, 6, 1, 8, 10, 10, 8, 5, 1, 3, 10, 2, 5, 10, 3, 1, 1, 5, 8, 3, 7, 8, 2, 10, 10, 10, 2, 10, 2, 5, 10, 9, 9, 9, 8, 9, 3, 4, 6, 1, 1, 6, 1, 8, 10, 2, 1, 9, 7, 5, 3, 8, 3, 5, 5, 3, 1, 1, 6, 3, 1, 10, 8, 4, 10] 1979.8073956327435 3600001.783677
SA: [3, 7, 10, 4, 3, 4, 4, 5, 9, 1, 8, 5, 8, 3, 3, 3, 2, 3, 4, 9, 10, 10, 2, 1, 7, 4, 8, 10, 2, 3, 2, 5, 10, 2, 3, 8, 4, 9, 10, 5, 9, 6, 1, 5, 9, 10, 7, 4, 7, 7, 2, 5, 10, 6, 10, 8, 6, 10, 3, 5, 4, 2, 6, 7, 2, 6, 2, 2, 7, 2, 3, 8, 1, 10, 4, 7, 2, 3, 6, 5, 9, 2, 9, 7, 9, 8, 6, 6, 5, 4, 4, 8, 9, 9, 4, 2, 1, 1, 8, 9, 3, 8, 7, 5, 10, 1, 2, 1, 9, 1, 9, 7, 3, 6, 10, 9, 8, 4, 2, 5, 5, 7, 3, 2, 3, 5, 8, 4, 9, 9, 2, 8, 10, 8, 6, 10, 8, 9, 9, 5, 6, 10, 4, 5, 7, 5, 1, 1, 10, 10, 6, 8, 3, 4, 2, 3, 7, 9, 5, 7, 8, 2, 4, 5, 10, 6, 10, 9, 5, 6, 9, 4, 3, 4, 9, 6, 1, 8, 10, 9, 2, 6, 1, 5, 5, 1, 5, 3, 6, 5, 1, 9, 4, 9, 2, 6, 1, 5, 4, 9] 1813.2143466271455 3600563.767901
CLO: [10, 2, 2, 3, 7, 6, 9, 3, 9, 5, 2, 6, 5, 2, 4, 4, 6, 6, 7, 7, 9, 1, 5, 1, 6, 3, 8, 1, 3, 5, 8, 2, 7, 4, 1, 4, 7, 7, 5, 9, 7, 8, 3, 1, 5, 2, 9, 9, 10, 6, 1, 4, 8, 5, 5, 1, 4, 3, 5, 4, 1, 5, 6, 8, 5, 7, 2, 5, 8, 9, 10, 7, 9, 4, 8, 6, 6, 9, 3, 7, 5, 2, 3, 3, 9, 9, 8, 8, 3, 7, 7, 5, 2, 8, 8, 4, 6, 7, 10, 8, 4, 8, 1, 4, 8, 1, 2, 9, 4, 8, 6, 3, 2, 8, 10, 1, 6, 9, 1, 10, 5, 7, 7, 2, 10, 4, 3, 7, 8, 5, 8, 5, 3, 7, 6, 5, 10, 1, 8, 5, 7, 9, 2, 1, 9, 10, 3, 1, 6, 5, 9, 3, 2, 5, 3, 5, 7, 4, 3, 3, 5, 1, 9, 9, 1, 8, 3, 4, 6, 3, 2, 7, 4, 6, 5, 2, 10, 4, 10, 2, 10, 10, 9, 2, 4, 5, 8, 1, 1, 4, 5, 3, 4, 4, 5, 3, 2, 7, 10, 10] 1620.4068596753068 3600009.51079
-- 
Instance 7
seed: 1464170898241
--
SHC: [9, 5, 8, 2, 4, 2, 8, 6, 8, 4, 1, 9, 4, 5, 6, 2, 2, 3, 2, 3, 4, 1, 8, 2, 5, 5, 2, 1, 2, 6, 3, 3, 8, 10, 8, 8, 5, 3, 2, 4, 9, 7, 3, 8, 3, 9, 9, 7, 5, 10, 4, 8, 6, 3, 2, 5, 5, 10, 2, 7, 3, 5, 7, 4, 4, 1, 7, 6, 1, 8, 5, 10, 9, 4, 3, 10, 1, 9, 4, 5, 9, 6, 9, 5, 7, 9, 10, 7, 10, 4, 9, 4, 3, 1, 8, 10, 3, 9, 1, 2, 4, 5, 5, 7, 2, 4, 5, 1, 4, 10, 1, 3, 2, 4, 2, 2, 8, 3, 4, 3, 3, 9, 10, 2, 4, 5, 10, 10, 9, 8, 1, 1, 8, 2, 10, 3, 9, 8, 4, 8, 7, 3, 5, 10, 10, 9, 6, 3, 1, 1, 8, 5, 1, 7, 10, 3, 6, 6, 9, 8, 2, 7, 9, 10, 2, 2, 6, 1, 7, 7, 2, 5, 4, 7, 10, 4, 7, 1, 9, 8, 4, 10, 8, 8, 8, 2, 7, 6, 2, 10, 10, 1, 10, 9, 8, 7, 8, 5, 1, 2] 2032.272327456334 3600006.918912
SA: [9, 7, 9, 2, 6, 4, 8, 2, 2, 6, 10, 2, 8, 6, 5, 1, 10, 4, 4, 7, 4, 7, 3, 9, 3, 9, 2, 3, 3, 6, 1, 9, 7, 9, 1, 1, 9, 5, 8, 4, 6, 6, 7, 6, 10, 10, 2, 9, 10, 5, 2, 6, 6, 10, 5, 10, 1, 5, 6, 8, 10, 1, 1, 9, 6, 3, 7, 3, 6, 10, 6, 2, 9, 3, 1, 4, 4, 9, 1, 1, 7, 1, 10, 4, 9, 10, 5, 3, 9, 3, 8, 8, 1, 4, 9, 1, 1, 8, 2, 2, 4, 6, 5, 2, 4, 1, 6, 6, 1, 7, 2, 3, 6, 4, 8, 8, 1, 6, 2, 4, 8, 10, 9, 9, 10, 3, 3, 1, 8, 10, 4, 6, 4, 5, 1, 5, 5, 5, 6, 1, 3, 2, 6, 8, 10, 9, 8, 5, 5, 9, 2, 7, 8, 3, 8, 9, 4, 8, 10, 3, 6, 5, 10, 4, 2, 7, 3, 9, 9, 5, 4, 1, 9, 2, 9, 9, 4, 2, 1, 4, 9, 6, 9, 1, 4, 5, 1, 2, 5, 7, 9, 10, 8, 2, 8, 5, 6, 10, 5, 4] 1904.2626253244407 3600426.227527
CLO: [3, 2, 7, 5, 1, 3, 1, 10, 10, 8, 4, 4, 8, 2, 8, 1, 8, 8, 8, 6, 6, 9, 1, 7, 7, 9, 8, 6, 8, 10, 10, 4, 4, 7, 5, 5, 6, 8, 6, 3, 9, 7, 6, 1, 4, 10, 6, 7, 4, 8, 8, 1, 5, 10, 3, 9, 1, 1, 8, 8, 8, 1, 2, 7, 1, 8, 2, 10, 6, 6, 5, 8, 4, 2, 5, 3, 6, 1, 6, 10, 10, 7, 10, 9, 5, 8, 3, 2, 3, 6, 5, 3, 5, 1, 7, 2, 1, 1, 9, 4, 10, 2, 6, 3, 5, 1, 6, 2, 7, 8, 9, 3, 4, 3, 6, 9, 10, 8, 8, 4, 3, 4, 5, 9, 9, 4, 10, 8, 8, 8, 1, 6, 9, 4, 9, 5, 5, 6, 7, 8, 5, 6, 5, 4, 6, 3, 6, 3, 3, 2, 3, 4, 5, 1, 9, 1, 1, 1, 6, 8, 8, 9, 5, 8, 3, 5, 3, 7, 8, 8, 4, 3, 6, 4, 7, 5, 7, 1, 7, 10, 5, 4, 2, 7, 6, 8, 1, 1, 9, 3, 2, 9, 5, 4, 4, 6, 2, 4, 1, 6] 1634.3805981389908 3600002.864861
-- 
Instance 8
seed: 1464181802565
--
SHC: [6, 1, 2, 10, 2, 10, 6, 3, 10, 6, 9, 5, 6, 9, 3, 9, 10, 4, 7, 8, 3, 2, 2, 6, 10, 9, 7, 5, 1, 6, 6, 7, 5, 5, 3, 8, 6, 1, 9, 3, 2, 10, 9, 7, 7, 10, 10, 1, 2, 3, 7, 8, 6, 2, 5, 1, 7, 3, 5, 7, 5, 4, 9, 4, 7, 3, 8, 2, 3, 10, 1, 3, 3, 8, 7, 4, 3, 4, 2, 3, 1, 2, 7, 5, 3, 9, 2, 4, 9, 4, 7, 3, 7, 3, 4, 3, 2, 2, 9, 7, 10, 6, 8, 2, 10, 6, 7, 10, 8, 6, 8, 3, 1, 9, 6, 4, 5, 6, 2, 6, 10, 6, 1, 8, 10, 7, 9, 7, 1, 1, 7, 3, 7, 10, 5, 9, 9, 1, 9, 7, 6, 7, 1, 7, 2, 4, 7, 9, 6, 7, 6, 6, 6, 4, 5, 6, 4, 7, 7, 5, 2, 1, 8, 1, 2, 2, 3, 5, 3, 3, 2, 1, 1, 9, 3, 7, 8, 5, 9, 6, 9, 5, 8, 5, 4, 2, 1, 9, 8, 10, 1, 5, 10, 4, 1, 5, 4, 6, 7, 9] 2058.1298816673416 3600004.689501
SA: [9, 1, 10, 6, 9, 7, 8, 1, 7, 6, 8, 10, 8, 1, 8, 2, 3, 6, 10, 10, 7, 4, 6, 3, 8, 2, 5, 4, 6, 7, 4, 9, 9, 3, 5, 2, 3, 7, 7, 9, 8, 7, 3, 4, 7, 7, 2, 9, 4, 4, 9, 1, 10, 6, 7, 7, 2, 6, 8, 6, 4, 8, 9, 3, 6, 10, 7, 7, 3, 7, 9, 5, 4, 9, 7, 9, 1, 3, 8, 9, 1, 3, 2, 7, 7, 10, 7, 1, 8, 5, 7, 10, 10, 5, 1, 1, 2, 10, 9, 1, 9, 4, 1, 7, 6, 1, 6, 2, 2, 4, 8, 2, 5, 5, 10, 2, 6, 9, 2, 4, 3, 7, 8, 3, 4, 1, 8, 6, 8, 5, 9, 10, 4, 9, 3, 1, 6, 8, 5, 10, 7, 3, 8, 10, 5, 8, 9, 8, 10, 10, 9, 5, 1, 1, 2, 9, 6, 3, 4, 9, 1, 8, 8, 4, 6, 3, 1, 5, 10, 9, 9, 9, 4, 1, 8, 3, 7, 1, 9, 10, 5, 1, 8, 9, 8, 3, 4, 8, 4, 10, 7, 7, 10, 8, 9, 8, 7, 7, 9, 9] 1896.1397565133166 3600812.095579
CLO: [9, 3, 1, 4, 1, 2, 9, 10, 2, 1, 10, 4, 3, 9, 9, 1, 10, 1, 6, 6, 1, 4, 4, 4, 7, 6, 9, 7, 5, 10, 3, 3, 7, 9, 6, 9, 1, 6, 10, 7, 8, 5, 9, 2, 6, 3, 6, 7, 6, 7, 10, 5, 6, 10, 5, 8, 9, 5, 2, 7, 5, 2, 4, 1, 2, 8, 3, 6, 2, 5, 10, 6, 2, 1, 10, 2, 7, 3, 2, 4, 7, 3, 7, 4, 8, 1, 4, 7, 5, 5, 6, 3, 7, 3, 1, 7, 1, 5, 10, 4, 6, 3, 2, 1, 2, 5, 7, 7, 1, 4, 4, 3, 2, 7, 7, 9, 1, 3, 9, 6, 7, 5, 2, 2, 1, 5, 4, 2, 7, 8, 9, 3, 1, 10, 3, 3, 2, 4, 10, 9, 3, 1, 5, 6, 6, 10, 10, 10, 1, 7, 7, 9, 7, 6, 1, 7, 1, 10, 4, 4, 8, 10, 4, 2, 8, 6, 3, 8, 4, 10, 9, 5, 7, 1, 6, 2, 8, 8, 6, 4, 8, 1, 10, 1, 5, 1, 3, 3, 8, 7, 5, 1, 2, 5, 2, 9, 10, 6, 2, 1] 1581.9270000102974 3600002.89945
-- 
Instance 9
seed: 1464192656543
--
SHC: [5, 4, 1, 1, 3, 2, 1, 10, 8, 2, 10, 4, 10, 4, 1, 1, 5, 3, 1, 1, 1, 6, 3, 10, 1, 3, 4, 8, 4, 2, 8, 1, 5, 10, 6, 2, 4, 10, 7, 4, 7, 7, 10, 3, 8, 10, 4, 2, 6, 10, 9, 9, 5, 10, 6, 5, 5, 3, 5, 9, 10, 1, 8, 2, 1, 6, 4, 1, 7, 1, 1, 10, 9, 10, 8, 4, 8, 3, 8, 9, 7, 2, 3, 5, 10, 4, 9, 6, 3, 1, 4, 10, 9, 5, 6, 3, 9, 10, 3, 10, 4, 1, 8, 6, 1, 9, 7, 5, 5, 6, 6, 4, 6, 6, 10, 6, 8, 1, 2, 10, 2, 10, 2, 8, 1, 9, 3, 8, 10, 6, 4, 7, 4, 4, 7, 9, 4, 1, 7, 4, 3, 8, 7, 3, 2, 1, 6, 1, 7, 2, 6, 9, 4, 6, 4, 3, 4, 1, 7, 4, 8, 7, 4, 10, 9, 6, 9, 4, 7, 8, 9, 2, 4, 9, 4, 5, 3, 5, 2, 9, 3, 5, 2, 3, 4, 5, 10, 5, 9, 9, 4, 6, 10, 4, 1, 6, 9, 8, 9, 4] 2219.913128311698 3600014.568058
SA: [5, 5, 7, 6, 3, 3, 8, 8, 1, 1, 7, 7, 5, 10, 2, 8, 6, 9, 4, 6, 8, 6, 2, 2, 5, 8, 6, 2, 9, 4, 7, 5, 10, 6, 3, 6, 9, 4, 6, 8, 5, 7, 6, 3, 4, 10, 2, 1, 1, 10, 10, 6, 8, 7, 9, 7, 6, 4, 4, 8, 10, 9, 1, 10, 2, 9, 4, 4, 4, 5, 6, 10, 3, 1, 9, 10, 8, 5, 9, 8, 7, 8, 2, 10, 5, 5, 7, 3, 4, 6, 9, 7, 9, 4, 10, 9, 4, 2, 7, 8, 2, 2, 9, 2, 2, 8, 10, 7, 3, 5, 9, 9, 8, 1, 2, 9, 1, 3, 7, 10, 10, 4, 9, 6, 6, 9, 10, 8, 8, 4, 4, 3, 6, 3, 5, 4, 6, 1, 5, 5, 1, 3, 5, 3, 9, 8, 6, 2, 9, 5, 9, 6, 5, 4, 6, 10, 2, 4, 7, 8, 3, 4, 7, 6, 5, 4, 1, 7, 3, 3, 5, 7, 7, 6, 4, 2, 2, 2, 1, 6, 1, 1, 6, 2, 2, 5, 4, 6, 4, 7, 8, 1, 1, 9, 2, 8, 9, 8, 6, 4] 1948.782745141132 3600242.002331
CLO: [1, 5, 3, 5, 5, 6, 8, 6, 2, 1, 3, 1, 3, 6, 5, 8, 6, 4, 3, 8, 2, 7, 9, 1, 9, 8, 2, 10, 10, 8, 8, 4, 6, 5, 5, 2, 3, 10, 4, 7, 6, 2, 8, 9, 10, 3, 3, 7, 9, 7, 3, 10, 4, 4, 9, 4, 2, 8, 6, 10, 4, 4, 2, 5, 5, 2, 8, 9, 7, 4, 1, 9, 8, 9, 5, 7, 10, 3, 5, 4, 9, 5, 6, 4, 4, 2, 4, 3, 4, 6, 2, 10, 3, 7, 6, 1, 9, 3, 8, 10, 10, 6, 2, 2, 8, 5, 4, 7, 7, 9, 8, 8, 7, 10, 10, 6, 3, 4, 6, 10, 10, 4, 10, 5, 1, 6, 5, 10, 2, 4, 2, 10, 4, 9, 6, 8, 2, 4, 2, 6, 10, 10, 7, 10, 10, 4, 10, 7, 5, 4, 4, 6, 2, 2, 1, 1, 6, 5, 6, 1, 6, 8, 9, 4, 6, 10, 4, 2, 4, 7, 9, 3, 1, 1, 5, 3, 10, 5, 8, 4, 1, 5, 6, 2, 6, 9, 5, 9, 1, 5, 10, 4, 9, 3, 3, 3, 10, 2, 4, 10] 1607.3746229484368 3600002.300339
-- Summary -- 
*SHC*
Found PNE: 0/10
Approx Average: 2053.0527807474905
*SA*
Found PNE: 0/10
Approx Average: 1898.7646243322488
*CLO*
Found PNE: 0/10
Approx Average: 1599.4439390202895
