Number of instances: 10
Game: Normal Form Game
Players: 100
Actions: 10
Metaheuristics time: 600
-- 
Instance 0
seed: 1463994765149
--
SHC: [3, 1, 6, 7, 10, 8, 3, 10, 3, 4, 7, 9, 9, 6, 4, 4, 10, 2, 1, 3, 9, 7, 10, 8, 5, 6, 3, 7, 8, 4, 6, 4, 9, 8, 9, 2, 5, 5, 3, 8, 9, 10, 8, 3, 6, 7, 3, 4, 4, 6, 3, 2, 10, 6, 2, 7, 1, 1, 8, 9, 5, 5, 4, 10, 8, 3, 8, 10, 4, 7, 10, 5, 8, 7, 4, 5, 10, 2, 5, 4, 8, 3, 6, 6, 4, 10, 5, 1, 9, 1, 10, 6, 1, 4, 1, 6, 7, 3, 6, 5] 1150.027226455536 600004.098719
SA: [5, 8, 9, 5, 6, 6, 6, 9, 10, 1, 3, 9, 9, 4, 5, 5, 1, 10, 7, 7, 6, 4, 8, 2, 3, 6, 3, 2, 7, 5, 9, 6, 4, 4, 9, 3, 7, 10, 8, 8, 4, 10, 5, 4, 10, 2, 3, 2, 4, 3, 7, 3, 5, 9, 6, 10, 10, 6, 8, 6, 8, 9, 2, 2, 2, 2, 5, 4, 10, 8, 10, 6, 3, 2, 7, 2, 3, 3, 10, 3, 9, 3, 6, 1, 4, 1, 7, 10, 9, 9, 7, 3, 8, 2, 3, 6, 6, 3, 3, 6] 1080.7214752771906 600086.339899
CLO: [7, 1, 9, 10, 7, 8, 7, 1, 3, 6, 6, 8, 7, 6, 9, 7, 1, 7, 8, 4, 9, 9, 10, 4, 9, 8, 1, 3, 1, 10, 1, 8, 3, 3, 7, 5, 1, 9, 4, 9, 4, 8, 1, 3, 8, 10, 4, 7, 8, 6, 8, 7, 3, 2, 3, 1, 8, 9, 6, 1, 2, 9, 10, 1, 6, 1, 4, 10, 9, 3, 2, 5, 8, 7, 8, 10, 6, 2, 4, 8, 1, 6, 1, 9, 7, 8, 7, 10, 7, 9, 2, 2, 3, 2, 1, 2, 5, 4, 10, 3] 838.8094757181309 600000.362875
-- 
Instance 1
seed: 1463998420762
--
SHC: [3, 8, 1, 4, 8, 6, 5, 5, 5, 7, 2, 2, 6, 5, 4, 3, 5, 7, 7, 6, 10, 8, 7, 10, 4, 2, 3, 6, 9, 6, 10, 4, 1, 4, 3, 3, 9, 4, 1, 2, 9, 3, 7, 8, 9, 6, 7, 4, 3, 10, 2, 4, 3, 3, 1, 4, 7, 1, 3, 10, 7, 2, 4, 10, 2, 2, 3, 2, 3, 8, 3, 8, 5, 10, 7, 1, 3, 1, 3, 4, 9, 7, 9, 6, 1, 3, 4, 6, 3, 7, 8, 8, 7, 3, 1, 1, 3, 6, 6, 8] 1195.9822885309657 600000.907073
SA: [10, 3, 3, 8, 7, 8, 2, 5, 6, 7, 10, 3, 3, 3, 3, 8, 9, 1, 2, 6, 4, 4, 7, 8, 3, 3, 9, 8, 3, 3, 1, 8, 5, 7, 1, 5, 7, 5, 4, 4, 3, 7, 2, 9, 1, 2, 4, 5, 4, 7, 3, 5, 9, 3, 1, 2, 10, 4, 8, 5, 10, 10, 10, 4, 4, 9, 7, 10, 6, 8, 10, 4, 1, 1, 7, 3, 6, 4, 8, 7, 1, 4, 1, 10, 8, 2, 9, 4, 10, 8, 6, 10, 1, 6, 3, 10, 7, 3, 4, 1] 1081.0082741990916 600026.61593
CLO: [1, 3, 9, 9, 8, 5, 7, 5, 4, 9, 10, 7, 1, 8, 9, 2, 7, 10, 2, 1, 8, 2, 2, 8, 8, 4, 7, 6, 3, 6, 5, 6, 5, 6, 1, 10, 7, 8, 8, 3, 7, 6, 6, 3, 1, 8, 10, 2, 9, 3, 9, 2, 2, 4, 3, 9, 9, 2, 1, 9, 10, 7, 1, 4, 7, 3, 1, 9, 1, 6, 7, 4, 2, 2, 1, 10, 2, 10, 10, 2, 9, 6, 10, 6, 10, 6, 1, 9, 6, 8, 8, 8, 8, 1, 2, 3, 1, 9, 10, 5] 884.4444240226776 600001.189377
-- 
Instance 2
seed: 1464002075472
--
SHC: [3, 10, 3, 8, 10, 3, 8, 2, 1, 3, 8, 3, 7, 2, 5, 9, 8, 7, 8, 9, 5, 2, 2, 2, 6, 9, 6, 3, 5, 8, 8, 10, 4, 3, 3, 5, 9, 1, 1, 8, 1, 3, 3, 7, 3, 2, 7, 3, 8, 6, 6, 1, 7, 7, 10, 3, 3, 1, 1, 3, 10, 3, 2, 6, 5, 6, 5, 6, 7, 7, 5, 1, 2, 6, 4, 6, 9, 7, 2, 8, 6, 6, 2, 4, 9, 6, 1, 3, 10, 6, 2, 7, 6, 6, 8, 8, 1, 6, 10, 7] 1238.0110646027333 600000.601364
SA: [10, 7, 8, 9, 7, 5, 5, 6, 2, 3, 7, 7, 5, 1, 8, 1, 2, 4, 7, 2, 4, 5, 10, 1, 8, 3, 7, 7, 7, 9, 10, 1, 8, 5, 3, 1, 4, 1, 7, 2, 7, 9, 7, 1, 9, 9, 4, 6, 7, 10, 10, 2, 1, 9, 3, 5, 4, 10, 8, 4, 8, 5, 5, 5, 6, 9, 4, 2, 7, 8, 9, 5, 9, 6, 1, 5, 3, 7, 1, 4, 8, 8, 4, 4, 3, 5, 9, 7, 1, 8, 6, 4, 10, 6, 4, 9, 7, 1, 3, 5] 1098.2069677242075 600062.531801
CLO: [10, 6, 4, 8, 6, 3, 4, 5, 10, 4, 8, 10, 3, 8, 5, 6, 4, 3, 3, 9, 4, 5, 7, 6, 1, 9, 1, 2, 5, 10, 8, 1, 1, 6, 10, 7, 4, 4, 1, 8, 8, 2, 5, 5, 8, 8, 10, 9, 1, 4, 10, 8, 4, 1, 3, 2, 3, 4, 1, 7, 9, 5, 7, 8, 9, 1, 10, 3, 3, 10, 7, 6, 6, 5, 5, 4, 1, 6, 8, 10, 3, 4, 9, 10, 3, 6, 4, 9, 2, 8, 5, 3, 10, 4, 3, 8, 1, 10, 6, 8] 872.6484504910566 600001.79503
-- 
Instance 3
seed: 1464005727331
--
SHC: [10, 4, 9, 8, 4, 6, 3, 5, 2, 8, 6, 8, 10, 8, 7, 1, 3, 7, 7, 2, 4, 5, 10, 7, 6, 6, 7, 5, 6, 4, 3, 5, 10, 1, 10, 1, 8, 7, 9, 2, 6, 5, 3, 4, 4, 1, 7, 6, 5, 1, 6, 4, 9, 5, 6, 10, 6, 10, 8, 10, 10, 4, 2, 5, 5, 3, 1, 6, 3, 6, 3, 9, 6, 5, 7, 4, 5, 8, 4, 2, 8, 4, 6, 5, 8, 8, 5, 1, 9, 10, 8, 4, 6, 5, 4, 3, 5, 10, 9, 2] 1216.3606914066725 600000.256276
SA: [4, 3, 9, 9, 6, 9, 5, 2, 1, 8, 8, 9, 6, 2, 7, 1, 4, 5, 8, 4, 10, 1, 8, 3, 1, 6, 2, 2, 7, 5, 3, 8, 8, 3, 10, 2, 4, 1, 7, 8, 8, 8, 2, 10, 1, 4, 10, 2, 3, 7, 1, 10, 4, 2, 2, 8, 8, 6, 2, 10, 8, 1, 4, 8, 8, 5, 7, 9, 9, 8, 9, 4, 9, 4, 9, 10, 2, 8, 5, 3, 1, 7, 5, 7, 10, 2, 7, 3, 1, 8, 4, 4, 3, 4, 6, 2, 10, 6, 3, 3] 1111.4548991870793 600112.957086
CLO: [3, 10, 5, 8, 9, 8, 9, 3, 5, 2, 9, 9, 1, 10, 1, 1, 5, 8, 4, 9, 7, 8, 3, 9, 7, 9, 2, 9, 8, 10, 10, 4, 5, 5, 9, 3, 8, 1, 6, 10, 8, 7, 6, 7, 1, 3, 4, 2, 8, 8, 1, 3, 8, 1, 2, 7, 10, 10, 4, 2, 1, 4, 10, 9, 5, 8, 7, 8, 7, 4, 7, 7, 5, 5, 7, 4, 5, 8, 4, 1, 4, 7, 10, 6, 10, 3, 7, 8, 2, 10, 3, 1, 5, 6, 4, 8, 5, 10, 1, 10] 964.8031134568146 600000.923854
-- 
Instance 4
seed: 1464009378947
--
SHC: [3, 3, 3, 5, 1, 6, 2, 7, 1, 8, 2, 7, 4, 6, 10, 2, 5, 6, 7, 4, 5, 7, 2, 2, 8, 3, 5, 3, 8, 3, 1, 8, 4, 3, 1, 2, 1, 9, 9, 7, 6, 9, 8, 9, 3, 2, 5, 4, 10, 7, 1, 9, 1, 6, 9, 2, 2, 3, 6, 1, 7, 1, 2, 7, 7, 5, 4, 8, 4, 9, 7, 1, 5, 1, 3, 1, 2, 1, 2, 6, 4, 7, 6, 9, 9, 6, 1, 7, 3, 1, 10, 2, 10, 1, 4, 5, 10, 2, 7, 9] 1166.394528791504 600001.412563
SA: [7, 3, 9, 9, 7, 1, 10, 5, 10, 10, 9, 5, 3, 2, 1, 6, 8, 5, 3, 2, 4, 1, 6, 9, 5, 10, 9, 1, 5, 1, 9, 2, 1, 1, 4, 8, 2, 2, 10, 7, 2, 6, 4, 5, 4, 10, 4, 2, 5, 10, 7, 4, 9, 4, 4, 5, 4, 8, 7, 10, 3, 8, 3, 7, 8, 10, 2, 6, 5, 8, 2, 3, 9, 4, 1, 8, 3, 4, 9, 3, 5, 1, 8, 4, 2, 8, 10, 9, 2, 7, 10, 7, 5, 7, 8, 10, 3, 7, 8, 2] 1078.7739563641721 600045.999296
CLO: [1, 1, 2, 10, 3, 7, 8, 8, 2, 6, 1, 2, 3, 2, 6, 7, 10, 2, 6, 7, 10, 2, 2, 3, 9, 7, 7, 7, 10, 5, 5, 7, 4, 8, 7, 1, 1, 5, 1, 5, 9, 10, 2, 1, 9, 1, 2, 3, 2, 6, 4, 8, 7, 6, 8, 4, 6, 5, 6, 5, 1, 9, 6, 5, 1, 5, 7, 6, 8, 9, 10, 10, 5, 9, 10, 6, 2, 7, 3, 4, 7, 2, 10, 2, 10, 7, 8, 1, 6, 7, 1, 9, 7, 2, 1, 1, 9, 2, 10, 2] 907.0825449271258 600000.108994
-- 
Instance 5
seed: 1464013030642
--
SHC: [9, 1, 5, 3, 3, 9, 6, 8, 10, 8, 8, 8, 4, 2, 4, 4, 5, 9, 9, 5, 1, 10, 5, 3, 5, 9, 10, 3, 9, 1, 1, 3, 1, 6, 2, 3, 8, 9, 3, 2, 7, 2, 8, 8, 9, 6, 1, 6, 7, 4, 1, 3, 9, 6, 3, 5, 7, 2, 8, 10, 6, 4, 5, 8, 3, 9, 4, 10, 7, 1, 7, 3, 7, 2, 3, 3, 5, 7, 10, 6, 4, 7, 6, 9, 4, 2, 8, 9, 2, 2, 3, 9, 6, 8, 3, 10, 5, 2, 7, 10] 1215.173001074523 600000.467471
SA: [3, 6, 3, 4, 4, 6, 9, 9, 5, 2, 2, 4, 5, 4, 10, 9, 1, 7, 7, 8, 9, 2, 6, 1, 5, 6, 5, 5, 5, 7, 9, 10, 7, 4, 2, 3, 5, 8, 6, 5, 10, 3, 4, 9, 6, 6, 6, 5, 10, 10, 7, 2, 5, 6, 2, 8, 6, 7, 9, 1, 9, 7, 4, 10, 6, 7, 2, 9, 1, 2, 3, 7, 6, 7, 3, 6, 3, 4, 1, 5, 2, 7, 10, 4, 6, 10, 4, 3, 3, 4, 10, 1, 6, 1, 9, 2, 7, 3, 5, 2] 1082.8222096289858 600095.763977
CLO: [5, 6, 9, 9, 3, 5, 2, 7, 9, 5, 10, 8, 1, 9, 8, 10, 2, 8, 1, 10, 9, 6, 9, 2, 5, 7, 7, 10, 2, 3, 6, 4, 7, 5, 10, 10, 1, 2, 6, 9, 9, 4, 3, 7, 10, 2, 8, 3, 3, 2, 10, 1, 5, 1, 4, 9, 5, 9, 9, 2, 10, 4, 6, 5, 2, 8, 5, 8, 9, 6, 2, 6, 9, 3, 9, 10, 9, 3, 8, 6, 6, 5, 4, 7, 5, 6, 6, 3, 6, 4, 3, 9, 10, 9, 9, 4, 2, 7, 7, 4] 849.5834602747634 600000.232727
-- 
Instance 6
seed: 1464016669580
--
SHC: [10, 6, 8, 10, 5, 6, 1, 7, 5, 7, 10, 1, 8, 5, 10, 5, 10, 5, 3, 2, 7, 8, 2, 1, 10, 5, 6, 4, 1, 6, 4, 9, 4, 1, 2, 2, 10, 6, 6, 4, 5, 7, 7, 9, 4, 3, 6, 3, 10, 7, 7, 9, 10, 4, 5, 6, 10, 1, 4, 3, 7, 8, 4, 10, 1, 4, 3, 2, 8, 6, 3, 1, 5, 2, 9, 9, 6, 9, 2, 10, 5, 3, 7, 4, 4, 8, 4, 8, 8, 10, 1, 7, 6, 10, 8, 1, 6, 3, 1, 3] 1237.8457527431494 600000.044817
SA: [5, 4, 4, 7, 5, 8, 2, 1, 2, 6, 9, 6, 4, 7, 10, 10, 10, 5, 2, 10, 5, 2, 6, 6, 4, 2, 2, 5, 9, 6, 10, 7, 6, 2, 10, 2, 3, 9, 3, 8, 5, 9, 5, 2, 9, 8, 8, 10, 4, 5, 7, 7, 8, 8, 10, 8, 2, 7, 2, 6, 7, 3, 8, 5, 8, 3, 7, 1, 8, 3, 5, 5, 2, 2, 5, 8, 10, 10, 7, 4, 7, 10, 6, 8, 7, 10, 7, 8, 5, 1, 3, 1, 2, 9, 9, 2, 6, 3, 10, 2] 1044.3350662690884 600077.162744
CLO: [7, 6, 2, 8, 9, 1, 6, 7, 5, 3, 3, 9, 7, 10, 7, 9, 10, 7, 7, 10, 1, 1, 10, 8, 6, 6, 6, 3, 10, 3, 1, 1, 4, 9, 1, 1, 2, 8, 6, 5, 7, 4, 2, 5, 9, 9, 7, 7, 6, 2, 9, 8, 1, 6, 10, 3, 2, 2, 4, 4, 9, 10, 5, 3, 3, 6, 6, 9, 5, 2, 7, 4, 1, 2, 8, 4, 9, 7, 2, 5, 1, 5, 1, 7, 2, 8, 3, 4, 10, 7, 3, 2, 4, 1, 8, 3, 8, 8, 5, 5] 816.2186583516147 600000.927062
-- 
Instance 7
seed: 1464020284920
--
SHC: [2, 6, 3, 9, 5, 1, 10, 8, 9, 7, 3, 1, 2, 7, 8, 8, 1, 7, 7, 2, 9, 2, 3, 5, 10, 10, 7, 7, 8, 10, 3, 6, 7, 4, 9, 9, 9, 9, 9, 5, 3, 4, 1, 10, 4, 6, 5, 1, 4, 5, 3, 1, 4, 7, 6, 9, 3, 6, 3, 5, 1, 10, 1, 9, 1, 2, 4, 8, 2, 5, 10, 4, 9, 6, 8, 5, 4, 6, 9, 8, 5, 4, 6, 7, 8, 3, 3, 8, 8, 10, 5, 4, 9, 8, 4, 3, 10, 6, 4, 6] 1224.4032549877206 600000.421501
SA: [6, 9, 1, 5, 7, 4, 3, 1, 8, 3, 10, 4, 9, 2, 9, 5, 10, 3, 3, 9, 8, 6, 2, 7, 3, 4, 1, 5, 3, 3, 10, 8, 10, 7, 7, 1, 2, 4, 10, 3, 3, 8, 9, 4, 8, 7, 2, 4, 2, 9, 10, 8, 7, 10, 7, 2, 7, 10, 5, 8, 10, 10, 2, 2, 2, 3, 5, 9, 7, 4, 5, 3, 2, 8, 7, 9, 7, 1, 8, 6, 4, 8, 1, 8, 9, 2, 9, 8, 6, 8, 2, 4, 8, 9, 8, 2, 7, 8, 3, 5] 988.8477628098523 600014.407698
CLO: [6, 2, 9, 10, 8, 1, 4, 7, 2, 9, 1, 10, 1, 5, 10, 9, 4, 10, 4, 7, 9, 6, 8, 1, 2, 8, 2, 10, 6, 8, 3, 2, 7, 6, 8, 1, 1, 7, 4, 1, 2, 1, 9, 7, 4, 1, 3, 9, 4, 1, 1, 9, 8, 6, 9, 10, 9, 4, 7, 7, 10, 4, 8, 9, 8, 4, 9, 6, 10, 1, 4, 3, 5, 6, 4, 6, 3, 9, 7, 5, 10, 3, 2, 6, 7, 7, 7, 2, 4, 6, 3, 9, 2, 2, 8, 2, 10, 7, 10, 1] 941.8856228043005 600000.29205
-- 
Instance 8
seed: 1464023900109
--
SHC: [7, 5, 7, 8, 5, 2, 8, 6, 9, 5, 9, 8, 2, 10, 6, 6, 2, 6, 2, 2, 4, 6, 7, 4, 3, 9, 1, 2, 7, 4, 2, 6, 4, 2, 10, 10, 5, 8, 6, 7, 1, 4, 6, 5, 7, 6, 8, 10, 6, 9, 6, 2, 7, 2, 5, 5, 7, 9, 1, 4, 2, 10, 2, 9, 3, 9, 10, 8, 5, 1, 8, 8, 3, 5, 8, 6, 10, 2, 9, 7, 3, 2, 10, 9, 6, 10, 3, 4, 4, 9, 2, 4, 1, 1, 10, 6, 1, 8, 8, 6] 1165.2939253824386 600000.122025
SA: [8, 10, 5, 3, 10, 10, 1, 9, 9, 2, 7, 7, 9, 8, 9, 2, 4, 8, 2, 2, 9, 3, 4, 6, 7, 1, 4, 10, 6, 4, 6, 10, 4, 4, 1, 5, 10, 1, 7, 3, 4, 8, 5, 2, 1, 1, 4, 3, 5, 4, 3, 4, 2, 9, 9, 7, 10, 8, 6, 8, 2, 8, 10, 10, 9, 4, 2, 6, 1, 2, 1, 8, 2, 1, 7, 6, 5, 4, 3, 6, 5, 10, 3, 8, 7, 2, 6, 3, 5, 5, 2, 8, 1, 2, 4, 3, 2, 5, 1, 1] 1007.7003774784401 600008.020776
CLO: [8, 1, 8, 9, 8, 4, 5, 4, 9, 3, 10, 9, 6, 9, 6, 5, 8, 9, 7, 2, 4, 8, 4, 1, 1, 2, 9, 7, 3, 10, 2, 3, 8, 5, 3, 2, 4, 5, 3, 6, 4, 8, 5, 10, 4, 3, 8, 6, 3, 9, 10, 1, 5, 5, 8, 10, 7, 8, 6, 9, 8, 4, 2, 4, 5, 8, 6, 8, 1, 7, 5, 8, 6, 1, 3, 8, 9, 3, 3, 7, 1, 10, 10, 9, 3, 6, 8, 7, 8, 2, 7, 2, 10, 3, 6, 4, 9, 10, 6, 4] 862.4438844658789 600000.965111
-- 
Instance 9
seed: 1464027515325
--
SHC: [8, 3, 4, 3, 8, 4, 5, 6, 6, 7, 6, 1, 9, 9, 3, 10, 6, 7, 9, 9, 7, 1, 2, 5, 6, 3, 3, 1, 9, 6, 5, 3, 1, 2, 9, 3, 2, 6, 4, 1, 9, 8, 4, 2, 6, 6, 10, 5, 1, 4, 5, 9, 9, 7, 2, 2, 4, 2, 5, 7, 10, 8, 10, 7, 3, 5, 8, 4, 5, 4, 7, 4, 2, 5, 4, 8, 2, 8, 10, 1, 8, 2, 7, 3, 1, 3, 5, 9, 8, 9, 7, 9, 9, 7, 6, 10, 4, 8, 2, 2] 1141.2389321939418 600001.4618
SA: [3, 2, 8, 6, 7, 1, 5, 2, 1, 3, 2, 4, 4, 7, 7, 1, 5, 4, 1, 6, 10, 2, 9, 3, 1, 8, 10, 6, 3, 7, 9, 6, 4, 3, 10, 6, 6, 6, 10, 1, 6, 2, 5, 5, 9, 9, 4, 5, 1, 1, 9, 10, 4, 6, 2, 5, 10, 3, 1, 2, 3, 3, 4, 4, 5, 7, 10, 7, 10, 6, 10, 9, 1, 4, 6, 7, 5, 1, 5, 2, 5, 9, 6, 3, 9, 2, 2, 2, 5, 3, 9, 6, 5, 1, 7, 9, 7, 5, 5, 2] 1096.6028698186542 600072.942124
CLO: [7, 8, 6, 2, 1, 3, 5, 4, 8, 6, 4, 6, 3, 9, 10, 6, 7, 2, 3, 1, 1, 3, 1, 6, 9, 9, 5, 9, 6, 5, 5, 7, 8, 8, 4, 2, 10, 8, 9, 8, 5, 6, 3, 8, 9, 9, 6, 6, 9, 7, 4, 3, 8, 3, 7, 1, 8, 2, 2, 9, 8, 1, 1, 9, 8, 10, 1, 1, 7, 9, 9, 2, 1, 3, 8, 7, 3, 5, 1, 10, 8, 8, 7, 6, 9, 3, 2, 10, 5, 6, 6, 10, 3, 5, 9, 7, 5, 7, 5, 2] 899.6085067612944 600000.51391
-- Summary -- 
*SHC*
Found PNE: 0/10
Approx Average: 1195.0730666169188
*SA*
Found PNE: 0/10
Approx Average: 1067.0473858756764
*CLO*
Found PNE: 0/10
Approx Average: 883.7528141273658
