Number of instances: 10
Game: Normal Form Game
Players: 200
Actions: 25
Metaheuristics time: 3600
-- 
Instance 0
seed: 1464094856424
--
SHC: [10, 1, 25, 16, 23, 22, 17, 12, 16, 15, 25, 18, 3, 25, 5, 24, 15, 14, 11, 20, 4, 11, 18, 20, 12, 19, 22, 1, 10, 3, 4, 11, 1, 1, 9, 11, 4, 4, 20, 23, 21, 2, 2, 17, 7, 17, 11, 3, 1, 11, 22, 3, 6, 9, 1, 18, 22, 17, 18, 4, 9, 6, 5, 2, 1, 13, 24, 17, 10, 12, 10, 10, 19, 14, 2, 1, 8, 17, 1, 20, 9, 12, 18, 25, 20, 18, 17, 14, 9, 11, 16, 19, 25, 18, 5, 23, 7, 6, 7, 8, 23, 9, 24, 18, 10, 10, 4, 2, 24, 9, 5, 25, 6, 24, 2, 17, 18, 12, 18, 12, 21, 2, 12, 8, 14, 23, 22, 1, 19, 21, 20, 18, 16, 15, 1, 15, 7, 18, 22, 4, 15, 9, 15, 11, 25, 5, 8, 17, 2, 18, 22, 23, 5, 3, 9, 24, 3, 19, 14, 11, 23, 1, 15, 11, 7, 25, 6, 5, 20, 5, 9, 24, 9, 3, 25, 25, 1, 23, 1, 23, 24, 8, 11, 8, 17, 15, 22, 17, 7, 7, 12, 14, 25, 9, 17, 14, 24, 11, 10, 8] 2501.5520389027665 3600002.131795
SA: [20, 7, 18, 25, 2, 16, 4, 3, 20, 23, 17, 12, 5, 18, 8, 24, 18, 6, 17, 18, 3, 2, 15, 14, 7, 11, 21, 2, 20, 21, 21, 11, 13, 5, 9, 22, 1, 18, 8, 2, 4, 19, 11, 7, 1, 5, 2, 8, 16, 8, 4, 20, 24, 12, 13, 22, 7, 25, 8, 13, 18, 8, 19, 15, 13, 12, 13, 23, 20, 8, 10, 25, 6, 2, 12, 4, 23, 2, 16, 22, 1, 10, 7, 2, 10, 4, 12, 20, 2, 7, 15, 11, 18, 21, 15, 8, 9, 24, 23, 6, 9, 6, 1, 9, 20, 21, 22, 3, 14, 13, 20, 18, 3, 22, 25, 2, 19, 3, 12, 8, 19, 19, 9, 4, 21, 18, 5, 25, 22, 9, 14, 25, 5, 1, 10, 13, 23, 15, 5, 15, 11, 9, 17, 12, 4, 4, 18, 9, 13, 2, 4, 3, 17, 25, 2, 5, 16, 19, 11, 20, 3, 21, 9, 9, 20, 22, 21, 23, 15, 23, 25, 4, 1, 23, 12, 12, 5, 4, 25, 13, 14, 12, 16, 18, 13, 17, 19, 15, 25, 17, 20, 12, 17, 3, 12, 4, 13, 12, 15, 13] 2255.1017468423606 3601780.515805
CLO: [24, 3, 18, 17, 7, 5, 6, 20, 7, 3, 13, 11, 4, 3, 1, 22, 18, 5, 16, 2, 4, 23, 21, 19, 7, 21, 18, 14, 21, 7, 12, 2, 24, 23, 22, 12, 11, 3, 15, 19, 20, 10, 15, 8, 12, 13, 5, 12, 7, 17, 12, 15, 11, 13, 5, 9, 21, 17, 12, 8, 4, 17, 6, 15, 23, 18, 17, 5, 11, 13, 8, 23, 4, 10, 4, 5, 21, 24, 13, 10, 8, 11, 14, 9, 1, 9, 18, 14, 2, 20, 15, 14, 2, 16, 2, 21, 7, 12, 4, 25, 4, 9, 4, 20, 2, 10, 8, 20, 2, 14, 9, 19, 17, 5, 19, 1, 14, 12, 22, 23, 17, 8, 17, 17, 11, 15, 13, 15, 25, 19, 7, 2, 16, 25, 5, 11, 17, 7, 15, 12, 22, 17, 18, 1, 25, 6, 6, 6, 15, 6, 7, 3, 21, 1, 5, 9, 8, 14, 7, 4, 9, 7, 7, 13, 6, 13, 9, 4, 20, 13, 15, 5, 6, 25, 3, 25, 24, 16, 15, 18, 25, 7, 16, 12, 17, 23, 9, 3, 4, 1, 13, 17, 21, 25, 12, 20, 15, 5, 2, 9] 2090.0440968749454 3600017.144117
-- 
Instance 1
seed: 1464105721384
--
SHC: [1, 13, 11, 5, 1, 25, 15, 15, 1, 16, 6, 3, 1, 23, 2, 15, 10, 6, 10, 12, 12, 6, 25, 9, 21, 12, 5, 12, 11, 9, 13, 16, 18, 20, 22, 9, 4, 24, 16, 5, 22, 22, 9, 23, 9, 25, 11, 10, 22, 19, 18, 1, 5, 14, 6, 2, 15, 7, 25, 25, 11, 17, 22, 13, 3, 4, 8, 2, 3, 2, 5, 24, 22, 24, 11, 24, 3, 4, 19, 15, 16, 20, 25, 14, 2, 19, 13, 4, 3, 10, 17, 9, 8, 8, 16, 5, 7, 4, 12, 4, 14, 22, 5, 23, 17, 17, 15, 6, 12, 2, 3, 21, 5, 11, 18, 2, 25, 7, 25, 5, 16, 16, 14, 16, 19, 14, 12, 6, 9, 12, 22, 2, 7, 18, 5, 7, 5, 3, 9, 8, 1, 4, 11, 14, 12, 14, 7, 3, 13, 20, 22, 20, 17, 19, 20, 1, 10, 8, 25, 20, 14, 22, 7, 14, 16, 23, 10, 18, 12, 11, 24, 2, 24, 2, 5, 13, 5, 6, 4, 6, 5, 8, 24, 10, 19, 23, 13, 5, 4, 21, 14, 18, 21, 22, 3, 12, 10, 3, 7, 13] 2538.9802027593096 3600007.941654
SA: [25, 11, 23, 4, 2, 21, 17, 11, 16, 1, 17, 17, 17, 11, 25, 9, 11, 7, 3, 6, 3, 20, 14, 20, 13, 2, 21, 10, 1, 23, 3, 4, 24, 25, 1, 23, 7, 1, 4, 6, 4, 9, 24, 23, 17, 22, 13, 3, 19, 3, 8, 6, 4, 7, 16, 7, 17, 5, 2, 18, 12, 13, 6, 13, 15, 7, 12, 24, 12, 3, 22, 23, 12, 3, 8, 25, 22, 15, 13, 17, 13, 4, 15, 18, 15, 3, 12, 18, 10, 4, 17, 23, 12, 17, 14, 10, 7, 2, 25, 24, 23, 2, 23, 4, 2, 10, 4, 24, 3, 3, 16, 7, 5, 23, 10, 2, 12, 12, 20, 8, 12, 20, 18, 22, 19, 22, 15, 18, 4, 5, 14, 3, 22, 17, 4, 11, 22, 5, 2, 6, 10, 15, 12, 10, 24, 4, 25, 11, 14, 18, 10, 3, 25, 1, 7, 14, 8, 23, 3, 8, 5, 2, 4, 1, 19, 24, 11, 24, 18, 11, 12, 16, 10, 20, 2, 21, 20, 9, 20, 22, 7, 6, 21, 6, 14, 3, 20, 23, 2, 13, 14, 5, 11, 13, 23, 6, 13, 23, 13, 4] 2271.6523045308077 3600047.866732
CLO: [11, 17, 10, 17, 5, 15, 7, 22, 19, 1, 21, 11, 8, 10, 25, 2, 13, 3, 13, 16, 1, 15, 14, 19, 25, 15, 5, 16, 25, 5, 11, 18, 16, 10, 22, 23, 6, 5, 25, 5, 15, 22, 20, 18, 10, 8, 10, 13, 1, 20, 25, 22, 5, 18, 7, 1, 16, 6, 15, 16, 25, 20, 3, 1, 8, 15, 23, 1, 18, 17, 22, 15, 5, 1, 6, 12, 19, 10, 3, 3, 5, 25, 13, 17, 8, 5, 20, 1, 17, 7, 2, 5, 9, 1, 5, 22, 20, 3, 22, 24, 17, 21, 16, 21, 24, 24, 16, 11, 1, 5, 25, 19, 6, 3, 2, 18, 15, 1, 21, 10, 22, 1, 15, 16, 8, 11, 11, 9, 7, 8, 25, 17, 1, 3, 6, 3, 17, 13, 24, 6, 25, 21, 14, 17, 9, 6, 4, 3, 2, 5, 23, 25, 4, 4, 10, 19, 10, 14, 12, 25, 6, 6, 19, 5, 25, 7, 2, 12, 9, 25, 5, 11, 6, 16, 5, 21, 4, 24, 23, 21, 1, 1, 11, 20, 25, 21, 14, 5, 5, 20, 4, 11, 1, 9, 17, 22, 5, 4, 3, 24] 1907.268348117562 3600021.68815
-- 
Instance 2
seed: 1464116600358
--
SHC: [1, 11, 2, 22, 11, 2, 25, 22, 25, 2, 5, 1, 3, 9, 16, 23, 22, 13, 14, 15, 11, 5, 23, 1, 15, 15, 12, 4, 10, 23, 4, 16, 7, 5, 5, 12, 12, 6, 8, 4, 13, 3, 23, 15, 23, 21, 9, 25, 25, 18, 2, 15, 25, 9, 20, 2, 5, 11, 20, 23, 14, 15, 10, 3, 10, 11, 20, 9, 21, 4, 16, 8, 12, 18, 3, 14, 16, 24, 13, 19, 17, 21, 24, 6, 7, 22, 16, 21, 19, 16, 13, 2, 15, 24, 8, 11, 24, 8, 4, 13, 5, 6, 16, 20, 8, 14, 12, 3, 1, 19, 12, 17, 3, 5, 24, 13, 10, 19, 16, 18, 18, 6, 2, 7, 3, 7, 18, 22, 16, 4, 17, 22, 19, 7, 7, 2, 1, 21, 1, 4, 3, 9, 22, 2, 11, 23, 24, 15, 12, 1, 2, 1, 23, 12, 23, 4, 24, 10, 8, 3, 5, 3, 17, 21, 22, 7, 7, 20, 22, 2, 17, 14, 17, 15, 18, 11, 15, 21, 1, 8, 7, 7, 19, 11, 18, 8, 1, 24, 6, 5, 19, 25, 7, 16, 8, 18, 8, 23, 9, 21] 2510.6450683250323 3600019.73442
SA: [13, 10, 22, 1, 7, 21, 1, 22, 17, 2, 16, 23, 12, 10, 5, 4, 10, 9, 5, 9, 11, 15, 2, 14, 25, 9, 13, 4, 19, 12, 17, 21, 8, 18, 18, 22, 9, 15, 10, 7, 10, 17, 16, 4, 9, 4, 25, 17, 4, 22, 16, 14, 9, 24, 4, 9, 6, 17, 5, 4, 17, 13, 17, 5, 14, 2, 5, 18, 18, 19, 6, 2, 1, 9, 22, 20, 23, 23, 7, 16, 11, 17, 25, 9, 17, 18, 25, 5, 6, 22, 22, 20, 16, 19, 6, 4, 13, 1, 5, 2, 15, 23, 19, 15, 16, 1, 15, 20, 21, 22, 23, 3, 21, 3, 1, 12, 9, 25, 15, 6, 1, 9, 16, 2, 18, 19, 7, 14, 20, 17, 4, 24, 6, 4, 1, 12, 4, 19, 1, 3, 14, 13, 14, 16, 20, 4, 12, 16, 15, 14, 1, 15, 3, 12, 22, 5, 13, 19, 18, 11, 1, 14, 20, 1, 21, 13, 23, 20, 21, 3, 23, 10, 5, 4, 6, 21, 20, 18, 17, 15, 14, 6, 16, 13, 6, 17, 25, 3, 1, 14, 16, 22, 19, 4, 22, 5, 6, 15, 11, 11] 2326.8389810349436 3600981.725353
CLO: [8, 21, 3, 23, 4, 1, 17, 22, 9, 21, 25, 18, 10, 18, 14, 20, 5, 15, 4, 9, 16, 22, 21, 16, 5, 6, 20, 4, 23, 17, 17, 1, 20, 1, 9, 5, 25, 16, 13, 4, 19, 20, 11, 16, 6, 20, 22, 24, 21, 9, 12, 7, 8, 3, 9, 18, 1, 1, 2, 23, 9, 5, 11, 3, 6, 1, 14, 20, 21, 25, 8, 16, 15, 19, 17, 24, 12, 16, 8, 9, 14, 5, 5, 23, 13, 15, 25, 5, 13, 4, 10, 18, 9, 14, 6, 19, 21, 16, 25, 21, 21, 7, 21, 24, 5, 11, 14, 18, 14, 5, 17, 7, 9, 2, 4, 3, 4, 14, 22, 18, 20, 15, 6, 22, 19, 4, 3, 23, 5, 8, 4, 1, 5, 19, 13, 7, 14, 15, 6, 2, 7, 21, 21, 2, 2, 9, 6, 11, 14, 23, 17, 13, 16, 3, 1, 21, 8, 19, 16, 5, 22, 8, 25, 14, 8, 5, 11, 8, 18, 3, 9, 20, 16, 10, 8, 23, 23, 14, 7, 11, 7, 16, 13, 15, 2, 15, 13, 22, 20, 13, 14, 15, 10, 18, 7, 3, 18, 2, 7, 1] 2020.9630729622772 3600007.610557
-- 
Instance 3
seed: 1464127460704
--
SHC: [15, 14, 16, 22, 8, 12, 14, 18, 15, 2, 2, 6, 14, 10, 18, 11, 20, 7, 12, 9, 14, 6, 3, 13, 12, 22, 20, 24, 9, 6, 4, 23, 1, 16, 25, 8, 24, 7, 12, 19, 11, 15, 18, 12, 4, 4, 9, 13, 12, 11, 18, 5, 7, 24, 8, 25, 2, 11, 1, 11, 10, 1, 7, 6, 12, 25, 9, 8, 7, 14, 25, 10, 13, 6, 14, 18, 6, 16, 20, 11, 3, 25, 4, 9, 3, 16, 7, 22, 1, 15, 3, 7, 5, 7, 5, 14, 4, 19, 16, 19, 9, 12, 1, 14, 14, 2, 19, 17, 1, 11, 21, 5, 17, 13, 15, 4, 6, 5, 6, 5, 5, 2, 13, 1, 9, 20, 23, 24, 16, 20, 6, 4, 22, 25, 3, 7, 16, 5, 21, 20, 4, 7, 18, 8, 25, 16, 25, 25, 7, 16, 23, 10, 13, 7, 25, 12, 4, 15, 8, 6, 12, 24, 11, 9, 7, 7, 22, 22, 10, 5, 20, 9, 5, 9, 13, 19, 3, 1, 9, 19, 8, 16, 21, 10, 17, 18, 11, 12, 23, 23, 3, 9, 12, 1, 25, 19, 12, 19, 9, 8] 2347.8989455517653 3600025.602778
SA: [2, 14, 17, 10, 12, 23, 9, 21, 1, 4, 8, 8, 10, 2, 4, 14, 10, 1, 22, 5, 19, 15, 5, 6, 4, 16, 5, 12, 15, 17, 8, 18, 24, 19, 10, 4, 11, 9, 25, 24, 3, 25, 4, 24, 4, 8, 6, 21, 18, 1, 13, 15, 19, 15, 15, 10, 22, 14, 10, 5, 10, 22, 13, 7, 8, 25, 13, 21, 9, 23, 14, 18, 3, 18, 7, 6, 21, 2, 25, 16, 12, 18, 9, 18, 14, 17, 5, 1, 2, 15, 8, 14, 19, 18, 22, 8, 10, 2, 23, 10, 10, 18, 8, 5, 20, 7, 13, 10, 5, 20, 7, 14, 5, 9, 16, 15, 19, 19, 19, 6, 6, 3, 17, 5, 22, 7, 20, 2, 17, 22, 16, 19, 5, 22, 11, 24, 12, 2, 10, 9, 7, 19, 21, 5, 20, 2, 8, 3, 14, 8, 2, 20, 20, 12, 12, 13, 10, 5, 10, 2, 23, 1, 10, 13, 17, 4, 15, 18, 22, 18, 18, 8, 17, 19, 22, 16, 17, 23, 14, 9, 3, 15, 1, 11, 16, 2, 19, 7, 20, 22, 22, 13, 11, 22, 24, 10, 18, 23, 17, 21] 2346.781098270735 3602940.537858
CLO: [8, 23, 17, 7, 8, 16, 8, 21, 23, 17, 20, 25, 17, 5, 11, 5, 4, 7, 8, 22, 23, 3, 6, 14, 14, 19, 13, 12, 16, 6, 25, 13, 18, 21, 14, 2, 20, 22, 22, 13, 25, 9, 1, 16, 2, 5, 24, 13, 23, 10, 24, 5, 24, 10, 18, 8, 24, 22, 13, 2, 7, 4, 14, 3, 20, 19, 6, 20, 24, 17, 8, 9, 3, 23, 13, 15, 8, 18, 10, 10, 24, 20, 24, 7, 18, 12, 19, 15, 25, 25, 24, 17, 23, 21, 21, 11, 12, 2, 21, 20, 19, 6, 5, 24, 8, 5, 11, 4, 8, 13, 13, 12, 12, 22, 7, 2, 6, 14, 22, 16, 8, 1, 14, 19, 3, 5, 1, 25, 7, 14, 12, 21, 10, 9, 6, 23, 16, 14, 12, 2, 8, 2, 16, 19, 8, 19, 9, 20, 5, 10, 3, 6, 16, 2, 13, 20, 15, 21, 6, 4, 25, 7, 2, 6, 16, 14, 22, 2, 17, 24, 14, 23, 17, 22, 14, 24, 25, 14, 15, 12, 20, 8, 1, 18, 20, 5, 5, 22, 3, 3, 17, 17, 19, 15, 2, 9, 22, 23, 7, 21] 2164.0191141165933 3600018.90543
-- 
Instance 4
seed: 1464138350129
--
SHC: [4, 3, 17, 12, 19, 15, 7, 1, 21, 24, 20, 5, 23, 20, 18, 11, 13, 12, 21, 23, 6, 25, 21, 16, 24, 3, 18, 6, 8, 21, 19, 6, 25, 3, 14, 8, 6, 4, 21, 19, 7, 7, 18, 9, 9, 8, 20, 25, 21, 4, 24, 6, 15, 1, 18, 22, 10, 4, 16, 12, 22, 8, 7, 21, 10, 2, 10, 12, 15, 13, 20, 7, 16, 17, 14, 18, 20, 22, 11, 4, 20, 6, 9, 25, 24, 2, 17, 14, 12, 15, 13, 5, 18, 11, 19, 14, 13, 2, 19, 13, 21, 14, 13, 13, 22, 4, 6, 16, 8, 13, 15, 18, 24, 15, 25, 15, 2, 5, 16, 19, 3, 18, 2, 8, 4, 7, 25, 14, 16, 21, 8, 24, 6, 24, 24, 11, 15, 3, 19, 14, 3, 7, 8, 21, 25, 8, 10, 24, 11, 18, 1, 6, 15, 21, 7, 21, 10, 6, 21, 14, 14, 20, 1, 24, 12, 3, 18, 22, 24, 22, 21, 1, 14, 24, 22, 3, 12, 4, 12, 4, 3, 14, 12, 4, 10, 6, 1, 2, 3, 24, 20, 5, 18, 22, 6, 10, 1, 9, 16, 14] 2499.2430055573627 3600023.656013
SA: [11, 13, 12, 20, 7, 6, 3, 25, 11, 5, 4, 21, 23, 13, 25, 7, 21, 20, 12, 24, 12, 6, 22, 14, 14, 16, 5, 8, 9, 4, 5, 16, 23, 8, 6, 5, 5, 15, 6, 10, 17, 24, 16, 23, 5, 25, 4, 16, 22, 2, 21, 19, 10, 21, 13, 25, 6, 4, 11, 15, 12, 21, 1, 6, 11, 10, 23, 4, 16, 10, 8, 16, 12, 20, 6, 15, 22, 20, 16, 18, 11, 23, 23, 19, 12, 14, 16, 23, 11, 14, 16, 24, 3, 2, 25, 22, 24, 5, 2, 24, 25, 16, 15, 21, 15, 4, 9, 1, 19, 6, 24, 8, 6, 8, 16, 22, 14, 12, 10, 11, 19, 1, 8, 6, 10, 13, 18, 8, 21, 5, 9, 9, 6, 19, 11, 2, 8, 2, 20, 12, 21, 4, 8, 24, 24, 23, 17, 15, 13, 7, 14, 2, 4, 12, 12, 1, 20, 14, 21, 5, 18, 24, 10, 12, 10, 19, 2, 5, 19, 5, 18, 17, 10, 19, 23, 4, 13, 1, 16, 21, 9, 4, 22, 3, 20, 14, 5, 16, 8, 25, 3, 8, 17, 18, 12, 19, 14, 7, 25, 16] 2339.291090660595 3603768.994825
CLO: [2, 25, 21, 18, 11, 17, 10, 21, 17, 25, 12, 24, 14, 12, 20, 16, 20, 21, 15, 15, 3, 14, 11, 6, 21, 16, 23, 2, 15, 22, 21, 21, 13, 14, 7, 6, 24, 11, 12, 16, 2, 19, 22, 17, 24, 15, 7, 16, 8, 11, 15, 22, 17, 10, 20, 12, 23, 3, 13, 7, 1, 4, 23, 8, 6, 20, 1, 1, 24, 3, 5, 4, 25, 17, 12, 6, 9, 15, 3, 3, 1, 8, 10, 23, 9, 5, 20, 20, 21, 17, 20, 5, 1, 24, 18, 8, 13, 18, 3, 18, 3, 21, 8, 9, 8, 14, 9, 6, 14, 22, 17, 21, 13, 23, 19, 1, 12, 17, 11, 14, 15, 6, 18, 20, 18, 8, 6, 17, 7, 5, 21, 7, 1, 23, 6, 13, 3, 16, 16, 23, 10, 16, 2, 25, 22, 8, 7, 10, 7, 11, 24, 3, 21, 6, 6, 8, 10, 24, 1, 11, 15, 5, 8, 4, 9, 13, 7, 2, 6, 20, 18, 15, 2, 17, 9, 9, 3, 20, 14, 2, 20, 10, 16, 18, 13, 16, 19, 9, 8, 23, 14, 24, 9, 16, 1, 17, 16, 2, 20, 24] 2122.8817839126236 3600001.614427
-- 
Instance 5
seed: 1464149256860
--
SHC: [19, 3, 19, 21, 8, 13, 5, 23, 11, 15, 8, 16, 19, 21, 25, 12, 14, 12, 6, 2, 5, 14, 11, 19, 17, 16, 14, 12, 23, 20, 5, 18, 25, 12, 2, 25, 21, 20, 21, 21, 17, 6, 25, 8, 23, 14, 22, 10, 8, 7, 12, 19, 10, 12, 15, 16, 20, 18, 13, 19, 4, 21, 18, 10, 24, 1, 7, 10, 1, 6, 23, 15, 5, 22, 5, 10, 8, 19, 2, 13, 23, 25, 23, 20, 17, 7, 20, 17, 23, 9, 14, 2, 25, 21, 6, 12, 22, 21, 16, 13, 14, 18, 21, 7, 21, 2, 13, 7, 7, 23, 1, 17, 13, 25, 23, 18, 20, 16, 24, 5, 23, 15, 10, 24, 2, 11, 12, 8, 3, 5, 17, 18, 18, 18, 15, 20, 16, 16, 21, 4, 8, 22, 22, 5, 17, 21, 14, 21, 1, 17, 12, 22, 11, 9, 6, 12, 18, 25, 13, 15, 10, 22, 23, 15, 4, 2, 11, 22, 20, 9, 4, 18, 7, 16, 3, 20, 17, 22, 21, 8, 10, 9, 3, 6, 22, 19, 8, 13, 12, 22, 10, 11, 8, 6, 8, 13, 8, 19, 1, 16] 2429.617844023835 3600020.057795
SA: [4, 7, 12, 8, 13, 15, 22, 4, 6, 3, 11, 10, 4, 15, 1, 6, 12, 19, 5, 22, 14, 6, 21, 1, 17, 2, 8, 20, 4, 25, 14, 1, 10, 5, 7, 1, 19, 3, 9, 8, 16, 7, 13, 4, 10, 11, 20, 22, 6, 21, 4, 9, 4, 2, 1, 2, 23, 19, 10, 14, 7, 18, 18, 15, 13, 20, 16, 24, 6, 2, 25, 16, 19, 23, 20, 7, 24, 21, 5, 4, 22, 1, 24, 13, 25, 19, 13, 7, 12, 17, 8, 14, 3, 2, 3, 11, 4, 22, 21, 24, 15, 19, 17, 9, 9, 7, 11, 15, 4, 6, 23, 12, 15, 13, 24, 25, 11, 19, 22, 21, 17, 21, 1, 23, 15, 12, 7, 5, 1, 22, 11, 7, 24, 3, 2, 19, 10, 4, 15, 12, 3, 25, 15, 16, 3, 8, 9, 16, 10, 25, 11, 19, 24, 8, 15, 10, 23, 18, 5, 2, 9, 6, 19, 19, 3, 3, 18, 3, 3, 17, 13, 16, 20, 12, 2, 24, 23, 14, 24, 19, 8, 17, 22, 13, 15, 10, 9, 12, 9, 6, 3, 18, 13, 22, 7, 23, 17, 11, 1, 18] 2116.1774665175535 3600016.082602
CLO: [12, 4, 24, 23, 2, 13, 16, 20, 13, 7, 2, 8, 23, 14, 23, 10, 17, 3, 6, 11, 4, 25, 17, 21, 15, 18, 25, 13, 7, 17, 20, 17, 8, 9, 25, 22, 10, 20, 23, 1, 5, 22, 17, 17, 17, 12, 3, 2, 4, 7, 18, 8, 6, 14, 2, 14, 21, 25, 14, 1, 19, 22, 4, 8, 18, 12, 18, 24, 12, 16, 25, 7, 3, 8, 16, 25, 16, 25, 22, 24, 11, 18, 1, 24, 25, 13, 7, 7, 2, 2, 5, 10, 17, 1, 24, 12, 4, 22, 22, 18, 14, 20, 25, 19, 16, 24, 15, 7, 20, 25, 25, 11, 19, 7, 9, 4, 14, 24, 22, 5, 3, 17, 15, 10, 5, 8, 7, 25, 14, 17, 14, 25, 5, 1, 15, 18, 5, 4, 20, 14, 21, 25, 3, 21, 22, 13, 7, 21, 8, 23, 3, 5, 4, 23, 1, 3, 22, 23, 19, 22, 15, 25, 12, 23, 17, 13, 7, 9, 4, 21, 14, 17, 8, 3, 21, 16, 4, 20, 17, 2, 23, 9, 5, 11, 7, 1, 1, 12, 10, 7, 17, 14, 17, 14, 17, 25, 23, 22, 23, 25] 2138.880344731238 3600002.353911
-- 
Instance 6
seed: 1464160158575
--
SHC: [9, 3, 19, 15, 21, 6, 13, 8, 6, 20, 1, 22, 13, 2, 3, 5, 14, 1, 9, 12, 24, 19, 16, 25, 16, 18, 4, 20, 5, 13, 21, 23, 7, 22, 21, 14, 17, 18, 24, 23, 21, 8, 7, 20, 14, 13, 19, 11, 10, 2, 12, 2, 7, 21, 5, 4, 19, 19, 25, 15, 5, 11, 7, 10, 19, 19, 9, 7, 6, 9, 10, 16, 22, 11, 13, 11, 9, 5, 7, 17, 21, 8, 7, 12, 6, 21, 8, 4, 9, 21, 22, 18, 17, 18, 6, 14, 19, 3, 13, 5, 20, 19, 13, 11, 13, 11, 1, 21, 10, 25, 13, 7, 16, 16, 25, 10, 13, 10, 5, 16, 1, 4, 14, 16, 13, 24, 1, 8, 11, 23, 9, 8, 24, 22, 7, 21, 10, 16, 9, 3, 2, 5, 15, 24, 22, 16, 3, 2, 25, 12, 10, 20, 10, 4, 14, 12, 15, 22, 8, 12, 8, 5, 24, 1, 8, 4, 18, 5, 9, 8, 16, 18, 9, 4, 18, 19, 22, 10, 11, 18, 19, 10, 14, 19, 20, 10, 8, 5, 3, 10, 6, 12, 15, 13, 22, 7, 6, 18, 5, 9] 2450.0778594372314 3600002.194125
SA: [9, 7, 7, 9, 15, 16, 8, 25, 24, 11, 21, 16, 25, 22, 10, 20, 8, 15, 10, 13, 7, 20, 5, 22, 24, 8, 4, 17, 6, 12, 8, 16, 13, 18, 10, 21, 2, 11, 25, 9, 16, 14, 9, 21, 14, 5, 21, 7, 7, 21, 16, 4, 6, 20, 16, 10, 9, 13, 12, 10, 18, 9, 19, 5, 2, 5, 10, 25, 16, 5, 24, 2, 18, 8, 8, 6, 6, 20, 20, 7, 20, 15, 17, 8, 11, 21, 3, 25, 17, 24, 4, 16, 19, 23, 8, 4, 15, 8, 23, 25, 7, 12, 11, 11, 21, 16, 2, 24, 2, 21, 19, 4, 15, 17, 17, 20, 3, 7, 14, 1, 19, 16, 22, 1, 2, 15, 11, 9, 8, 6, 22, 12, 15, 4, 22, 23, 22, 11, 9, 9, 6, 23, 22, 6, 25, 11, 21, 18, 4, 17, 14, 3, 9, 2, 7, 16, 21, 8, 5, 25, 20, 1, 6, 16, 25, 19, 22, 4, 10, 4, 9, 14, 4, 15, 7, 6, 17, 9, 15, 2, 1, 1, 16, 4, 22, 15, 5, 13, 2, 2, 9, 5, 18, 9, 23, 10, 19, 19, 17, 25] 2294.3815101515784 3603081.638884
CLO: [6, 13, 9, 7, 15, 5, 7, 8, 18, 24, 22, 18, 8, 17, 12, 22, 2, 14, 12, 7, 25, 17, 6, 3, 21, 2, 8, 23, 17, 10, 19, 10, 6, 20, 21, 10, 15, 22, 22, 10, 14, 22, 8, 16, 12, 5, 7, 12, 15, 11, 3, 18, 6, 14, 12, 13, 15, 16, 14, 20, 2, 25, 2, 1, 1, 23, 9, 13, 10, 22, 12, 9, 10, 1, 5, 6, 18, 6, 3, 22, 9, 12, 17, 22, 4, 8, 5, 2, 8, 3, 24, 24, 5, 5, 23, 5, 8, 3, 16, 13, 9, 21, 3, 23, 15, 20, 7, 16, 11, 8, 21, 10, 2, 23, 19, 18, 6, 1, 4, 5, 16, 24, 13, 19, 12, 8, 2, 23, 3, 6, 16, 24, 8, 25, 20, 3, 7, 25, 3, 17, 13, 15, 2, 17, 19, 22, 8, 18, 22, 24, 3, 23, 20, 25, 9, 11, 21, 15, 20, 7, 20, 3, 7, 17, 12, 19, 10, 19, 17, 10, 1, 19, 7, 18, 16, 22, 7, 25, 21, 25, 23, 7, 16, 19, 22, 22, 7, 2, 21, 25, 1, 5, 8, 3, 10, 15, 8, 15, 6, 5] 2227.772202030811 3600015.143342
-- 
Instance 7
seed: 1464171017653
--
SHC: [12, 16, 19, 8, 14, 20, 12, 19, 5, 23, 5, 21, 3, 25, 19, 8, 12, 2, 4, 23, 2, 10, 11, 24, 22, 10, 19, 6, 24, 15, 13, 1, 20, 13, 20, 7, 14, 21, 20, 5, 20, 14, 9, 13, 17, 10, 23, 5, 10, 9, 19, 15, 12, 3, 1, 20, 1, 10, 17, 11, 20, 15, 23, 16, 15, 4, 21, 9, 24, 5, 15, 6, 18, 9, 1, 9, 5, 8, 15, 23, 6, 12, 13, 9, 17, 1, 17, 11, 6, 7, 16, 15, 12, 19, 20, 12, 15, 8, 23, 1, 25, 3, 14, 25, 2, 1, 12, 18, 2, 6, 13, 18, 1, 13, 6, 13, 16, 9, 5, 15, 5, 24, 24, 10, 1, 8, 6, 9, 10, 22, 17, 18, 19, 3, 1, 12, 16, 20, 21, 21, 10, 12, 12, 19, 22, 18, 22, 22, 20, 11, 9, 17, 16, 6, 5, 25, 22, 11, 24, 9, 11, 10, 24, 14, 12, 12, 6, 1, 25, 23, 3, 25, 25, 5, 5, 4, 5, 11, 14, 12, 5, 9, 9, 7, 23, 16, 3, 9, 8, 6, 14, 16, 25, 1, 18, 16, 5, 10, 2, 4] 2444.9243057675076 3600027.470367
SA: [10, 10, 14, 2, 12, 6, 2, 8, 17, 23, 3, 1, 16, 6, 3, 25, 4, 2, 4, 23, 18, 13, 21, 9, 25, 10, 16, 19, 21, 2, 10, 20, 6, 7, 24, 7, 14, 7, 2, 3, 18, 23, 2, 6, 10, 12, 10, 19, 1, 9, 8, 25, 20, 12, 23, 1, 25, 1, 24, 19, 11, 24, 24, 19, 3, 13, 23, 1, 16, 5, 24, 4, 5, 8, 5, 3, 17, 14, 23, 22, 3, 16, 2, 6, 21, 18, 16, 3, 23, 16, 11, 10, 10, 10, 23, 23, 9, 15, 15, 13, 23, 14, 6, 16, 3, 12, 7, 2, 13, 15, 11, 20, 9, 22, 17, 1, 21, 17, 24, 20, 20, 18, 21, 8, 9, 25, 2, 21, 11, 6, 10, 12, 13, 5, 1, 22, 20, 19, 3, 8, 24, 18, 20, 24, 18, 1, 5, 11, 12, 22, 13, 18, 3, 21, 15, 19, 25, 5, 17, 12, 13, 25, 11, 23, 16, 8, 15, 15, 24, 13, 3, 6, 1, 5, 6, 4, 18, 11, 12, 6, 2, 4, 10, 22, 17, 15, 8, 25, 8, 7, 6, 13, 20, 14, 10, 20, 18, 15, 24, 7] 2309.7251683363556 3601419.499061
CLO: [18, 13, 20, 19, 22, 11, 24, 2, 16, 18, 5, 3, 12, 20, 14, 10, 4, 10, 12, 20, 22, 20, 11, 20, 20, 3, 21, 13, 14, 10, 10, 12, 17, 23, 24, 1, 13, 17, 19, 5, 8, 17, 18, 8, 9, 18, 8, 6, 22, 25, 14, 12, 7, 18, 7, 9, 3, 18, 17, 12, 8, 23, 21, 8, 14, 23, 12, 21, 12, 23, 25, 22, 3, 9, 10, 19, 18, 2, 24, 20, 14, 19, 24, 17, 6, 16, 17, 20, 16, 4, 20, 10, 9, 13, 23, 3, 1, 19, 4, 18, 4, 11, 15, 5, 16, 22, 2, 12, 18, 16, 2, 19, 5, 23, 6, 9, 13, 14, 12, 7, 21, 8, 15, 25, 10, 8, 8, 13, 17, 14, 20, 6, 18, 22, 7, 18, 22, 16, 9, 19, 25, 11, 23, 12, 17, 5, 11, 25, 1, 21, 19, 16, 1, 23, 14, 11, 22, 16, 9, 5, 18, 18, 24, 24, 6, 16, 7, 12, 2, 21, 19, 4, 20, 17, 4, 22, 2, 16, 16, 13, 9, 20, 10, 19, 22, 16, 6, 8, 19, 17, 23, 2, 25, 7, 3, 25, 15, 22, 23, 25] 2098.8517614437897 3600000.343333
-- 
Instance 8
seed: 1464181898216
--
SHC: [1, 12, 11, 13, 16, 10, 17, 15, 9, 16, 18, 15, 3, 6, 8, 16, 21, 18, 22, 6, 4, 17, 4, 25, 18, 6, 3, 10, 7, 2, 24, 22, 24, 24, 12, 14, 8, 21, 2, 23, 5, 19, 22, 12, 5, 20, 14, 1, 2, 6, 3, 3, 13, 6, 5, 18, 25, 19, 21, 15, 23, 24, 8, 4, 4, 20, 11, 18, 9, 5, 21, 15, 10, 21, 17, 2, 15, 15, 13, 9, 6, 19, 21, 14, 8, 2, 2, 1, 21, 22, 23, 5, 6, 24, 9, 6, 1, 19, 14, 6, 5, 12, 20, 11, 24, 18, 12, 18, 7, 3, 1, 11, 16, 14, 16, 11, 16, 25, 15, 22, 1, 21, 13, 2, 3, 22, 19, 22, 12, 18, 24, 7, 2, 6, 13, 7, 21, 21, 1, 24, 5, 17, 9, 5, 20, 20, 21, 21, 13, 24, 21, 11, 7, 16, 15, 19, 11, 11, 19, 13, 4, 6, 23, 18, 1, 2, 22, 1, 23, 6, 6, 24, 24, 3, 17, 12, 11, 9, 8, 19, 16, 21, 11, 6, 3, 8, 21, 13, 24, 18, 1, 12, 16, 15, 16, 16, 8, 8, 4, 4] 2346.4688636939404 3600018.94564
SA: [18, 24, 8, 7, 2, 6, 22, 17, 10, 22, 10, 1, 3, 21, 22, 16, 15, 3, 19, 24, 9, 11, 23, 13, 21, 2, 8, 17, 2, 24, 17, 9, 4, 19, 9, 9, 11, 3, 19, 5, 18, 4, 18, 7, 13, 12, 21, 4, 12, 17, 18, 17, 3, 23, 23, 16, 1, 17, 8, 4, 8, 24, 22, 17, 3, 10, 11, 19, 24, 10, 4, 7, 16, 18, 17, 14, 4, 3, 3, 22, 5, 21, 18, 9, 21, 18, 10, 18, 5, 4, 23, 17, 11, 2, 5, 22, 1, 8, 20, 15, 10, 21, 18, 2, 24, 8, 20, 10, 4, 22, 24, 25, 15, 24, 3, 22, 3, 19, 11, 13, 6, 16, 3, 9, 6, 10, 14, 16, 12, 4, 12, 25, 12, 18, 19, 22, 10, 19, 16, 20, 7, 10, 7, 19, 9, 12, 1, 12, 17, 16, 22, 16, 4, 17, 6, 12, 3, 4, 4, 19, 23, 21, 24, 23, 21, 12, 11, 12, 22, 23, 9, 14, 13, 4, 12, 1, 22, 9, 18, 3, 3, 12, 18, 11, 11, 7, 2, 21, 4, 11, 15, 25, 19, 8, 15, 24, 22, 4, 25, 11] 2439.4577339225007 3601975.572793
CLO: [6, 9, 16, 23, 14, 21, 18, 5, 16, 21, 1, 15, 15, 2, 16, 17, 18, 20, 16, 25, 5, 7, 19, 3, 7, 7, 1, 7, 3, 12, 15, 1, 10, 20, 22, 6, 12, 15, 23, 17, 20, 24, 15, 22, 17, 24, 4, 18, 15, 1, 23, 14, 7, 23, 12, 21, 3, 8, 9, 11, 11, 7, 7, 4, 10, 5, 10, 18, 7, 13, 8, 21, 4, 8, 17, 19, 10, 13, 25, 16, 10, 11, 18, 1, 9, 16, 15, 12, 6, 24, 21, 21, 10, 16, 6, 10, 24, 2, 2, 14, 25, 7, 8, 11, 23, 10, 2, 13, 19, 5, 16, 18, 13, 7, 14, 21, 18, 4, 7, 9, 15, 8, 6, 5, 13, 20, 12, 16, 20, 24, 6, 24, 21, 22, 20, 4, 18, 2, 2, 3, 19, 2, 24, 11, 3, 25, 25, 6, 19, 20, 9, 8, 13, 9, 24, 9, 3, 22, 17, 23, 13, 4, 8, 12, 22, 18, 14, 9, 17, 1, 1, 3, 23, 18, 21, 22, 21, 16, 7, 25, 8, 4, 7, 25, 21, 4, 4, 11, 10, 19, 17, 3, 19, 23, 17, 17, 5, 13, 11, 14] 2178.572498663182 3600019.923464
-- 
Instance 9
seed: 1464192757324
--
SHC: [18, 13, 12, 2, 2, 8, 24, 16, 8, 17, 25, 24, 14, 22, 13, 2, 14, 11, 2, 19, 19, 2, 11, 3, 17, 5, 14, 16, 3, 25, 6, 14, 23, 18, 10, 21, 3, 4, 18, 17, 11, 1, 15, 10, 14, 12, 8, 12, 3, 12, 10, 7, 18, 16, 1, 10, 4, 24, 2, 13, 17, 5, 24, 14, 9, 5, 14, 4, 25, 10, 23, 8, 24, 9, 23, 23, 13, 5, 6, 25, 13, 23, 23, 16, 24, 5, 25, 6, 17, 12, 14, 18, 21, 9, 18, 22, 14, 20, 14, 23, 12, 12, 25, 13, 21, 20, 3, 4, 1, 24, 16, 6, 3, 8, 23, 17, 19, 5, 12, 13, 16, 20, 18, 25, 3, 9, 9, 12, 23, 6, 25, 21, 3, 17, 24, 18, 24, 6, 19, 7, 22, 12, 12, 8, 9, 6, 2, 22, 5, 5, 1, 14, 19, 20, 5, 11, 16, 10, 13, 25, 24, 19, 10, 21, 17, 24, 6, 13, 10, 3, 18, 23, 15, 21, 25, 9, 25, 4, 18, 14, 10, 12, 11, 23, 6, 23, 3, 20, 7, 8, 8, 23, 7, 21, 3, 14, 4, 19, 20, 22] 2449.6681373450874 3600027.306567
SA: [8, 20, 7, 6, 10, 22, 18, 18, 18, 12, 8, 18, 13, 13, 9, 19, 23, 20, 4, 24, 10, 6, 8, 12, 17, 3, 13, 6, 12, 15, 14, 16, 19, 2, 4, 1, 25, 22, 11, 22, 11, 3, 9, 12, 12, 5, 25, 19, 19, 21, 21, 16, 23, 17, 23, 9, 16, 24, 11, 3, 12, 17, 4, 7, 25, 3, 21, 24, 11, 1, 7, 24, 14, 22, 18, 25, 16, 5, 20, 20, 7, 1, 11, 13, 2, 8, 17, 1, 15, 22, 11, 13, 8, 8, 14, 7, 19, 22, 13, 25, 13, 18, 9, 19, 13, 23, 16, 10, 14, 22, 9, 13, 22, 2, 20, 25, 19, 18, 8, 19, 13, 20, 20, 16, 10, 13, 20, 8, 16, 10, 21, 16, 2, 21, 6, 22, 21, 9, 1, 2, 7, 24, 2, 1, 4, 5, 9, 4, 12, 5, 15, 8, 19, 25, 18, 4, 18, 23, 5, 11, 25, 10, 23, 19, 20, 21, 10, 6, 24, 20, 20, 24, 15, 7, 4, 4, 3, 22, 3, 18, 15, 2, 23, 20, 1, 19, 19, 6, 25, 18, 12, 3, 17, 15, 6, 10, 14, 16, 9, 6] 2281.626727309503 3600001.226994
CLO: [17, 18, 15, 22, 22, 7, 24, 5, 16, 2, 8, 23, 9, 23, 24, 7, 4, 20, 17, 17, 16, 15, 18, 21, 12, 10, 13, 14, 8, 19, 21, 1, 24, 18, 19, 7, 10, 13, 2, 8, 25, 18, 14, 5, 8, 9, 3, 25, 24, 7, 17, 12, 13, 23, 12, 12, 5, 16, 23, 6, 5, 1, 2, 22, 10, 20, 22, 25, 10, 11, 21, 15, 16, 16, 1, 23, 19, 21, 15, 21, 4, 25, 13, 7, 21, 11, 19, 25, 9, 6, 24, 20, 20, 4, 6, 23, 19, 13, 19, 25, 17, 17, 23, 16, 13, 20, 22, 14, 13, 17, 19, 7, 4, 25, 6, 8, 6, 18, 7, 21, 8, 16, 3, 2, 22, 10, 16, 22, 19, 12, 5, 9, 2, 1, 3, 22, 5, 18, 25, 4, 13, 4, 10, 4, 19, 14, 2, 10, 20, 21, 8, 1, 6, 15, 17, 16, 9, 22, 19, 9, 1, 16, 3, 10, 17, 6, 5, 17, 11, 13, 13, 13, 10, 4, 21, 9, 9, 15, 11, 2, 4, 6, 22, 11, 3, 19, 18, 22, 1, 1, 12, 22, 1, 1, 23, 17, 10, 2, 22, 13] 2085.7675996481867 3600008.437728
-- Summary -- 
*SHC*
Found PNE: 0/10
Approx Average: 2451.907627136384
*SA*
Found PNE: 0/10
Approx Average: 2298.1033827576935
*CLO*
Found PNE: 0/10
Approx Average: 2103.502082250121
