Number of instances: 10
Game: Normal Form Game
Players: 500
Actions: 10
Metaheuristics time: 3600
-- 
Instance 0
seed: 1464094856420
--
SHC: [1, 9, 10, 8, 2, 6, 6, 6, 4, 8, 7, 2, 7, 5, 7, 9, 8, 9, 7, 7, 4, 9, 2, 1, 3, 10, 3, 2, 10, 2, 5, 5, 3, 9, 2, 4, 10, 4, 6, 8, 2, 6, 4, 4, 3, 1, 7, 6, 1, 5, 9, 9, 3, 3, 9, 7, 8, 10, 1, 9, 5, 7, 4, 8, 4, 7, 8, 4, 6, 10, 3, 6, 5, 4, 6, 10, 1, 10, 1, 3, 3, 10, 1, 1, 10, 7, 8, 4, 8, 9, 7, 2, 1, 10, 1, 4, 4, 10, 10, 3, 3, 7, 7, 10, 10, 5, 9, 5, 6, 1, 5, 8, 1, 6, 1, 8, 5, 7, 2, 9, 10, 8, 3, 6, 3, 3, 6, 9, 7, 3, 7, 5, 5, 3, 7, 9, 7, 10, 1, 3, 9, 3, 2, 7, 2, 4, 3, 2, 8, 9, 6, 6, 4, 3, 8, 9, 4, 3, 3, 5, 4, 9, 7, 7, 5, 8, 3, 7, 6, 1, 5, 5, 3, 4, 9, 10, 6, 5, 3, 10, 8, 9, 7, 9, 8, 9, 10, 4, 2, 1, 2, 7, 3, 8, 6, 4, 9, 4, 5, 3, 9, 7, 8, 7, 2, 9, 2, 5, 6, 6, 9, 5, 2, 3, 10, 10, 8, 1, 7, 10, 6, 1, 9, 7, 1, 5, 8, 8, 4, 9, 9, 10, 7, 1, 4, 4, 2, 10, 9, 2, 8, 9, 3, 10, 6, 9, 2, 5, 6, 8, 3, 5, 8, 7, 3, 9, 10, 5, 7, 7, 8, 5, 2, 3, 7, 4, 5, 10, 10, 3, 5, 10, 2, 6, 4, 7, 7, 4, 5, 1, 2, 6, 8, 10, 5, 9, 7, 9, 10, 7, 7, 10, 10, 6, 10, 1, 1, 3, 6, 1, 5, 10, 8, 6, 2, 1, 1, 3, 5, 7, 2, 6, 10, 1, 4, 4, 3, 3, 7, 1, 7, 8, 6, 1, 1, 8, 1, 10, 5, 3, 8, 8, 10, 7, 7, 10, 7, 9, 8, 5, 4, 3, 1, 7, 10, 2, 6, 6, 2, 2, 9, 2, 8, 10, 5, 8, 8, 6, 5, 3, 2, 3, 2, 6, 1, 3, 8, 9, 6, 1, 1, 3, 5, 2, 8, 1, 8, 3, 1, 2, 3, 4, 8, 7, 7, 8, 9, 3, 10, 7, 5, 3, 3, 7, 4, 10, 3, 8, 5, 2, 3, 3, 4, 4, 3, 8, 4, 3, 8, 9, 9, 10, 7, 1, 4, 4, 5, 9, 5, 9, 4, 2, 3, 5, 10, 3, 8, 9, 8, 8, 4, 3, 10, 9, 3, 5, 6, 10, 10, 7, 6, 2, 8, 6, 4, 7, 1, 3, 3, 10, 7, 6, 1, 5, 3, 9, 8, 3, 1, 8, 1, 7, 8, 4, 4, 6, 10, 2, 8, 3, 2, 8, 9, 6, 6, 2, 9, 6, 8, 8, 8, 10, 9, 7, 6, 1, 2, 9, 6, 10, 8, 9, 2, 6, 6, 6, 7, 2, 2, 8] 4095.6395123437533 3600078.866203
SA: [6, 8, 1, 3, 6, 8, 5, 8, 6, 2, 1, 5, 10, 2, 8, 7, 9, 5, 3, 9, 1, 3, 3, 3, 9, 3, 8, 8, 2, 8, 2, 10, 5, 4, 3, 4, 2, 2, 1, 4, 10, 6, 9, 4, 8, 1, 2, 6, 8, 7, 8, 2, 8, 9, 1, 2, 10, 6, 6, 9, 3, 1, 1, 1, 6, 9, 5, 1, 4, 2, 2, 1, 4, 8, 1, 10, 1, 6, 8, 3, 7, 3, 7, 4, 3, 6, 10, 10, 3, 9, 5, 9, 3, 1, 9, 2, 9, 4, 4, 1, 3, 4, 7, 7, 4, 8, 5, 7, 9, 8, 3, 4, 7, 3, 2, 9, 9, 7, 5, 10, 1, 10, 4, 10, 7, 5, 9, 1, 5, 7, 4, 3, 4, 1, 3, 2, 6, 4, 6, 7, 10, 4, 3, 7, 10, 1, 1, 3, 1, 3, 8, 6, 10, 6, 3, 6, 9, 9, 7, 1, 7, 9, 2, 7, 6, 4, 4, 1, 2, 1, 6, 6, 9, 8, 10, 3, 6, 4, 2, 4, 9, 7, 3, 10, 8, 10, 1, 2, 9, 5, 6, 7, 9, 9, 5, 8, 8, 10, 2, 8, 2, 5, 10, 10, 3, 10, 9, 2, 7, 2, 10, 9, 6, 2, 5, 2, 10, 9, 5, 7, 10, 6, 9, 9, 4, 2, 10, 2, 3, 3, 10, 8, 2, 8, 7, 4, 4, 2, 1, 7, 7, 8, 7, 9, 8, 7, 8, 10, 6, 4, 6, 3, 6, 10, 8, 7, 9, 6, 3, 3, 9, 5, 6, 9, 2, 1, 7, 10, 2, 2, 10, 4, 8, 9, 7, 3, 10, 8, 9, 10, 8, 7, 10, 9, 8, 2, 8, 9, 1, 8, 9, 9, 6, 6, 6, 3, 9, 9, 8, 1, 2, 7, 4, 4, 10, 9, 1, 2, 4, 8, 4, 9, 9, 4, 1, 9, 10, 9, 8, 9, 5, 4, 3, 3, 10, 5, 10, 10, 3, 2, 8, 8, 5, 6, 5, 4, 3, 4, 7, 8, 10, 7, 4, 3, 6, 10, 4, 10, 2, 4, 7, 9, 4, 3, 4, 3, 10, 8, 8, 2, 7, 8, 10, 8, 6, 2, 4, 9, 6, 7, 3, 6, 5, 3, 4, 7, 6, 7, 3, 1, 3, 1, 5, 10, 7, 9, 8, 7, 2, 5, 10, 4, 8, 3, 6, 10, 10, 1, 7, 7, 4, 3, 10, 10, 7, 10, 8, 1, 1, 4, 8, 9, 3, 1, 8, 5, 3, 4, 2, 10, 3, 3, 8, 10, 6, 3, 5, 10, 6, 8, 3, 4, 10, 2, 2, 10, 6, 7, 1, 4, 7, 8, 5, 3, 8, 4, 7, 4, 5, 3, 9, 9, 3, 9, 6, 7, 9, 10, 10, 5, 5, 1, 10, 6, 10, 7, 7, 3, 4, 10, 3, 6, 7, 1, 4, 9, 5, 3, 4, 3, 2, 4, 1, 1, 2, 1, 3, 6, 5, 1, 9, 8, 8, 1, 2, 7, 5, 5, 2, 4] 3740.481440838621 3603512.75825
CLO: [1, 8, 2, 2, 1, 5, 8, 7, 7, 5, 8, 2, 7, 1, 5, 4, 8, 10, 7, 9, 1, 7, 1, 1, 7, 2, 6, 8, 10, 4, 5, 1, 4, 7, 4, 1, 9, 3, 1, 3, 4, 6, 2, 2, 8, 1, 5, 5, 6, 10, 2, 6, 2, 10, 6, 1, 6, 7, 4, 6, 10, 1, 7, 5, 10, 7, 1, 5, 9, 7, 5, 4, 7, 5, 10, 5, 10, 2, 9, 4, 8, 7, 9, 2, 8, 6, 4, 4, 8, 8, 2, 7, 4, 9, 8, 5, 1, 1, 5, 3, 3, 7, 7, 2, 6, 3, 9, 6, 5, 9, 7, 9, 1, 10, 5, 1, 5, 8, 8, 10, 4, 10, 6, 3, 5, 9, 6, 3, 6, 4, 2, 8, 3, 10, 9, 6, 10, 6, 7, 8, 2, 7, 3, 1, 8, 7, 2, 10, 7, 7, 1, 4, 1, 3, 1, 5, 4, 3, 8, 6, 1, 1, 7, 8, 5, 1, 6, 10, 7, 3, 10, 2, 3, 1, 1, 6, 2, 2, 6, 2, 9, 5, 5, 1, 1, 9, 1, 8, 5, 2, 8, 6, 10, 9, 2, 8, 7, 8, 1, 8, 2, 8, 4, 8, 6, 3, 1, 5, 3, 3, 4, 8, 1, 4, 2, 3, 6, 4, 6, 5, 3, 5, 3, 4, 2, 7, 2, 9, 2, 6, 10, 2, 5, 3, 3, 7, 1, 9, 7, 3, 7, 2, 6, 2, 7, 3, 4, 10, 2, 7, 2, 4, 7, 6, 1, 5, 6, 8, 4, 2, 1, 4, 8, 4, 7, 7, 9, 6, 2, 5, 8, 1, 3, 3, 7, 1, 4, 4, 8, 3, 2, 7, 9, 2, 1, 7, 2, 9, 4, 9, 6, 6, 4, 8, 10, 9, 4, 7, 10, 8, 6, 7, 8, 2, 9, 7, 4, 7, 7, 5, 3, 10, 1, 9, 5, 4, 1, 8, 2, 6, 10, 10, 8, 6, 8, 6, 4, 9, 7, 8, 6, 8, 10, 4, 10, 8, 6, 9, 6, 3, 3, 3, 3, 1, 4, 5, 6, 10, 8, 1, 1, 1, 9, 3, 5, 9, 9, 8, 5, 1, 2, 2, 1, 10, 10, 8, 3, 7, 5, 9, 6, 10, 3, 4, 4, 1, 9, 4, 9, 6, 1, 9, 7, 7, 7, 10, 8, 7, 8, 2, 2, 10, 3, 10, 5, 5, 9, 2, 6, 2, 9, 8, 5, 8, 6, 10, 3, 5, 7, 9, 1, 10, 7, 6, 1, 3, 5, 6, 7, 2, 8, 2, 1, 5, 7, 9, 5, 10, 8, 4, 10, 6, 3, 3, 9, 1, 4, 1, 6, 1, 3, 9, 8, 10, 5, 9, 4, 8, 2, 3, 10, 2, 3, 10, 8, 5, 3, 10, 10, 6, 5, 2, 10, 6, 9, 3, 6, 5, 9, 4, 2, 1, 10, 1, 5, 6, 9, 8, 5, 9, 8, 5, 10, 10, 4, 2, 10, 8, 1, 5, 6, 4, 4, 6, 2, 10, 5, 10, 5, 8] 4102.472053457737 3600032.183638
-- 
Instance 1
seed: 1464105726667
--
SHC: [10, 8, 7, 3, 9, 4, 9, 9, 4, 5, 8, 8, 9, 2, 5, 3, 3, 5, 10, 8, 2, 4, 7, 7, 10, 1, 1, 10, 9, 8, 5, 8, 8, 6, 8, 5, 4, 4, 7, 1, 5, 3, 9, 5, 10, 6, 6, 10, 4, 10, 4, 1, 9, 5, 8, 10, 9, 1, 8, 10, 1, 5, 7, 6, 2, 8, 5, 3, 9, 10, 7, 9, 7, 8, 10, 3, 3, 9, 2, 6, 10, 7, 8, 8, 6, 7, 10, 3, 6, 4, 2, 2, 1, 9, 3, 2, 5, 4, 9, 8, 2, 2, 4, 10, 5, 5, 5, 5, 3, 7, 10, 6, 6, 7, 2, 10, 7, 3, 10, 7, 10, 9, 8, 9, 1, 10, 9, 8, 5, 2, 1, 3, 7, 9, 1, 8, 4, 3, 9, 10, 7, 9, 4, 4, 3, 1, 6, 1, 2, 4, 8, 4, 9, 7, 4, 8, 9, 7, 10, 2, 7, 1, 7, 3, 3, 7, 5, 7, 9, 1, 10, 3, 1, 1, 8, 6, 8, 9, 1, 9, 2, 5, 8, 5, 8, 1, 5, 6, 10, 5, 5, 2, 10, 5, 10, 5, 9, 8, 10, 1, 9, 7, 2, 5, 7, 6, 10, 4, 4, 10, 3, 7, 1, 6, 1, 5, 6, 10, 4, 7, 4, 9, 4, 8, 1, 5, 6, 2, 5, 6, 8, 1, 4, 3, 5, 1, 7, 7, 3, 3, 7, 3, 9, 7, 10, 5, 7, 5, 8, 4, 2, 4, 9, 10, 9, 7, 7, 4, 4, 7, 4, 10, 9, 10, 3, 2, 4, 8, 5, 8, 10, 9, 10, 4, 8, 10, 4, 7, 1, 2, 9, 10, 5, 9, 5, 4, 6, 10, 5, 8, 7, 5, 4, 3, 5, 6, 3, 6, 9, 3, 1, 7, 10, 8, 4, 5, 10, 8, 2, 10, 5, 3, 1, 7, 7, 5, 4, 9, 3, 3, 4, 6, 5, 9, 3, 5, 3, 7, 3, 6, 3, 1, 9, 10, 5, 2, 8, 7, 1, 1, 9, 6, 3, 8, 7, 3, 1, 10, 7, 2, 3, 9, 2, 4, 9, 10, 4, 7, 4, 4, 6, 5, 1, 3, 10, 4, 2, 1, 7, 1, 8, 10, 8, 10, 2, 3, 10, 4, 6, 3, 10, 9, 1, 5, 6, 9, 10, 3, 5, 5, 3, 2, 10, 3, 4, 4, 4, 3, 2, 1, 4, 9, 7, 9, 3, 6, 1, 7, 9, 1, 3, 5, 7, 10, 6, 6, 9, 9, 1, 7, 2, 7, 8, 9, 6, 9, 8, 7, 1, 2, 1, 5, 1, 1, 2, 6, 4, 8, 9, 4, 5, 4, 6, 1, 4, 10, 6, 2, 9, 9, 9, 5, 5, 6, 9, 8, 3, 8, 1, 5, 3, 8, 3, 10, 7, 6, 3, 10, 1, 5, 7, 7, 3, 9, 4, 6, 7, 6, 7, 2, 6, 8, 4, 5, 7, 3, 2, 6, 10, 8, 9, 6, 10, 6, 6, 10, 5, 1, 2, 6] 4125.351768447241 3600006.821101
SA: [2, 10, 7, 3, 4, 10, 7, 8, 10, 7, 4, 9, 7, 9, 10, 1, 3, 8, 7, 5, 7, 7, 1, 10, 3, 8, 9, 4, 3, 1, 7, 3, 10, 10, 1, 8, 5, 1, 2, 4, 6, 8, 8, 8, 4, 8, 9, 9, 3, 1, 6, 9, 9, 8, 10, 1, 8, 7, 5, 9, 2, 5, 9, 6, 4, 5, 5, 9, 5, 5, 9, 1, 7, 4, 7, 10, 5, 5, 2, 7, 5, 6, 6, 2, 8, 1, 10, 6, 2, 9, 8, 4, 8, 7, 9, 10, 2, 4, 10, 4, 9, 1, 6, 3, 1, 5, 9, 8, 1, 7, 2, 9, 5, 9, 2, 9, 10, 9, 5, 9, 8, 5, 9, 5, 4, 1, 9, 1, 8, 6, 1, 4, 4, 8, 9, 8, 7, 3, 5, 4, 8, 8, 2, 6, 9, 10, 9, 10, 10, 8, 8, 3, 10, 5, 10, 6, 2, 5, 9, 6, 9, 10, 3, 2, 2, 5, 1, 6, 4, 3, 8, 2, 9, 5, 4, 9, 6, 8, 1, 5, 7, 9, 9, 4, 5, 6, 3, 10, 10, 7, 6, 5, 10, 2, 9, 10, 5, 8, 10, 9, 8, 3, 8, 1, 8, 9, 8, 2, 5, 10, 8, 8, 1, 4, 7, 3, 3, 5, 2, 7, 2, 10, 2, 6, 8, 8, 8, 9, 5, 9, 10, 9, 2, 1, 8, 8, 4, 7, 9, 9, 6, 7, 4, 3, 4, 2, 3, 7, 5, 3, 6, 4, 7, 10, 6, 3, 6, 2, 8, 3, 1, 2, 4, 9, 6, 10, 9, 8, 10, 7, 2, 8, 1, 7, 4, 3, 3, 5, 6, 3, 9, 2, 6, 2, 9, 8, 10, 7, 4, 6, 5, 6, 1, 5, 8, 8, 8, 3, 7, 10, 10, 5, 8, 2, 6, 2, 8, 8, 3, 3, 5, 5, 7, 2, 2, 2, 6, 6, 6, 8, 4, 10, 10, 8, 5, 8, 2, 6, 6, 7, 8, 4, 2, 1, 2, 4, 6, 2, 6, 2, 8, 1, 3, 7, 3, 1, 3, 5, 6, 4, 3, 7, 5, 2, 6, 9, 7, 8, 2, 5, 6, 8, 8, 7, 4, 6, 4, 9, 1, 9, 5, 10, 2, 9, 3, 4, 1, 6, 5, 9, 9, 10, 9, 7, 9, 5, 9, 10, 3, 9, 8, 4, 3, 4, 9, 7, 1, 1, 7, 3, 2, 8, 2, 5, 3, 9, 7, 10, 4, 6, 3, 3, 4, 7, 6, 9, 1, 4, 2, 2, 6, 9, 8, 2, 9, 2, 4, 4, 7, 7, 4, 10, 1, 10, 3, 2, 8, 8, 7, 1, 4, 9, 7, 2, 1, 8, 2, 6, 10, 5, 1, 1, 8, 5, 1, 6, 8, 6, 4, 8, 8, 2, 10, 1, 7, 4, 3, 4, 3, 1, 8, 9, 8, 3, 3, 1, 5, 8, 7, 6, 2, 6, 10, 3, 3, 2, 7, 1, 5, 2, 5, 7, 6, 3, 7, 7, 10, 10, 8, 4] 3976.5105721543728 3606996.584152
CLO: [7, 6, 5, 6, 1, 9, 3, 7, 2, 1, 5, 9, 2, 10, 9, 8, 4, 9, 4, 1, 6, 6, 6, 3, 2, 7, 4, 2, 10, 8, 3, 2, 3, 1, 6, 3, 10, 10, 4, 3, 6, 4, 10, 2, 2, 1, 9, 3, 10, 8, 1, 2, 1, 2, 6, 3, 10, 7, 1, 9, 8, 1, 6, 7, 4, 9, 2, 2, 6, 9, 6, 7, 3, 8, 6, 8, 9, 1, 5, 4, 1, 4, 5, 7, 10, 2, 1, 9, 5, 1, 10, 2, 10, 5, 4, 1, 4, 10, 1, 6, 3, 5, 6, 4, 8, 2, 6, 10, 4, 6, 7, 10, 10, 10, 8, 7, 8, 6, 5, 7, 6, 3, 9, 6, 6, 7, 1, 8, 2, 6, 9, 5, 7, 9, 9, 1, 3, 9, 5, 6, 7, 3, 2, 1, 6, 7, 10, 1, 7, 2, 5, 7, 5, 10, 1, 5, 9, 8, 2, 4, 1, 6, 2, 8, 7, 2, 1, 10, 7, 5, 3, 10, 4, 1, 3, 6, 9, 2, 5, 2, 7, 10, 2, 7, 6, 10, 9, 2, 3, 4, 4, 10, 2, 5, 1, 9, 8, 9, 2, 1, 5, 10, 7, 1, 1, 4, 8, 5, 1, 1, 7, 9, 3, 7, 1, 8, 1, 4, 1, 5, 4, 7, 3, 4, 9, 6, 1, 6, 5, 3, 10, 5, 4, 1, 10, 2, 3, 10, 4, 3, 7, 8, 10, 4, 1, 10, 6, 6, 6, 7, 3, 1, 3, 9, 5, 7, 3, 2, 10, 10, 2, 9, 9, 5, 8, 6, 4, 10, 2, 4, 4, 3, 1, 9, 1, 9, 7, 1, 8, 5, 4, 2, 10, 4, 6, 8, 8, 9, 5, 9, 6, 4, 10, 8, 9, 7, 5, 6, 3, 8, 8, 6, 7, 9, 8, 10, 10, 4, 8, 9, 4, 3, 1, 10, 4, 8, 2, 4, 3, 6, 9, 2, 8, 8, 8, 6, 5, 7, 9, 1, 7, 2, 9, 3, 9, 5, 7, 6, 1, 2, 2, 2, 5, 1, 6, 1, 6, 10, 5, 9, 3, 1, 8, 5, 1, 6, 7, 7, 6, 6, 1, 7, 7, 7, 10, 3, 9, 4, 5, 2, 10, 8, 7, 2, 9, 2, 6, 7, 9, 6, 9, 10, 4, 5, 8, 4, 8, 3, 8, 5, 8, 8, 5, 8, 4, 10, 2, 8, 4, 5, 3, 7, 8, 7, 6, 9, 3, 3, 4, 6, 5, 4, 1, 9, 2, 10, 10, 10, 4, 9, 1, 2, 10, 7, 9, 4, 9, 4, 8, 7, 5, 7, 9, 4, 7, 3, 5, 8, 3, 7, 2, 5, 9, 1, 10, 3, 10, 7, 7, 3, 9, 8, 10, 1, 10, 9, 4, 2, 1, 4, 1, 3, 7, 2, 10, 5, 6, 1, 4, 2, 7, 8, 4, 3, 2, 5, 3, 8, 8, 2, 4, 2, 8, 7, 7, 3, 2, 8, 1, 2, 10, 9, 8, 6, 2, 4, 3, 9, 3, 6] 3535.6597855180153 3600036.492487
-- 
Instance 2
seed: 1464116636443
--
SHC: [6, 2, 2, 4, 5, 3, 7, 3, 3, 8, 6, 10, 3, 3, 8, 3, 7, 5, 10, 7, 4, 5, 8, 3, 6, 3, 3, 4, 8, 7, 4, 10, 1, 10, 2, 2, 7, 6, 6, 8, 5, 9, 7, 2, 10, 9, 9, 2, 7, 3, 7, 5, 3, 6, 1, 8, 10, 8, 2, 7, 7, 9, 6, 9, 10, 10, 7, 5, 1, 4, 7, 4, 1, 3, 5, 1, 5, 1, 9, 5, 1, 10, 1, 3, 6, 3, 2, 10, 2, 6, 2, 8, 8, 7, 5, 2, 4, 5, 1, 2, 6, 4, 2, 3, 4, 2, 10, 10, 1, 4, 6, 4, 6, 10, 7, 8, 10, 4, 7, 2, 2, 2, 5, 1, 6, 7, 3, 3, 5, 2, 9, 9, 5, 2, 1, 3, 7, 9, 6, 2, 3, 5, 4, 8, 9, 4, 6, 9, 1, 7, 7, 4, 9, 5, 5, 10, 6, 8, 7, 7, 4, 5, 9, 3, 8, 6, 8, 6, 6, 6, 9, 2, 7, 1, 9, 2, 6, 2, 3, 4, 3, 8, 5, 7, 8, 5, 9, 4, 8, 8, 8, 3, 3, 10, 9, 6, 9, 6, 4, 4, 3, 7, 1, 8, 2, 5, 6, 2, 10, 8, 4, 9, 8, 4, 4, 8, 4, 10, 1, 9, 3, 1, 9, 4, 7, 7, 6, 6, 10, 2, 5, 1, 10, 4, 1, 8, 8, 1, 6, 5, 1, 8, 7, 6, 1, 9, 8, 9, 9, 5, 6, 7, 7, 4, 10, 4, 7, 10, 5, 5, 10, 5, 3, 10, 5, 2, 5, 7, 9, 2, 3, 8, 2, 2, 6, 2, 5, 3, 7, 7, 4, 3, 3, 5, 4, 8, 7, 2, 8, 7, 6, 8, 6, 7, 4, 6, 4, 7, 5, 9, 3, 7, 1, 3, 1, 7, 5, 10, 4, 10, 4, 7, 9, 4, 9, 9, 8, 1, 1, 3, 9, 1, 9, 10, 8, 1, 5, 8, 7, 7, 5, 6, 1, 1, 5, 3, 1, 5, 5, 3, 9, 1, 8, 2, 9, 5, 1, 3, 3, 10, 10, 7, 8, 6, 3, 10, 3, 8, 3, 10, 2, 10, 2, 10, 3, 1, 4, 9, 6, 4, 6, 7, 6, 7, 1, 2, 4, 8, 2, 10, 1, 8, 7, 3, 1, 2, 7, 6, 1, 6, 8, 5, 9, 10, 1, 5, 10, 10, 7, 3, 5, 4, 10, 10, 7, 5, 8, 9, 5, 3, 7, 10, 10, 10, 3, 6, 3, 5, 1, 2, 2, 8, 3, 3, 3, 4, 2, 6, 6, 9, 2, 6, 4, 7, 8, 6, 6, 4, 9, 7, 5, 7, 1, 1, 8, 7, 8, 6, 5, 7, 5, 6, 6, 4, 5, 1, 7, 3, 10, 4, 9, 8, 7, 9, 2, 1, 3, 2, 5, 10, 8, 3, 8, 10, 9, 8, 3, 2, 9, 2, 2, 10, 8, 1, 5, 4, 8, 1, 4, 7, 7, 1, 4, 5, 1, 3, 2, 2, 5, 4] 4166.02893180081 3600041.897826
SA: [2, 1, 7, 10, 5, 3, 6, 4, 7, 10, 1, 9, 10, 6, 7, 5, 7, 5, 4, 7, 9, 3, 10, 1, 10, 7, 3, 2, 7, 1, 6, 1, 2, 6, 10, 9, 8, 5, 8, 1, 5, 5, 1, 6, 8, 6, 5, 1, 7, 8, 10, 7, 10, 5, 7, 2, 7, 1, 8, 4, 8, 4, 9, 5, 10, 4, 3, 9, 4, 2, 2, 8, 3, 9, 8, 10, 1, 2, 2, 4, 3, 9, 6, 1, 5, 7, 4, 5, 4, 4, 9, 7, 2, 10, 10, 3, 2, 8, 3, 10, 5, 3, 9, 9, 1, 1, 3, 10, 6, 8, 5, 7, 5, 2, 4, 10, 3, 4, 5, 4, 8, 2, 10, 7, 8, 7, 3, 2, 1, 7, 1, 5, 2, 1, 1, 9, 2, 4, 2, 3, 7, 9, 10, 6, 4, 9, 2, 6, 7, 5, 4, 7, 7, 9, 3, 10, 4, 5, 4, 3, 9, 8, 9, 8, 7, 6, 7, 5, 7, 5, 8, 5, 1, 5, 6, 2, 4, 8, 1, 9, 1, 10, 2, 6, 9, 10, 3, 7, 4, 4, 8, 4, 1, 10, 1, 6, 7, 7, 3, 2, 6, 6, 8, 5, 8, 7, 1, 3, 9, 6, 1, 2, 1, 7, 4, 4, 6, 9, 8, 4, 7, 2, 3, 8, 8, 2, 8, 2, 7, 7, 7, 2, 9, 2, 3, 5, 10, 4, 10, 3, 5, 2, 1, 2, 2, 2, 2, 5, 9, 7, 8, 1, 7, 2, 10, 3, 10, 4, 10, 4, 4, 1, 4, 5, 5, 5, 4, 1, 6, 6, 2, 1, 2, 1, 10, 2, 1, 6, 7, 2, 2, 4, 9, 1, 1, 5, 2, 9, 3, 10, 4, 6, 7, 9, 10, 5, 10, 2, 6, 10, 7, 8, 3, 10, 2, 5, 5, 4, 10, 6, 8, 6, 8, 6, 6, 7, 6, 4, 6, 6, 4, 2, 7, 4, 9, 2, 9, 9, 3, 4, 2, 2, 4, 10, 3, 4, 6, 3, 5, 6, 3, 5, 1, 8, 7, 5, 6, 8, 1, 5, 5, 7, 2, 9, 6, 2, 4, 7, 1, 2, 9, 2, 10, 4, 2, 4, 4, 4, 3, 4, 10, 5, 4, 5, 6, 5, 8, 4, 1, 1, 10, 4, 8, 3, 4, 5, 4, 7, 9, 5, 6, 7, 2, 4, 3, 1, 9, 2, 1, 9, 5, 4, 10, 6, 1, 5, 3, 1, 2, 7, 1, 2, 7, 4, 4, 5, 10, 9, 7, 9, 2, 1, 4, 6, 3, 9, 10, 8, 5, 1, 8, 9, 8, 8, 3, 8, 1, 6, 1, 10, 3, 1, 5, 2, 4, 3, 4, 6, 8, 8, 9, 1, 10, 3, 10, 3, 3, 4, 9, 10, 7, 1, 1, 2, 3, 10, 9, 7, 4, 3, 2, 3, 8, 7, 9, 10, 7, 10, 10, 8, 6, 4, 10, 10, 9, 1, 4, 8, 3, 3, 9, 7, 9, 2, 4, 4, 5, 7, 5, 1] 3991.061871794146 3606699.086608
CLO: [3, 10, 4, 9, 1, 1, 10, 1, 8, 8, 5, 9, 5, 7, 6, 8, 7, 2, 7, 2, 3, 3, 2, 3, 8, 4, 4, 7, 10, 6, 8, 6, 2, 7, 8, 7, 4, 2, 6, 1, 4, 4, 10, 9, 5, 9, 1, 10, 2, 1, 7, 6, 4, 4, 8, 2, 10, 1, 5, 9, 1, 8, 6, 6, 10, 2, 8, 1, 3, 5, 5, 10, 10, 5, 2, 7, 7, 10, 5, 9, 10, 10, 4, 8, 9, 1, 8, 7, 4, 7, 6, 3, 8, 6, 4, 9, 6, 5, 9, 5, 7, 5, 7, 8, 9, 3, 1, 4, 6, 5, 7, 5, 7, 2, 9, 5, 3, 3, 2, 1, 3, 7, 1, 5, 7, 1, 8, 10, 3, 9, 9, 8, 8, 4, 2, 9, 5, 10, 10, 9, 8, 10, 4, 2, 8, 2, 9, 7, 1, 2, 1, 5, 8, 9, 9, 3, 7, 6, 8, 1, 7, 10, 9, 2, 1, 4, 5, 1, 2, 6, 5, 4, 3, 6, 9, 3, 8, 1, 3, 5, 7, 1, 2, 4, 5, 10, 1, 1, 5, 6, 2, 10, 3, 8, 8, 6, 2, 7, 8, 5, 1, 6, 5, 2, 1, 8, 2, 7, 3, 5, 3, 3, 3, 10, 8, 4, 9, 6, 2, 1, 9, 5, 9, 6, 3, 1, 2, 2, 1, 3, 4, 10, 7, 10, 2, 2, 5, 10, 3, 4, 1, 5, 4, 5, 4, 9, 3, 6, 10, 6, 8, 9, 6, 5, 1, 1, 10, 2, 7, 8, 1, 2, 7, 9, 4, 2, 8, 8, 8, 10, 8, 10, 3, 9, 8, 6, 2, 5, 4, 1, 6, 5, 8, 6, 1, 4, 10, 7, 9, 7, 9, 1, 1, 5, 3, 2, 9, 10, 1, 6, 3, 3, 3, 10, 2, 5, 7, 1, 6, 4, 3, 7, 10, 8, 2, 6, 8, 1, 6, 5, 7, 2, 6, 3, 7, 3, 8, 2, 8, 3, 7, 2, 5, 3, 2, 1, 7, 9, 6, 10, 6, 4, 4, 10, 6, 8, 7, 7, 7, 6, 10, 10, 1, 10, 4, 2, 1, 2, 9, 9, 4, 6, 2, 6, 10, 5, 9, 9, 10, 8, 1, 10, 10, 9, 8, 10, 8, 3, 7, 5, 1, 5, 2, 10, 3, 1, 5, 8, 2, 1, 9, 9, 5, 5, 7, 10, 5, 4, 3, 8, 9, 6, 5, 7, 9, 6, 8, 8, 1, 3, 2, 6, 6, 4, 4, 5, 1, 1, 2, 9, 5, 8, 1, 10, 10, 9, 5, 2, 8, 1, 9, 4, 5, 8, 1, 7, 10, 4, 9, 4, 10, 1, 9, 5, 10, 6, 8, 8, 9, 3, 10, 3, 3, 9, 4, 4, 1, 9, 7, 1, 8, 3, 9, 7, 3, 1, 2, 9, 3, 3, 2, 3, 3, 4, 10, 2, 10, 6, 3, 3, 4, 8, 9, 9, 6, 5, 2, 10, 7, 4, 8, 3, 4, 1, 6, 6, 10, 3, 10, 7] 3892.1110517387433 3600005.961859
-- 
Instance 3
seed: 1464127523208
--
SHC: [8, 3, 6, 4, 3, 3, 4, 5, 4, 8, 10, 7, 3, 8, 7, 3, 4, 8, 8, 2, 10, 4, 4, 1, 6, 9, 9, 5, 10, 6, 2, 10, 2, 3, 10, 9, 10, 10, 4, 2, 4, 10, 8, 4, 8, 7, 4, 10, 1, 7, 3, 8, 8, 8, 6, 1, 5, 10, 6, 10, 1, 5, 10, 8, 8, 5, 5, 5, 5, 4, 1, 3, 1, 1, 9, 7, 10, 5, 5, 7, 1, 6, 2, 5, 7, 10, 1, 3, 7, 8, 6, 1, 5, 2, 4, 3, 5, 2, 1, 3, 1, 7, 6, 4, 7, 10, 3, 3, 9, 9, 6, 4, 8, 9, 5, 2, 4, 5, 8, 4, 3, 6, 3, 9, 4, 8, 1, 8, 6, 3, 4, 1, 4, 2, 6, 3, 9, 5, 4, 6, 3, 7, 4, 4, 9, 7, 5, 10, 3, 2, 9, 5, 6, 10, 9, 5, 3, 1, 9, 9, 6, 10, 3, 1, 5, 3, 4, 6, 1, 7, 2, 1, 3, 10, 2, 1, 7, 6, 10, 3, 2, 1, 10, 4, 2, 1, 9, 3, 5, 1, 7, 10, 7, 8, 6, 1, 4, 8, 5, 3, 10, 2, 2, 2, 10, 2, 2, 4, 1, 2, 10, 10, 1, 2, 10, 4, 7, 10, 5, 1, 2, 3, 10, 8, 5, 9, 2, 6, 3, 6, 2, 4, 1, 3, 9, 9, 5, 7, 4, 6, 3, 4, 4, 5, 2, 10, 6, 2, 4, 3, 4, 7, 5, 1, 6, 7, 5, 3, 9, 8, 2, 9, 2, 8, 5, 3, 3, 2, 10, 4, 6, 10, 7, 3, 10, 9, 2, 6, 10, 9, 6, 8, 10, 3, 6, 10, 9, 1, 1, 1, 4, 1, 1, 7, 9, 3, 7, 7, 2, 5, 3, 10, 8, 8, 2, 7, 7, 4, 10, 4, 5, 5, 4, 4, 10, 2, 7, 6, 6, 8, 1, 2, 3, 4, 4, 5, 10, 1, 4, 9, 3, 3, 3, 9, 6, 3, 4, 3, 4, 10, 7, 5, 7, 1, 6, 5, 10, 2, 10, 9, 10, 4, 8, 2, 8, 5, 7, 7, 6, 5, 3, 8, 7, 7, 6, 4, 1, 8, 7, 7, 5, 7, 8, 2, 6, 9, 1, 3, 3, 9, 7, 3, 7, 5, 2, 3, 6, 10, 1, 10, 10, 7, 3, 4, 10, 7, 8, 6, 6, 1, 1, 6, 10, 6, 10, 10, 4, 4, 5, 6, 5, 5, 4, 1, 2, 7, 2, 5, 1, 4, 1, 7, 7, 4, 1, 3, 6, 5, 5, 10, 9, 5, 6, 10, 9, 3, 6, 4, 9, 9, 1, 6, 3, 6, 9, 9, 2, 1, 5, 10, 10, 3, 9, 8, 4, 4, 4, 4, 2, 1, 5, 7, 8, 7, 7, 8, 7, 9, 4, 5, 4, 4, 3, 3, 7, 2, 10, 10, 3, 8, 1, 3, 7, 9, 8, 1, 2, 9, 3, 3, 8, 7, 4, 6, 9, 7, 4, 3, 10, 1] 4094.804101119629 3600025.195379
SA: [2, 9, 5, 8, 7, 3, 4, 3, 5, 2, 4, 5, 3, 9, 6, 1, 8, 8, 6, 3, 7, 8, 5, 1, 1, 6, 9, 6, 2, 6, 3, 5, 10, 8, 10, 3, 7, 7, 4, 2, 7, 6, 8, 4, 10, 9, 5, 6, 6, 5, 3, 4, 10, 3, 6, 8, 7, 4, 10, 7, 1, 6, 1, 1, 9, 4, 4, 4, 2, 4, 8, 10, 8, 1, 5, 2, 8, 6, 9, 2, 8, 4, 10, 4, 2, 9, 6, 9, 8, 4, 9, 9, 10, 8, 7, 7, 1, 5, 6, 10, 6, 4, 2, 10, 7, 1, 5, 8, 5, 5, 3, 10, 3, 9, 5, 5, 4, 8, 9, 10, 9, 4, 1, 2, 5, 8, 10, 2, 5, 9, 3, 5, 3, 4, 7, 6, 3, 8, 2, 9, 6, 10, 6, 6, 3, 6, 5, 6, 9, 7, 8, 4, 9, 3, 6, 10, 6, 7, 10, 1, 8, 3, 6, 4, 4, 7, 4, 6, 7, 5, 6, 7, 3, 6, 2, 6, 6, 2, 10, 9, 3, 6, 10, 3, 9, 5, 1, 6, 2, 5, 4, 5, 10, 3, 5, 9, 5, 6, 1, 3, 3, 6, 1, 10, 6, 3, 8, 5, 10, 8, 7, 5, 2, 6, 10, 10, 3, 9, 6, 9, 6, 9, 3, 3, 3, 8, 8, 6, 4, 7, 7, 9, 5, 6, 6, 7, 5, 4, 1, 10, 9, 7, 7, 2, 6, 6, 3, 4, 9, 8, 5, 1, 4, 9, 10, 4, 3, 2, 2, 1, 7, 9, 1, 4, 8, 6, 4, 2, 8, 8, 7, 8, 1, 5, 2, 6, 5, 8, 7, 10, 2, 2, 7, 5, 1, 2, 7, 9, 10, 7, 2, 9, 6, 3, 3, 4, 8, 5, 9, 3, 2, 8, 7, 4, 5, 5, 4, 9, 4, 4, 9, 9, 7, 6, 5, 3, 2, 9, 9, 8, 5, 6, 1, 3, 8, 1, 3, 8, 1, 10, 2, 3, 5, 2, 1, 8, 6, 6, 2, 9, 10, 9, 5, 3, 4, 3, 3, 2, 2, 5, 9, 3, 7, 1, 8, 9, 8, 6, 8, 9, 6, 6, 2, 6, 4, 8, 7, 2, 6, 1, 4, 10, 2, 10, 1, 2, 8, 1, 3, 4, 6, 9, 2, 1, 6, 9, 8, 1, 5, 10, 8, 9, 5, 4, 3, 5, 6, 9, 10, 3, 5, 6, 4, 6, 5, 3, 10, 2, 8, 4, 5, 8, 5, 8, 8, 1, 10, 4, 10, 1, 9, 2, 4, 3, 8, 8, 5, 3, 3, 2, 8, 4, 10, 3, 1, 1, 7, 1, 8, 8, 8, 4, 10, 4, 5, 2, 8, 4, 6, 4, 4, 1, 3, 9, 1, 8, 10, 3, 8, 6, 3, 10, 7, 5, 10, 10, 6, 7, 1, 7, 10, 2, 8, 7, 10, 2, 10, 3, 3, 5, 9, 4, 1, 8, 1, 3, 6, 3, 6, 7, 1, 8, 4, 5, 3, 1, 5, 2, 9, 2] 3833.771001051059 3607693.303548
CLO: [8, 5, 1, 1, 1, 5, 8, 6, 7, 4, 5, 4, 7, 1, 1, 9, 7, 7, 2, 9, 5, 5, 9, 5, 10, 4, 9, 1, 9, 4, 2, 7, 7, 6, 5, 1, 9, 1, 9, 6, 6, 8, 10, 3, 7, 3, 5, 4, 7, 1, 3, 5, 3, 1, 10, 8, 6, 4, 9, 8, 2, 9, 7, 3, 10, 1, 4, 10, 8, 1, 5, 3, 5, 5, 1, 7, 9, 6, 2, 10, 6, 1, 10, 6, 3, 1, 5, 8, 1, 4, 10, 7, 9, 7, 8, 4, 3, 7, 3, 8, 8, 2, 2, 9, 3, 4, 9, 7, 10, 3, 7, 9, 1, 5, 4, 9, 7, 3, 10, 2, 7, 4, 6, 10, 5, 7, 10, 5, 7, 2, 2, 2, 6, 4, 8, 2, 10, 4, 1, 10, 8, 6, 4, 8, 5, 6, 9, 1, 6, 7, 7, 2, 2, 2, 1, 10, 10, 9, 9, 4, 2, 6, 2, 3, 5, 4, 2, 5, 3, 4, 2, 8, 3, 1, 1, 2, 3, 8, 1, 4, 10, 7, 3, 1, 2, 4, 5, 1, 5, 4, 7, 2, 1, 9, 7, 9, 1, 10, 4, 3, 10, 10, 1, 4, 2, 1, 1, 4, 5, 1, 3, 10, 6, 2, 4, 10, 8, 4, 1, 7, 3, 2, 3, 6, 4, 4, 4, 9, 9, 5, 5, 8, 8, 8, 1, 10, 7, 2, 9, 6, 6, 9, 8, 2, 6, 10, 7, 5, 1, 10, 7, 8, 2, 7, 5, 6, 7, 2, 5, 4, 2, 6, 4, 4, 7, 1, 4, 10, 5, 9, 6, 3, 1, 4, 3, 6, 6, 4, 2, 6, 5, 6, 7, 10, 4, 7, 8, 9, 9, 7, 7, 10, 1, 10, 2, 2, 1, 1, 7, 6, 5, 5, 8, 8, 5, 10, 3, 7, 7, 6, 8, 3, 4, 9, 4, 2, 8, 8, 4, 7, 4, 9, 7, 7, 5, 1, 6, 7, 5, 1, 2, 4, 6, 8, 2, 10, 9, 6, 6, 7, 6, 7, 8, 8, 2, 2, 6, 6, 10, 5, 6, 4, 7, 8, 7, 4, 10, 7, 8, 8, 7, 9, 1, 5, 9, 3, 6, 2, 5, 8, 9, 1, 5, 5, 10, 5, 7, 5, 10, 5, 8, 7, 9, 10, 2, 10, 1, 10, 3, 7, 3, 3, 1, 9, 6, 8, 3, 8, 4, 6, 3, 2, 9, 6, 3, 1, 1, 6, 9, 9, 4, 2, 6, 7, 4, 6, 3, 7, 2, 5, 10, 9, 4, 8, 5, 3, 2, 1, 4, 2, 3, 7, 10, 8, 3, 7, 7, 8, 10, 8, 8, 9, 9, 6, 4, 5, 7, 5, 7, 3, 7, 10, 4, 1, 5, 7, 6, 10, 7, 6, 1, 2, 5, 5, 2, 7, 10, 8, 5, 5, 1, 9, 4, 8, 4, 8, 4, 6, 8, 5, 4, 7, 7, 4, 7, 8, 5, 2, 8, 10, 9, 6, 2, 1, 4, 4, 1, 3, 3, 9] 3733.379426849168 3600060.574669
-- 
Instance 4
seed: 1464138442696
--
SHC: [4, 2, 10, 7, 3, 10, 6, 10, 2, 9, 9, 6, 10, 2, 6, 3, 9, 5, 6, 9, 10, 10, 4, 10, 4, 5, 10, 5, 3, 7, 3, 9, 8, 9, 7, 6, 9, 9, 10, 6, 4, 1, 8, 10, 5, 2, 10, 9, 3, 3, 8, 10, 7, 4, 5, 5, 4, 9, 5, 3, 6, 3, 8, 3, 6, 5, 8, 7, 5, 8, 2, 4, 8, 3, 9, 6, 5, 1, 9, 6, 10, 9, 9, 3, 3, 1, 7, 7, 10, 8, 9, 1, 7, 8, 2, 10, 8, 10, 2, 10, 2, 2, 2, 7, 4, 5, 7, 2, 2, 8, 9, 1, 2, 7, 7, 2, 1, 5, 9, 5, 2, 9, 4, 4, 9, 5, 8, 1, 8, 6, 2, 2, 1, 5, 10, 6, 7, 2, 5, 4, 8, 2, 8, 4, 3, 5, 8, 4, 4, 7, 3, 2, 7, 10, 7, 9, 10, 10, 4, 9, 4, 3, 3, 4, 10, 9, 9, 7, 5, 2, 1, 1, 8, 3, 8, 4, 5, 1, 3, 1, 2, 3, 5, 10, 2, 6, 7, 8, 7, 2, 10, 10, 7, 7, 7, 5, 6, 7, 3, 2, 1, 2, 2, 9, 4, 7, 10, 6, 6, 2, 3, 5, 6, 9, 5, 5, 4, 7, 2, 3, 8, 6, 7, 1, 10, 5, 9, 8, 3, 7, 4, 8, 3, 7, 3, 4, 9, 7, 10, 10, 5, 5, 1, 7, 4, 1, 7, 9, 6, 8, 2, 3, 9, 5, 8, 3, 2, 3, 7, 4, 4, 9, 3, 5, 5, 2, 3, 5, 3, 9, 7, 6, 9, 10, 7, 1, 5, 4, 1, 4, 10, 10, 10, 1, 6, 10, 6, 4, 1, 7, 5, 6, 10, 8, 8, 7, 8, 8, 10, 2, 10, 8, 6, 10, 7, 9, 2, 5, 9, 6, 5, 5, 6, 9, 3, 1, 7, 1, 7, 1, 10, 3, 6, 7, 1, 5, 7, 6, 6, 9, 8, 1, 4, 3, 3, 10, 6, 6, 5, 6, 5, 4, 5, 9, 1, 10, 8, 9, 6, 1, 7, 9, 3, 2, 3, 9, 1, 2, 6, 5, 1, 10, 7, 10, 2, 4, 5, 5, 7, 7, 3, 2, 1, 7, 2, 3, 5, 10, 9, 2, 3, 9, 5, 2, 7, 2, 6, 6, 6, 7, 7, 1, 4, 2, 3, 8, 2, 4, 7, 1, 6, 9, 3, 7, 1, 4, 1, 3, 5, 7, 5, 1, 8, 4, 8, 7, 5, 6, 9, 4, 3, 1, 1, 9, 10, 2, 10, 7, 2, 4, 5, 3, 9, 10, 6, 3, 3, 2, 2, 6, 7, 5, 1, 5, 9, 9, 6, 1, 2, 5, 7, 7, 4, 10, 7, 5, 8, 3, 1, 5, 1, 5, 5, 9, 5, 8, 6, 1, 9, 1, 9, 1, 6, 9, 7, 8, 4, 6, 5, 1, 7, 3, 6, 10, 1, 4, 9, 4, 7, 6, 7, 7, 8, 10, 2, 5, 7, 1, 1, 5] 4058.827434662144 3600026.117497
SA: [3, 10, 8, 8, 7, 8, 9, 1, 4, 8, 7, 8, 5, 9, 4, 1, 1, 6, 4, 2, 4, 6, 9, 1, 6, 3, 10, 3, 1, 5, 2, 4, 5, 6, 8, 8, 6, 5, 3, 10, 2, 1, 1, 8, 10, 7, 3, 8, 10, 7, 9, 6, 2, 8, 4, 1, 2, 3, 10, 3, 6, 8, 3, 2, 7, 7, 8, 6, 10, 4, 7, 10, 2, 9, 10, 2, 2, 7, 2, 1, 5, 6, 1, 3, 9, 3, 8, 3, 9, 10, 9, 5, 8, 8, 7, 3, 4, 5, 7, 10, 10, 10, 3, 5, 8, 4, 9, 8, 3, 9, 10, 10, 7, 2, 10, 3, 6, 3, 7, 10, 3, 3, 9, 6, 10, 1, 8, 6, 10, 8, 4, 3, 10, 10, 10, 8, 1, 8, 7, 1, 6, 8, 10, 2, 4, 3, 5, 4, 4, 2, 9, 6, 6, 7, 9, 5, 5, 8, 8, 7, 7, 5, 5, 1, 3, 4, 4, 6, 10, 9, 9, 7, 4, 6, 5, 5, 8, 9, 2, 2, 3, 1, 6, 2, 10, 8, 1, 5, 7, 1, 9, 2, 4, 2, 1, 10, 6, 2, 7, 3, 6, 9, 4, 6, 2, 2, 6, 3, 7, 10, 9, 7, 7, 7, 1, 8, 2, 7, 6, 10, 1, 1, 4, 2, 2, 2, 7, 9, 1, 3, 8, 6, 9, 10, 5, 6, 7, 2, 7, 4, 3, 10, 3, 9, 9, 5, 4, 10, 9, 10, 10, 5, 6, 6, 8, 6, 2, 3, 1, 2, 2, 8, 5, 10, 5, 2, 3, 9, 3, 1, 9, 9, 9, 6, 9, 7, 1, 1, 5, 3, 10, 7, 7, 9, 4, 1, 4, 7, 9, 7, 2, 9, 10, 8, 1, 4, 2, 2, 2, 10, 10, 8, 10, 6, 9, 10, 2, 5, 10, 2, 6, 10, 3, 10, 10, 5, 6, 4, 10, 10, 2, 3, 8, 2, 3, 1, 9, 5, 2, 9, 4, 2, 5, 5, 4, 7, 7, 5, 4, 10, 1, 1, 5, 2, 6, 10, 9, 3, 4, 1, 5, 8, 10, 5, 10, 6, 10, 3, 2, 8, 8, 9, 7, 7, 6, 1, 1, 3, 7, 6, 8, 5, 8, 1, 1, 7, 2, 1, 8, 1, 1, 8, 1, 9, 3, 1, 8, 1, 7, 3, 8, 3, 8, 9, 6, 6, 2, 5, 2, 4, 1, 1, 2, 6, 2, 7, 9, 9, 2, 1, 3, 3, 1, 2, 5, 2, 4, 7, 6, 8, 2, 10, 9, 3, 3, 3, 8, 7, 6, 3, 9, 3, 10, 10, 10, 10, 9, 2, 3, 3, 6, 7, 9, 3, 10, 1, 10, 9, 1, 10, 6, 6, 4, 6, 10, 2, 10, 5, 1, 3, 3, 10, 7, 3, 6, 10, 8, 6, 10, 3, 4, 5, 8, 6, 7, 7, 5, 1, 7, 5, 1, 3, 8, 8, 1, 2, 5, 4, 4, 2, 6, 3, 5, 6, 10, 7, 5, 10, 1, 4] 3771.397007392064 3607887.647858
CLO: [9, 6, 1, 1, 8, 1, 7, 2, 9, 4, 5, 2, 8, 9, 9, 4, 1, 9, 6, 8, 7, 5, 4, 7, 4, 4, 5, 3, 8, 7, 6, 1, 4, 6, 2, 6, 7, 9, 4, 9, 2, 7, 4, 2, 4, 4, 9, 1, 3, 7, 1, 10, 7, 10, 5, 6, 2, 4, 8, 7, 5, 4, 5, 5, 9, 5, 5, 8, 5, 8, 10, 9, 10, 4, 10, 9, 10, 7, 4, 8, 5, 10, 7, 1, 3, 1, 2, 9, 2, 7, 8, 8, 6, 8, 10, 3, 3, 1, 4, 3, 3, 8, 6, 1, 9, 3, 9, 6, 4, 2, 8, 10, 10, 9, 10, 5, 2, 7, 5, 3, 8, 4, 9, 3, 5, 6, 3, 6, 8, 1, 4, 6, 5, 1, 10, 3, 3, 1, 7, 4, 8, 2, 8, 7, 1, 2, 1, 2, 2, 9, 10, 8, 6, 7, 8, 4, 2, 3, 3, 4, 8, 1, 9, 8, 1, 8, 5, 1, 10, 10, 10, 9, 2, 9, 8, 5, 1, 10, 8, 2, 6, 6, 7, 10, 8, 10, 10, 6, 2, 3, 4, 4, 6, 7, 1, 3, 1, 3, 1, 7, 5, 6, 8, 2, 9, 8, 6, 3, 8, 3, 9, 7, 7, 1, 3, 7, 1, 3, 6, 4, 3, 5, 3, 10, 10, 3, 4, 10, 2, 4, 2, 5, 6, 2, 3, 7, 4, 1, 8, 8, 9, 1, 5, 1, 10, 4, 7, 7, 6, 7, 3, 3, 10, 4, 8, 4, 1, 6, 6, 5, 10, 4, 3, 9, 9, 10, 8, 9, 1, 5, 4, 5, 7, 4, 3, 1, 5, 3, 4, 7, 1, 1, 6, 3, 4, 3, 2, 5, 5, 10, 10, 6, 8, 9, 10, 6, 4, 2, 5, 1, 8, 7, 9, 8, 4, 9, 5, 9, 5, 9, 2, 3, 8, 7, 5, 2, 8, 8, 1, 8, 9, 4, 5, 5, 7, 3, 2, 10, 1, 7, 1, 2, 6, 9, 10, 10, 8, 4, 2, 4, 3, 7, 5, 4, 7, 5, 7, 9, 2, 2, 3, 10, 10, 4, 9, 2, 7, 4, 7, 9, 6, 3, 5, 1, 7, 3, 1, 9, 8, 9, 9, 10, 8, 10, 10, 1, 1, 5, 2, 7, 9, 4, 2, 9, 9, 2, 1, 8, 8, 7, 4, 10, 9, 6, 1, 2, 3, 5, 1, 4, 10, 5, 4, 9, 7, 7, 7, 3, 7, 9, 3, 8, 10, 6, 6, 7, 5, 4, 10, 5, 1, 3, 8, 8, 1, 5, 8, 5, 1, 1, 2, 10, 1, 4, 9, 2, 7, 10, 6, 10, 9, 5, 8, 1, 4, 7, 2, 5, 10, 10, 10, 10, 9, 9, 10, 6, 7, 1, 4, 9, 1, 3, 2, 1, 9, 8, 4, 10, 6, 8, 4, 8, 6, 6, 5, 1, 2, 10, 3, 10, 8, 9, 2, 7, 2, 1, 3, 8, 5, 9, 6, 3, 4, 1, 6, 10, 3, 7, 4, 1] 3861.420182215643 3600053.759107
-- 
Instance 5
seed: 1464149367425
--
SHC: [2, 7, 2, 10, 6, 9, 6, 10, 7, 1, 1, 9, 1, 9, 2, 9, 3, 7, 2, 5, 6, 5, 10, 9, 5, 4, 10, 2, 6, 2, 10, 3, 4, 8, 5, 5, 2, 7, 3, 9, 8, 6, 4, 5, 5, 6, 5, 7, 6, 10, 7, 4, 2, 8, 2, 7, 10, 1, 2, 3, 10, 6, 8, 10, 6, 5, 1, 3, 6, 5, 6, 4, 5, 7, 7, 2, 2, 4, 1, 10, 4, 4, 9, 4, 4, 3, 9, 9, 7, 9, 10, 6, 2, 6, 5, 3, 8, 10, 7, 9, 9, 7, 1, 9, 10, 8, 3, 10, 5, 2, 8, 8, 6, 3, 2, 8, 8, 5, 2, 9, 2, 3, 7, 7, 4, 3, 8, 8, 10, 8, 6, 2, 6, 9, 3, 6, 9, 6, 8, 6, 9, 10, 7, 9, 5, 2, 9, 6, 7, 6, 4, 8, 5, 1, 9, 10, 5, 10, 6, 3, 10, 10, 7, 7, 10, 1, 7, 5, 1, 8, 1, 2, 8, 5, 8, 2, 6, 6, 10, 9, 10, 8, 6, 5, 6, 1, 7, 6, 1, 8, 4, 10, 9, 1, 6, 8, 1, 4, 10, 8, 2, 1, 7, 3, 4, 8, 7, 4, 2, 10, 7, 8, 9, 10, 6, 7, 4, 2, 1, 6, 8, 6, 3, 2, 6, 4, 1, 10, 5, 2, 2, 10, 8, 9, 4, 8, 3, 5, 5, 7, 9, 9, 2, 7, 9, 3, 7, 2, 4, 8, 3, 1, 3, 2, 7, 5, 9, 8, 6, 4, 1, 7, 3, 2, 8, 2, 8, 9, 2, 1, 3, 6, 7, 9, 1, 1, 7, 10, 7, 5, 10, 7, 9, 2, 10, 9, 7, 5, 7, 4, 3, 5, 4, 10, 4, 6, 6, 6, 3, 1, 10, 3, 8, 1, 9, 6, 7, 4, 7, 6, 3, 6, 7, 1, 5, 6, 9, 9, 5, 6, 10, 6, 8, 3, 6, 6, 4, 3, 8, 3, 3, 10, 4, 4, 5, 3, 9, 10, 5, 6, 5, 5, 9, 4, 1, 3, 7, 7, 6, 8, 5, 4, 8, 3, 2, 7, 1, 7, 1, 1, 7, 6, 2, 1, 6, 4, 2, 10, 3, 4, 7, 1, 10, 2, 6, 6, 7, 9, 5, 4, 7, 8, 6, 6, 8, 7, 8, 1, 7, 1, 5, 1, 2, 7, 8, 5, 4, 9, 1, 3, 8, 6, 6, 9, 5, 2, 4, 8, 9, 3, 1, 9, 4, 9, 2, 10, 6, 2, 6, 9, 5, 4, 5, 8, 10, 6, 10, 4, 6, 10, 1, 7, 3, 8, 2, 5, 1, 5, 1, 3, 7, 4, 2, 4, 6, 3, 7, 4, 4, 5, 9, 6, 2, 7, 10, 4, 4, 8, 5, 3, 6, 6, 9, 6, 6, 5, 2, 10, 7, 4, 8, 6, 2, 10, 4, 2, 1, 10, 4, 4, 1, 4, 7, 5, 8, 7, 3, 7, 2, 5, 7, 9, 2, 4, 4, 10, 3, 3, 5, 4] 4079.0139050153866 3600016.15439
SA: [2, 6, 3, 1, 3, 4, 2, 2, 4, 5, 9, 4, 7, 3, 5, 9, 1, 10, 2, 8, 1, 7, 1, 2, 9, 5, 5, 2, 1, 8, 9, 6, 3, 3, 4, 8, 9, 2, 7, 4, 1, 4, 4, 3, 2, 4, 3, 6, 9, 8, 3, 6, 7, 3, 1, 3, 2, 5, 2, 3, 4, 8, 5, 10, 1, 9, 5, 8, 2, 3, 8, 1, 7, 3, 2, 4, 7, 8, 1, 2, 10, 8, 7, 9, 1, 1, 7, 6, 6, 4, 9, 9, 5, 9, 1, 7, 4, 7, 7, 1, 2, 1, 1, 9, 4, 6, 1, 10, 5, 4, 5, 9, 7, 4, 9, 3, 6, 4, 4, 4, 6, 8, 8, 7, 4, 6, 7, 6, 4, 2, 7, 1, 6, 3, 3, 2, 10, 6, 5, 8, 8, 7, 8, 1, 7, 8, 2, 9, 5, 9, 5, 3, 3, 1, 7, 2, 7, 10, 6, 10, 3, 8, 2, 8, 2, 5, 5, 2, 4, 2, 6, 5, 10, 6, 5, 9, 1, 2, 3, 2, 9, 4, 6, 6, 10, 5, 9, 9, 4, 1, 7, 6, 10, 9, 10, 8, 7, 6, 1, 5, 1, 5, 2, 6, 9, 5, 2, 5, 4, 5, 6, 4, 9, 4, 1, 4, 6, 7, 3, 5, 3, 4, 1, 9, 3, 2, 4, 9, 4, 3, 5, 2, 3, 6, 10, 8, 9, 4, 3, 6, 4, 10, 7, 4, 9, 2, 7, 3, 6, 3, 4, 2, 4, 3, 8, 10, 9, 9, 5, 7, 1, 9, 9, 8, 5, 5, 10, 3, 1, 8, 8, 8, 2, 5, 2, 3, 3, 1, 2, 9, 3, 5, 10, 9, 6, 3, 6, 5, 3, 9, 9, 1, 9, 1, 10, 2, 7, 1, 3, 3, 3, 8, 1, 6, 6, 7, 4, 1, 10, 7, 6, 7, 4, 8, 1, 9, 6, 5, 4, 9, 3, 3, 10, 9, 5, 5, 8, 6, 2, 5, 3, 9, 9, 10, 6, 3, 5, 8, 5, 3, 9, 1, 2, 5, 9, 4, 6, 7, 7, 3, 4, 1, 7, 3, 9, 4, 10, 5, 6, 4, 2, 4, 5, 7, 6, 3, 6, 10, 2, 1, 8, 10, 1, 6, 10, 6, 7, 4, 7, 5, 2, 8, 9, 6, 8, 1, 6, 5, 2, 4, 6, 5, 4, 5, 5, 9, 10, 7, 5, 5, 2, 7, 6, 2, 1, 2, 1, 5, 1, 8, 3, 6, 7, 3, 9, 3, 6, 8, 1, 8, 10, 8, 1, 1, 5, 7, 2, 4, 6, 6, 7, 10, 9, 9, 2, 6, 6, 7, 10, 7, 4, 9, 6, 4, 2, 9, 7, 2, 5, 4, 8, 5, 5, 5, 2, 6, 1, 2, 10, 2, 5, 3, 6, 2, 4, 7, 1, 7, 6, 7, 10, 5, 7, 1, 8, 3, 7, 1, 4, 4, 10, 8, 9, 10, 6, 1, 6, 2, 4, 5, 5, 4, 1, 6, 7, 4, 8, 7, 1, 8] 3798.7813669509474 3605485.147697
CLO: [8, 10, 8, 2, 8, 7, 10, 8, 1, 7, 6, 9, 4, 3, 6, 8, 10, 6, 10, 3, 4, 8, 3, 2, 9, 4, 1, 2, 8, 1, 8, 4, 8, 4, 2, 3, 6, 1, 8, 5, 5, 5, 5, 1, 6, 1, 3, 4, 5, 4, 10, 7, 5, 6, 7, 10, 2, 1, 9, 1, 6, 6, 2, 2, 7, 1, 2, 4, 10, 1, 8, 1, 9, 3, 8, 3, 2, 4, 10, 7, 2, 8, 7, 6, 9, 6, 8, 1, 10, 7, 1, 3, 2, 4, 8, 3, 9, 10, 2, 10, 8, 10, 4, 5, 2, 2, 7, 7, 2, 5, 1, 5, 8, 7, 1, 3, 7, 5, 7, 7, 7, 4, 8, 5, 5, 7, 10, 8, 1, 1, 4, 1, 8, 5, 5, 5, 2, 9, 7, 4, 2, 3, 1, 8, 6, 5, 8, 2, 3, 8, 9, 4, 3, 10, 6, 1, 8, 8, 2, 8, 3, 8, 5, 1, 3, 4, 9, 8, 6, 2, 6, 2, 8, 6, 10, 6, 7, 2, 5, 2, 9, 4, 2, 7, 3, 7, 2, 10, 1, 10, 1, 2, 7, 7, 5, 5, 6, 10, 9, 8, 6, 4, 10, 1, 4, 10, 3, 10, 1, 1, 6, 1, 9, 3, 2, 10, 10, 2, 6, 7, 10, 6, 3, 9, 2, 7, 9, 2, 9, 9, 2, 2, 10, 2, 5, 5, 7, 2, 1, 5, 8, 8, 10, 7, 7, 10, 7, 2, 5, 5, 8, 8, 10, 3, 6, 8, 8, 2, 3, 8, 6, 6, 10, 7, 5, 10, 2, 4, 9, 2, 3, 4, 10, 1, 1, 8, 8, 9, 5, 9, 5, 4, 4, 6, 6, 2, 2, 4, 9, 10, 4, 2, 5, 8, 1, 10, 7, 10, 4, 1, 3, 2, 9, 5, 3, 6, 7, 2, 2, 9, 8, 3, 1, 10, 9, 5, 6, 10, 2, 1, 7, 7, 2, 4, 5, 7, 1, 9, 1, 5, 1, 8, 2, 10, 9, 4, 1, 1, 6, 2, 5, 3, 1, 5, 4, 5, 8, 9, 1, 6, 8, 7, 1, 4, 2, 4, 3, 10, 9, 9, 10, 7, 7, 1, 4, 1, 6, 1, 1, 1, 10, 4, 3, 3, 1, 1, 4, 5, 1, 3, 5, 9, 3, 6, 5, 2, 2, 9, 2, 10, 6, 2, 2, 7, 8, 9, 9, 4, 9, 8, 5, 3, 5, 3, 3, 8, 2, 1, 8, 9, 10, 9, 4, 8, 8, 1, 9, 8, 9, 10, 2, 10, 7, 9, 7, 1, 10, 10, 10, 4, 10, 3, 5, 9, 6, 10, 8, 1, 1, 9, 3, 10, 9, 2, 3, 6, 7, 6, 9, 7, 10, 3, 5, 6, 8, 5, 5, 10, 9, 4, 6, 6, 9, 4, 4, 9, 1, 10, 7, 10, 8, 10, 2, 7, 2, 7, 1, 5, 3, 6, 9, 4, 1, 7, 5, 6, 8, 6, 1, 4, 9, 3, 8, 2, 1, 8, 1, 6, 8, 1] 3648.136773529951 3600069.246566
-- 
Instance 6
seed: 1464160249499
--
SHC: [2, 10, 2, 9, 4, 4, 3, 4, 2, 3, 2, 7, 4, 3, 8, 2, 9, 8, 2, 3, 9, 8, 6, 8, 9, 1, 2, 2, 8, 7, 2, 3, 2, 2, 5, 6, 6, 10, 8, 6, 8, 2, 6, 10, 1, 4, 3, 6, 1, 2, 1, 6, 10, 1, 6, 9, 5, 6, 9, 2, 1, 8, 5, 4, 9, 10, 10, 5, 9, 7, 6, 8, 5, 4, 6, 2, 9, 6, 1, 1, 10, 1, 3, 7, 8, 7, 1, 3, 2, 5, 10, 7, 6, 3, 5, 1, 9, 5, 9, 1, 3, 4, 5, 4, 8, 7, 10, 9, 1, 8, 4, 10, 7, 7, 3, 10, 4, 8, 1, 2, 10, 3, 5, 3, 3, 2, 9, 10, 4, 8, 5, 10, 1, 5, 7, 8, 7, 7, 9, 9, 1, 5, 8, 7, 9, 3, 10, 7, 9, 5, 7, 2, 5, 7, 4, 1, 5, 6, 8, 4, 3, 1, 10, 7, 8, 3, 2, 8, 5, 1, 4, 9, 1, 6, 10, 7, 1, 3, 2, 5, 3, 3, 8, 3, 9, 3, 9, 1, 7, 8, 7, 8, 10, 10, 1, 3, 4, 2, 5, 9, 1, 6, 2, 7, 2, 8, 4, 5, 5, 5, 8, 1, 8, 7, 3, 7, 4, 3, 10, 9, 9, 9, 10, 1, 6, 8, 4, 9, 9, 6, 1, 3, 2, 3, 4, 4, 4, 3, 10, 8, 5, 10, 9, 7, 8, 9, 3, 1, 2, 3, 9, 1, 8, 1, 1, 6, 8, 5, 1, 10, 2, 9, 4, 9, 9, 10, 5, 7, 6, 5, 9, 2, 7, 10, 5, 5, 8, 8, 8, 3, 9, 3, 8, 10, 2, 7, 10, 7, 7, 1, 8, 1, 2, 6, 1, 2, 3, 5, 2, 7, 3, 9, 4, 3, 9, 1, 8, 10, 7, 7, 8, 5, 2, 10, 7, 3, 2, 9, 10, 3, 10, 6, 9, 2, 9, 6, 1, 8, 9, 4, 10, 9, 3, 6, 10, 9, 2, 10, 6, 5, 10, 4, 5, 1, 3, 5, 9, 7, 7, 8, 3, 9, 10, 10, 8, 7, 4, 8, 4, 1, 10, 8, 10, 3, 7, 3, 4, 6, 4, 3, 3, 3, 6, 10, 5, 10, 2, 6, 5, 3, 1, 5, 7, 9, 8, 10, 9, 7, 8, 2, 3, 8, 1, 7, 4, 10, 1, 2, 2, 8, 10, 4, 3, 5, 9, 10, 2, 10, 10, 5, 5, 6, 4, 4, 7, 4, 1, 9, 4, 10, 3, 9, 2, 9, 10, 10, 9, 10, 9, 9, 4, 5, 2, 2, 8, 7, 1, 2, 8, 4, 2, 3, 3, 9, 7, 1, 7, 8, 6, 5, 3, 1, 5, 2, 6, 4, 8, 3, 4, 9, 6, 10, 3, 4, 6, 7, 9, 7, 6, 4, 8, 7, 8, 10, 8, 6, 3, 8, 2, 6, 10, 10, 10, 7, 9, 8, 6, 3, 5, 6, 5, 9, 9, 10, 3, 7, 1, 5, 9, 10] 4146.914258572129 3600038.36862
SA: [9, 9, 4, 6, 7, 7, 7, 5, 5, 3, 1, 6, 9, 9, 1, 7, 5, 1, 3, 7, 8, 7, 5, 9, 3, 8, 6, 5, 6, 2, 5, 1, 4, 1, 9, 1, 5, 4, 5, 6, 10, 8, 4, 3, 2, 4, 7, 6, 10, 3, 7, 10, 6, 4, 8, 10, 5, 9, 10, 8, 3, 5, 8, 10, 2, 7, 4, 6, 8, 8, 6, 2, 8, 7, 9, 1, 5, 8, 5, 10, 8, 7, 10, 6, 8, 10, 4, 10, 7, 8, 3, 1, 6, 3, 9, 8, 9, 7, 8, 9, 3, 3, 10, 5, 7, 6, 3, 2, 5, 1, 1, 3, 2, 7, 8, 2, 7, 7, 2, 3, 6, 2, 2, 1, 3, 9, 6, 9, 5, 2, 6, 3, 2, 9, 2, 3, 9, 9, 8, 3, 2, 8, 4, 9, 2, 5, 5, 8, 9, 6, 3, 5, 6, 7, 8, 8, 2, 2, 10, 10, 10, 8, 3, 2, 4, 1, 4, 6, 6, 10, 7, 4, 1, 7, 6, 7, 9, 7, 8, 5, 9, 8, 10, 9, 7, 10, 8, 4, 5, 8, 3, 6, 9, 3, 5, 6, 1, 10, 8, 6, 3, 1, 7, 9, 1, 7, 5, 4, 2, 9, 8, 5, 9, 5, 8, 4, 3, 6, 3, 10, 2, 7, 10, 10, 8, 7, 10, 6, 4, 2, 4, 3, 2, 4, 3, 3, 7, 6, 8, 1, 10, 6, 9, 6, 2, 3, 3, 8, 6, 7, 9, 5, 5, 7, 8, 4, 10, 4, 7, 3, 6, 7, 10, 2, 3, 9, 8, 10, 1, 7, 4, 8, 5, 4, 2, 5, 10, 9, 10, 9, 3, 3, 5, 8, 9, 8, 10, 10, 4, 7, 2, 9, 1, 3, 8, 3, 8, 3, 3, 6, 3, 10, 10, 3, 3, 10, 10, 6, 7, 6, 1, 8, 2, 7, 2, 6, 7, 3, 10, 10, 6, 3, 8, 1, 3, 7, 9, 4, 10, 10, 5, 1, 1, 9, 6, 5, 5, 1, 10, 1, 4, 2, 5, 7, 10, 7, 10, 9, 6, 4, 7, 6, 7, 10, 10, 10, 6, 7, 10, 3, 10, 9, 9, 9, 6, 9, 2, 8, 10, 6, 2, 8, 3, 1, 9, 2, 8, 3, 2, 3, 2, 3, 8, 2, 7, 10, 6, 4, 2, 9, 1, 3, 2, 2, 1, 9, 5, 1, 6, 9, 1, 10, 1, 10, 1, 1, 7, 4, 8, 9, 10, 3, 3, 1, 5, 9, 4, 2, 2, 7, 5, 9, 8, 4, 9, 3, 7, 10, 3, 6, 2, 4, 1, 7, 3, 7, 8, 7, 1, 2, 8, 10, 4, 3, 3, 9, 5, 9, 9, 1, 8, 7, 3, 4, 9, 2, 1, 8, 1, 8, 3, 5, 3, 1, 4, 3, 7, 3, 10, 4, 1, 1, 3, 3, 8, 10, 9, 4, 4, 8, 10, 8, 4, 5, 3, 2, 2, 3, 1, 9, 7, 7, 6, 2, 4, 1, 6, 7, 5, 8] 3839.9026717778524 3603438.533637
CLO: [4, 7, 5, 3, 10, 5, 7, 3, 2, 7, 6, 3, 7, 6, 8, 7, 8, 9, 5, 3, 5, 9, 3, 5, 10, 10, 7, 3, 7, 4, 7, 3, 2, 6, 3, 4, 9, 3, 2, 3, 10, 7, 5, 5, 4, 1, 2, 4, 6, 4, 5, 9, 3, 4, 9, 5, 7, 1, 2, 3, 3, 10, 4, 7, 2, 6, 8, 6, 9, 10, 7, 9, 8, 6, 8, 6, 10, 5, 10, 2, 7, 8, 4, 1, 1, 4, 2, 9, 10, 3, 1, 8, 6, 3, 5, 5, 7, 1, 6, 2, 5, 5, 2, 1, 3, 6, 5, 5, 4, 3, 10, 8, 9, 6, 8, 10, 4, 9, 1, 3, 2, 9, 3, 9, 5, 3, 2, 6, 1, 9, 1, 10, 8, 2, 8, 3, 3, 2, 6, 7, 7, 6, 3, 6, 10, 5, 10, 10, 3, 9, 8, 7, 8, 3, 2, 8, 5, 7, 5, 2, 8, 7, 10, 9, 9, 9, 1, 4, 4, 1, 3, 1, 9, 8, 8, 7, 6, 7, 6, 7, 9, 7, 5, 7, 10, 2, 3, 5, 7, 6, 7, 8, 10, 8, 2, 10, 4, 2, 3, 2, 8, 6, 10, 7, 8, 6, 9, 2, 2, 2, 2, 8, 9, 7, 4, 7, 4, 7, 5, 9, 10, 3, 6, 6, 5, 1, 3, 5, 6, 7, 5, 10, 7, 8, 1, 7, 2, 7, 2, 8, 1, 2, 8, 2, 6, 1, 5, 4, 10, 8, 4, 9, 7, 8, 6, 1, 3, 1, 8, 1, 8, 4, 8, 1, 1, 7, 9, 6, 2, 4, 7, 3, 3, 2, 4, 8, 5, 8, 7, 1, 8, 3, 5, 8, 3, 7, 6, 2, 9, 1, 8, 6, 5, 10, 8, 1, 6, 2, 8, 1, 5, 9, 1, 1, 6, 5, 6, 2, 1, 9, 6, 6, 9, 9, 2, 8, 5, 9, 2, 7, 3, 3, 8, 9, 1, 3, 9, 5, 3, 2, 1, 6, 4, 9, 7, 6, 2, 4, 6, 1, 3, 8, 8, 2, 1, 6, 7, 6, 8, 2, 3, 2, 4, 8, 4, 5, 10, 8, 5, 9, 5, 6, 5, 9, 6, 6, 1, 4, 2, 9, 2, 1, 1, 7, 8, 6, 5, 7, 6, 3, 3, 10, 7, 1, 2, 8, 6, 5, 7, 9, 9, 2, 8, 7, 9, 6, 6, 1, 8, 8, 4, 3, 4, 9, 4, 1, 1, 1, 7, 3, 1, 10, 8, 1, 2, 1, 2, 5, 2, 8, 9, 10, 4, 6, 3, 5, 9, 7, 6, 4, 7, 8, 4, 8, 1, 3, 6, 2, 3, 1, 1, 8, 10, 9, 2, 2, 6, 5, 4, 5, 5, 8, 5, 6, 6, 4, 9, 8, 4, 2, 6, 2, 9, 7, 4, 6, 1, 5, 4, 9, 8, 5, 4, 4, 4, 6, 1, 4, 5, 3, 9, 10, 2, 1, 4, 4, 1, 5, 4, 9, 2, 10, 6, 8, 10, 3, 10, 10, 4, 2] 3844.293866064662 3600014.554885
-- 
Instance 7
seed: 1464171157194
--
SHC: [5, 1, 7, 1, 8, 3, 5, 5, 3, 8, 9, 9, 6, 5, 1, 9, 9, 10, 7, 2, 4, 7, 10, 3, 5, 8, 4, 4, 9, 4, 1, 9, 7, 8, 6, 6, 8, 8, 10, 2, 1, 2, 4, 6, 9, 5, 6, 9, 7, 7, 6, 9, 2, 1, 7, 1, 3, 7, 7, 1, 2, 8, 7, 9, 2, 9, 5, 7, 5, 10, 2, 9, 8, 7, 5, 7, 9, 3, 8, 9, 8, 4, 6, 6, 1, 5, 9, 7, 8, 1, 10, 7, 8, 4, 6, 8, 10, 9, 4, 8, 9, 7, 7, 9, 10, 8, 10, 10, 5, 2, 6, 6, 3, 1, 3, 10, 4, 1, 7, 8, 7, 10, 1, 2, 4, 7, 4, 4, 8, 8, 5, 8, 2, 3, 2, 1, 9, 3, 3, 7, 1, 8, 1, 5, 10, 6, 7, 4, 1, 1, 8, 3, 4, 3, 7, 2, 1, 1, 3, 2, 4, 8, 6, 10, 1, 10, 1, 6, 4, 2, 1, 7, 9, 9, 4, 10, 5, 1, 3, 4, 10, 10, 7, 10, 8, 5, 2, 9, 7, 7, 7, 7, 2, 6, 8, 10, 6, 8, 3, 2, 9, 8, 8, 8, 5, 6, 9, 5, 8, 1, 9, 9, 4, 3, 7, 6, 4, 8, 6, 6, 8, 6, 6, 7, 4, 8, 9, 1, 10, 7, 9, 7, 2, 3, 8, 1, 9, 1, 7, 9, 7, 1, 9, 1, 5, 9, 1, 7, 8, 2, 5, 4, 5, 4, 4, 6, 4, 5, 7, 9, 10, 4, 4, 10, 3, 1, 8, 1, 4, 3, 7, 5, 4, 9, 9, 1, 4, 6, 10, 10, 10, 2, 6, 5, 3, 7, 6, 9, 3, 2, 7, 2, 9, 5, 7, 4, 2, 5, 4, 9, 2, 9, 5, 4, 3, 7, 8, 10, 9, 4, 6, 1, 7, 8, 1, 4, 4, 8, 10, 7, 10, 10, 5, 2, 10, 3, 10, 9, 10, 2, 2, 9, 6, 7, 7, 9, 3, 3, 4, 7, 1, 9, 9, 3, 1, 2, 2, 7, 7, 9, 10, 2, 3, 2, 5, 7, 7, 3, 9, 1, 7, 8, 7, 2, 1, 2, 9, 9, 7, 3, 9, 8, 3, 6, 4, 6, 8, 10, 8, 1, 1, 9, 2, 3, 10, 5, 5, 1, 3, 3, 3, 3, 3, 9, 1, 1, 6, 7, 7, 9, 1, 3, 6, 1, 9, 8, 10, 8, 10, 4, 3, 9, 1, 3, 6, 4, 7, 6, 6, 4, 9, 1, 8, 6, 4, 2, 9, 9, 3, 8, 8, 1, 5, 4, 5, 5, 2, 3, 1, 8, 3, 2, 4, 5, 10, 9, 1, 2, 8, 8, 5, 4, 10, 10, 2, 1, 3, 5, 8, 3, 3, 8, 8, 9, 4, 6, 8, 1, 2, 10, 10, 1, 9, 2, 5, 6, 1, 6, 3, 4, 10, 6, 7, 7, 9, 1, 6, 6, 3, 6, 10, 10, 3, 4, 7, 10, 10, 5, 4, 7] 4205.685350058492 3600004.999593
SA: [5, 8, 8, 9, 8, 7, 8, 3, 6, 8, 7, 8, 5, 10, 5, 6, 1, 1, 5, 1, 10, 9, 2, 7, 3, 8, 5, 1, 3, 7, 7, 4, 9, 5, 8, 10, 2, 7, 2, 8, 5, 10, 8, 10, 6, 8, 8, 2, 8, 6, 3, 4, 3, 10, 10, 3, 4, 6, 2, 8, 3, 3, 8, 6, 7, 1, 10, 6, 1, 10, 6, 2, 6, 8, 4, 7, 7, 9, 5, 8, 8, 9, 5, 9, 6, 5, 6, 9, 3, 4, 8, 8, 6, 3, 4, 9, 8, 1, 7, 4, 5, 5, 1, 10, 4, 2, 4, 9, 8, 2, 10, 4, 7, 10, 1, 4, 5, 5, 7, 9, 6, 5, 6, 4, 9, 2, 5, 10, 7, 3, 5, 1, 8, 4, 1, 9, 7, 2, 4, 5, 5, 3, 3, 1, 7, 3, 2, 3, 2, 1, 3, 10, 8, 8, 1, 4, 4, 6, 10, 7, 10, 8, 7, 7, 1, 9, 3, 10, 5, 6, 10, 4, 8, 3, 6, 10, 1, 6, 2, 4, 5, 5, 10, 7, 5, 9, 1, 10, 6, 4, 6, 10, 5, 5, 5, 7, 2, 10, 9, 4, 7, 5, 6, 3, 10, 2, 10, 4, 2, 1, 6, 6, 4, 7, 8, 3, 9, 1, 6, 3, 10, 6, 9, 8, 6, 2, 7, 7, 7, 7, 10, 4, 1, 2, 4, 8, 9, 4, 3, 5, 7, 9, 4, 3, 10, 10, 2, 6, 2, 5, 8, 4, 8, 7, 9, 1, 7, 8, 6, 10, 7, 1, 10, 10, 4, 8, 6, 10, 1, 3, 6, 4, 4, 4, 1, 1, 10, 8, 8, 2, 8, 10, 3, 8, 3, 2, 1, 3, 9, 6, 5, 9, 3, 7, 3, 3, 3, 3, 4, 6, 8, 4, 6, 3, 5, 10, 6, 2, 8, 10, 5, 3, 2, 6, 1, 3, 7, 1, 5, 7, 3, 8, 6, 2, 2, 9, 9, 7, 5, 8, 4, 3, 5, 3, 4, 9, 6, 8, 9, 3, 8, 6, 6, 3, 4, 3, 8, 8, 7, 9, 5, 6, 3, 2, 4, 9, 5, 1, 1, 7, 10, 1, 2, 2, 4, 9, 2, 9, 5, 4, 5, 5, 2, 10, 2, 6, 7, 5, 5, 1, 2, 3, 5, 4, 3, 8, 5, 8, 4, 4, 6, 4, 7, 9, 3, 7, 2, 4, 2, 10, 5, 9, 1, 2, 2, 4, 1, 6, 4, 4, 9, 6, 5, 1, 8, 5, 2, 6, 4, 6, 8, 2, 8, 8, 8, 4, 5, 1, 9, 4, 8, 4, 3, 6, 9, 2, 2, 10, 9, 3, 5, 5, 7, 7, 2, 7, 1, 5, 6, 10, 4, 3, 10, 9, 4, 8, 7, 1, 2, 6, 8, 1, 4, 10, 3, 9, 1, 5, 4, 4, 9, 4, 7, 5, 9, 1, 8, 6, 6, 1, 3, 5, 8, 5, 3, 5, 6, 5, 5, 1, 3, 2, 3, 8, 2, 7, 5, 3, 4, 5] 3930.654620654356 3603525.463726
CLO: [5, 5, 7, 4, 1, 5, 5, 9, 3, 7, 3, 3, 6, 1, 6, 5, 2, 2, 1, 7, 1, 8, 2, 2, 4, 1, 7, 8, 4, 10, 4, 5, 5, 6, 1, 4, 5, 10, 9, 2, 6, 3, 10, 9, 3, 7, 6, 6, 5, 4, 2, 6, 6, 6, 6, 7, 5, 6, 8, 9, 4, 4, 8, 7, 4, 4, 9, 7, 8, 10, 5, 10, 9, 2, 7, 4, 6, 5, 1, 6, 3, 8, 9, 8, 7, 2, 3, 1, 4, 6, 2, 2, 9, 10, 3, 10, 9, 8, 5, 5, 5, 6, 7, 6, 10, 1, 10, 9, 4, 1, 4, 2, 2, 4, 3, 9, 2, 3, 6, 1, 6, 6, 2, 9, 1, 10, 5, 3, 5, 9, 4, 3, 3, 2, 7, 6, 6, 4, 1, 1, 8, 6, 2, 3, 10, 7, 9, 8, 6, 2, 3, 10, 2, 1, 9, 2, 8, 7, 8, 4, 10, 9, 4, 3, 7, 7, 10, 8, 5, 9, 7, 8, 3, 4, 5, 8, 9, 9, 2, 6, 4, 5, 1, 9, 8, 3, 9, 9, 2, 10, 6, 6, 4, 8, 3, 4, 2, 7, 2, 1, 8, 4, 4, 10, 2, 4, 7, 8, 3, 3, 6, 1, 3, 10, 2, 1, 6, 6, 8, 9, 9, 2, 4, 3, 10, 4, 5, 8, 8, 9, 3, 5, 10, 2, 2, 6, 5, 8, 3, 7, 5, 3, 6, 5, 2, 5, 10, 9, 10, 6, 8, 7, 5, 7, 9, 7, 10, 10, 5, 4, 8, 3, 10, 3, 7, 6, 2, 2, 10, 4, 8, 7, 3, 2, 3, 5, 6, 8, 2, 8, 1, 7, 1, 9, 9, 5, 4, 6, 8, 9, 7, 7, 7, 3, 5, 10, 3, 8, 4, 2, 8, 6, 2, 2, 1, 3, 8, 10, 5, 4, 10, 9, 4, 6, 1, 1, 1, 3, 7, 1, 4, 1, 3, 1, 6, 4, 5, 6, 9, 6, 8, 8, 2, 4, 8, 9, 10, 4, 6, 1, 8, 8, 3, 6, 9, 8, 10, 10, 5, 10, 8, 5, 1, 5, 5, 7, 1, 8, 10, 1, 4, 4, 8, 6, 3, 7, 2, 1, 2, 5, 3, 2, 4, 8, 6, 6, 3, 5, 8, 5, 7, 5, 3, 10, 7, 6, 8, 4, 9, 5, 2, 9, 3, 2, 2, 4, 1, 10, 4, 4, 5, 10, 1, 6, 10, 10, 5, 3, 2, 1, 3, 3, 9, 6, 8, 8, 3, 8, 9, 3, 6, 4, 9, 10, 7, 10, 10, 4, 9, 3, 5, 5, 4, 8, 2, 6, 7, 2, 3, 6, 8, 4, 4, 5, 3, 8, 3, 9, 2, 4, 6, 6, 1, 1, 9, 7, 9, 9, 8, 8, 1, 6, 3, 10, 5, 3, 4, 5, 3, 2, 3, 10, 7, 1, 2, 10, 9, 4, 2, 3, 1, 9, 5, 3, 4, 4, 2, 3, 2, 7, 3, 7, 5, 8, 1, 10, 5, 3, 1, 10] 3790.0931796437662 3600063.031555
-- 
Instance 8
seed: 1464182048940
--
SHC: [8, 9, 3, 8, 7, 1, 1, 9, 1, 3, 10, 6, 6, 5, 8, 3, 5, 2, 5, 2, 8, 8, 10, 9, 7, 5, 9, 8, 9, 10, 2, 8, 5, 2, 1, 7, 2, 5, 3, 6, 10, 9, 1, 3, 2, 10, 9, 10, 6, 9, 9, 5, 8, 10, 7, 6, 1, 4, 4, 8, 3, 1, 3, 8, 8, 4, 5, 7, 7, 1, 10, 9, 7, 10, 10, 10, 9, 10, 6, 4, 8, 3, 1, 1, 5, 7, 9, 10, 6, 1, 10, 7, 5, 7, 2, 2, 7, 7, 7, 4, 10, 2, 9, 7, 1, 5, 3, 9, 4, 5, 1, 1, 10, 2, 8, 4, 5, 3, 3, 3, 10, 6, 7, 2, 7, 4, 10, 8, 6, 4, 6, 8, 10, 9, 5, 1, 5, 6, 2, 3, 8, 3, 9, 8, 6, 7, 10, 3, 4, 9, 2, 6, 2, 7, 3, 1, 2, 4, 4, 3, 2, 3, 3, 1, 2, 10, 4, 8, 6, 1, 7, 10, 5, 5, 2, 9, 3, 1, 10, 10, 4, 8, 1, 1, 2, 7, 10, 6, 6, 7, 5, 7, 2, 6, 1, 7, 4, 3, 5, 5, 5, 3, 4, 8, 1, 4, 8, 10, 2, 9, 4, 7, 7, 9, 6, 5, 4, 6, 9, 8, 1, 7, 9, 6, 4, 6, 8, 9, 7, 10, 6, 7, 7, 10, 7, 2, 9, 3, 5, 5, 4, 1, 3, 10, 10, 5, 5, 7, 9, 10, 10, 5, 8, 1, 1, 8, 10, 5, 9, 7, 1, 3, 10, 7, 4, 6, 3, 4, 10, 1, 7, 4, 4, 7, 8, 10, 5, 4, 3, 3, 5, 7, 8, 6, 8, 5, 7, 5, 10, 3, 5, 5, 7, 4, 4, 4, 8, 4, 8, 7, 10, 9, 2, 5, 2, 1, 5, 1, 5, 5, 4, 8, 8, 8, 1, 6, 10, 9, 8, 6, 3, 3, 1, 6, 10, 3, 1, 5, 2, 8, 9, 9, 4, 8, 4, 3, 6, 2, 3, 6, 7, 4, 4, 6, 10, 2, 9, 9, 4, 3, 2, 7, 10, 5, 1, 9, 1, 6, 2, 9, 5, 8, 4, 9, 8, 6, 10, 1, 1, 9, 4, 10, 5, 3, 7, 10, 10, 6, 6, 7, 6, 8, 2, 2, 5, 7, 4, 6, 5, 7, 4, 8, 1, 1, 1, 8, 10, 5, 5, 4, 10, 5, 4, 7, 10, 6, 2, 5, 9, 4, 9, 7, 7, 7, 4, 7, 4, 2, 6, 10, 7, 10, 4, 6, 5, 9, 5, 4, 6, 2, 4, 3, 3, 6, 1, 4, 9, 8, 5, 1, 1, 1, 4, 8, 6, 8, 4, 8, 6, 6, 3, 2, 2, 7, 4, 1, 5, 8, 8, 8, 8, 8, 10, 5, 6, 3, 9, 9, 6, 1, 8, 9, 7, 10, 9, 2, 4, 9, 1, 2, 10, 7, 7, 9, 7, 4, 8, 3, 9, 4, 6, 8, 3, 8, 7, 7, 5, 9, 8, 7] 4130.67084735084 3600009.726141
SA: [3, 10, 5, 6, 5, 10, 2, 8, 9, 7, 6, 8, 7, 6, 8, 3, 9, 5, 5, 2, 10, 9, 9, 4, 3, 8, 9, 10, 3, 1, 3, 4, 5, 2, 1, 2, 2, 5, 7, 9, 7, 9, 7, 10, 2, 10, 10, 1, 8, 2, 4, 6, 10, 2, 4, 7, 6, 9, 8, 9, 10, 5, 3, 10, 9, 10, 6, 10, 4, 3, 2, 3, 10, 8, 9, 3, 7, 6, 5, 7, 8, 8, 8, 5, 1, 3, 10, 6, 8, 7, 4, 1, 9, 10, 2, 6, 10, 5, 2, 1, 5, 9, 4, 10, 1, 10, 9, 1, 4, 5, 4, 6, 4, 4, 4, 1, 7, 9, 6, 5, 2, 1, 3, 2, 4, 9, 8, 10, 1, 10, 10, 2, 6, 2, 4, 3, 3, 5, 5, 5, 8, 7, 4, 1, 6, 9, 7, 2, 4, 8, 5, 7, 7, 2, 3, 1, 6, 8, 4, 6, 7, 7, 10, 5, 7, 2, 1, 8, 1, 2, 8, 8, 5, 9, 3, 7, 7, 9, 9, 8, 10, 5, 8, 5, 5, 8, 3, 2, 6, 10, 9, 4, 2, 9, 3, 1, 1, 7, 6, 1, 4, 3, 4, 4, 3, 3, 2, 1, 5, 4, 2, 2, 7, 4, 10, 8, 6, 3, 7, 2, 2, 1, 4, 8, 9, 9, 10, 5, 6, 4, 1, 9, 7, 5, 8, 3, 4, 10, 10, 1, 3, 7, 9, 9, 9, 1, 1, 7, 5, 8, 4, 4, 5, 8, 1, 10, 2, 10, 5, 1, 6, 7, 1, 9, 10, 9, 4, 4, 1, 3, 6, 5, 2, 6, 1, 6, 6, 4, 2, 7, 4, 9, 2, 10, 3, 2, 10, 10, 7, 5, 5, 5, 1, 7, 4, 7, 3, 8, 2, 5, 7, 3, 7, 8, 8, 5, 7, 9, 4, 6, 4, 6, 4, 10, 10, 5, 6, 1, 2, 9, 7, 4, 2, 1, 4, 6, 10, 10, 3, 6, 7, 4, 10, 3, 9, 10, 4, 5, 8, 7, 5, 5, 7, 9, 8, 7, 4, 4, 9, 6, 8, 2, 8, 8, 1, 7, 1, 1, 4, 9, 3, 9, 7, 4, 6, 9, 1, 2, 10, 10, 3, 7, 4, 4, 4, 6, 6, 10, 5, 3, 2, 10, 5, 8, 7, 3, 7, 5, 1, 5, 6, 2, 10, 6, 5, 2, 6, 7, 5, 7, 2, 1, 8, 1, 5, 8, 6, 6, 1, 3, 5, 5, 2, 6, 3, 7, 5, 4, 5, 4, 6, 4, 1, 2, 5, 2, 4, 8, 1, 1, 9, 2, 9, 1, 5, 5, 6, 5, 4, 6, 7, 3, 9, 5, 6, 2, 10, 2, 2, 2, 1, 10, 10, 7, 5, 3, 3, 9, 1, 2, 3, 2, 1, 6, 9, 6, 1, 4, 8, 3, 1, 9, 6, 5, 3, 3, 1, 6, 9, 3, 4, 10, 2, 7, 3, 2, 9, 4, 6, 10, 6, 7, 1, 2, 8, 9, 10, 6, 6, 3] 3799.1408992268134 3606027.627151
CLO: [7, 9, 7, 1, 2, 4, 9, 5, 6, 1, 5, 7, 10, 2, 6, 8, 6, 9, 3, 8, 7, 5, 4, 1, 3, 7, 8, 10, 2, 2, 7, 9, 6, 9, 10, 8, 1, 3, 9, 1, 10, 10, 4, 8, 4, 2, 5, 6, 1, 9, 3, 8, 3, 8, 6, 2, 2, 9, 7, 4, 5, 5, 4, 7, 1, 8, 8, 3, 3, 3, 3, 4, 6, 2, 10, 9, 1, 6, 6, 2, 7, 2, 1, 8, 4, 5, 10, 7, 7, 5, 9, 2, 10, 9, 5, 1, 4, 10, 9, 1, 10, 8, 9, 6, 10, 7, 7, 2, 1, 3, 6, 4, 2, 3, 5, 6, 3, 7, 7, 4, 3, 5, 4, 8, 3, 6, 9, 9, 10, 9, 10, 10, 4, 8, 3, 10, 2, 7, 1, 2, 6, 2, 4, 6, 5, 3, 5, 9, 6, 3, 9, 9, 3, 1, 1, 9, 3, 6, 8, 5, 2, 8, 5, 10, 10, 9, 2, 2, 6, 1, 2, 7, 2, 1, 1, 9, 3, 2, 5, 3, 8, 5, 6, 2, 2, 2, 6, 8, 3, 4, 1, 4, 2, 6, 7, 4, 4, 7, 6, 2, 2, 5, 3, 4, 7, 8, 4, 3, 10, 7, 3, 6, 2, 10, 6, 10, 9, 5, 8, 2, 3, 9, 3, 2, 6, 10, 2, 8, 10, 5, 2, 6, 5, 9, 8, 8, 9, 7, 2, 4, 8, 7, 8, 6, 10, 5, 9, 4, 4, 7, 6, 10, 9, 10, 4, 5, 7, 2, 7, 7, 5, 10, 6, 7, 2, 9, 8, 8, 3, 9, 4, 10, 5, 5, 2, 4, 10, 5, 4, 7, 7, 3, 3, 4, 5, 4, 9, 9, 5, 7, 1, 1, 10, 8, 4, 6, 10, 4, 9, 4, 2, 5, 4, 1, 1, 6, 6, 4, 2, 6, 8, 5, 10, 2, 1, 10, 2, 3, 10, 2, 3, 4, 9, 9, 8, 1, 1, 1, 2, 7, 6, 10, 3, 6, 3, 3, 9, 6, 4, 4, 2, 4, 5, 7, 5, 8, 7, 7, 9, 8, 6, 2, 8, 7, 10, 10, 1, 9, 2, 5, 4, 2, 2, 1, 9, 1, 3, 4, 4, 6, 6, 6, 2, 5, 10, 2, 7, 2, 10, 10, 9, 5, 6, 9, 1, 6, 9, 6, 9, 5, 1, 3, 6, 9, 8, 8, 1, 9, 5, 9, 3, 3, 4, 3, 2, 4, 7, 5, 9, 2, 9, 10, 3, 1, 3, 2, 3, 9, 2, 5, 5, 2, 4, 2, 1, 6, 9, 4, 4, 9, 3, 7, 10, 6, 10, 8, 10, 7, 1, 3, 5, 9, 1, 9, 5, 6, 8, 5, 6, 4, 5, 10, 2, 7, 5, 2, 6, 5, 2, 4, 6, 7, 4, 1, 4, 3, 8, 4, 3, 10, 9, 9, 9, 9, 9, 10, 9, 7, 6, 4, 4, 10, 2, 10, 5, 2, 6, 5, 10, 10, 1, 6, 2, 4, 5, 10, 4, 5, 7, 9] 3755.627381761616 3600001.643641
-- 
Instance 9
seed: 1464192930937
--
SHC: [1, 5, 8, 8, 6, 2, 7, 5, 5, 8, 1, 3, 5, 8, 4, 9, 5, 9, 1, 9, 6, 2, 8, 3, 1, 3, 6, 8, 9, 3, 10, 3, 10, 10, 8, 7, 4, 3, 1, 10, 2, 6, 1, 4, 7, 10, 3, 6, 6, 8, 7, 8, 1, 3, 6, 9, 7, 5, 3, 6, 3, 10, 5, 1, 5, 7, 5, 4, 7, 6, 2, 6, 7, 2, 4, 4, 3, 1, 1, 3, 3, 8, 4, 1, 2, 5, 2, 2, 10, 3, 1, 5, 6, 1, 10, 3, 9, 8, 10, 5, 1, 3, 3, 6, 4, 3, 9, 10, 7, 10, 9, 7, 1, 10, 3, 3, 1, 5, 9, 4, 5, 8, 5, 4, 5, 3, 10, 5, 6, 4, 3, 2, 6, 1, 6, 7, 7, 9, 7, 9, 6, 10, 9, 5, 2, 8, 5, 10, 9, 4, 5, 5, 3, 7, 7, 5, 9, 9, 7, 6, 5, 1, 1, 3, 6, 10, 9, 3, 1, 10, 5, 3, 7, 7, 1, 5, 10, 10, 10, 9, 9, 5, 9, 7, 10, 10, 9, 4, 2, 2, 3, 8, 4, 7, 7, 10, 6, 9, 2, 4, 7, 2, 5, 6, 5, 8, 10, 8, 7, 9, 1, 2, 9, 3, 6, 5, 10, 1, 7, 2, 5, 1, 1, 7, 4, 4, 8, 3, 3, 4, 5, 4, 8, 8, 6, 3, 8, 9, 6, 2, 4, 9, 8, 2, 9, 9, 2, 10, 7, 10, 3, 8, 6, 2, 5, 8, 4, 10, 7, 8, 9, 2, 8, 7, 5, 5, 10, 10, 9, 9, 4, 10, 4, 6, 4, 7, 3, 8, 2, 8, 9, 9, 4, 5, 6, 5, 3, 3, 6, 4, 2, 6, 5, 4, 6, 4, 10, 5, 9, 3, 1, 1, 2, 8, 7, 7, 4, 4, 3, 1, 3, 7, 5, 8, 10, 5, 9, 3, 5, 5, 6, 6, 2, 9, 4, 7, 1, 3, 1, 6, 7, 7, 4, 8, 3, 4, 9, 8, 1, 6, 2, 4, 3, 6, 9, 9, 8, 6, 1, 1, 9, 9, 8, 7, 10, 7, 7, 8, 7, 8, 8, 1, 7, 7, 7, 7, 3, 2, 4, 4, 10, 8, 3, 4, 3, 2, 5, 6, 3, 8, 8, 4, 5, 9, 2, 4, 5, 2, 7, 4, 7, 6, 8, 3, 1, 4, 3, 3, 5, 1, 1, 2, 1, 4, 9, 1, 6, 3, 6, 8, 6, 6, 9, 10, 9, 5, 8, 5, 10, 9, 6, 8, 4, 5, 3, 7, 1, 1, 1, 1, 10, 1, 10, 1, 7, 3, 3, 6, 8, 3, 2, 5, 2, 9, 5, 8, 4, 9, 1, 7, 9, 10, 4, 7, 6, 5, 7, 1, 2, 5, 7, 6, 3, 1, 10, 7, 9, 1, 1, 9, 6, 2, 2, 2, 1, 8, 7, 3, 2, 8, 7, 2, 10, 1, 6, 2, 6, 5, 2, 5, 3, 1, 9, 9, 8, 3, 8, 4, 9, 4] 4043.577230802629 3600036.44697
SA: [1, 10, 6, 2, 10, 5, 1, 5, 9, 1, 9, 8, 2, 1, 4, 6, 9, 6, 3, 1, 5, 7, 9, 5, 2, 5, 10, 5, 6, 3, 10, 5, 7, 2, 8, 5, 6, 2, 1, 1, 5, 3, 2, 5, 7, 8, 8, 2, 4, 2, 10, 9, 1, 6, 5, 6, 8, 9, 9, 9, 10, 1, 7, 8, 10, 9, 4, 1, 5, 2, 1, 10, 8, 10, 9, 2, 6, 2, 6, 6, 3, 8, 7, 10, 5, 1, 10, 6, 4, 6, 6, 7, 2, 1, 2, 8, 7, 2, 8, 8, 6, 3, 2, 10, 5, 2, 5, 6, 5, 10, 5, 1, 7, 10, 10, 6, 10, 10, 1, 10, 8, 9, 6, 7, 10, 9, 9, 5, 10, 10, 8, 6, 2, 8, 7, 8, 1, 9, 1, 6, 3, 10, 7, 4, 2, 10, 3, 2, 1, 10, 3, 4, 5, 7, 10, 3, 5, 8, 9, 5, 6, 6, 9, 4, 2, 6, 10, 9, 1, 5, 9, 10, 6, 10, 6, 2, 7, 1, 4, 8, 9, 9, 1, 4, 7, 8, 4, 1, 3, 8, 4, 9, 7, 4, 10, 6, 4, 9, 6, 9, 7, 2, 6, 1, 2, 2, 9, 5, 4, 8, 6, 7, 2, 3, 3, 6, 5, 6, 7, 9, 10, 4, 2, 7, 10, 5, 1, 5, 7, 4, 6, 8, 1, 2, 9, 1, 9, 7, 9, 5, 3, 2, 9, 2, 7, 8, 6, 6, 1, 4, 9, 9, 5, 10, 4, 1, 8, 1, 10, 9, 6, 9, 2, 10, 2, 1, 2, 7, 7, 6, 5, 8, 4, 9, 4, 10, 7, 2, 6, 7, 6, 3, 10, 6, 9, 10, 5, 5, 3, 5, 10, 4, 3, 4, 1, 4, 1, 3, 7, 8, 1, 9, 10, 5, 3, 4, 4, 10, 10, 6, 1, 1, 8, 2, 2, 4, 10, 8, 6, 4, 8, 3, 10, 4, 9, 2, 1, 6, 3, 7, 10, 2, 7, 1, 8, 10, 5, 3, 1, 4, 7, 3, 9, 1, 8, 4, 6, 8, 7, 2, 10, 6, 10, 3, 6, 2, 8, 9, 7, 6, 6, 10, 3, 4, 10, 4, 1, 9, 7, 6, 3, 10, 5, 5, 5, 5, 2, 4, 7, 1, 4, 5, 4, 9, 9, 10, 2, 2, 6, 2, 5, 5, 1, 5, 9, 2, 10, 4, 2, 4, 10, 4, 6, 4, 5, 5, 9, 2, 8, 6, 10, 10, 6, 9, 2, 10, 10, 7, 1, 8, 6, 9, 2, 7, 6, 1, 6, 7, 5, 7, 3, 9, 5, 5, 1, 6, 8, 10, 4, 1, 8, 9, 3, 9, 9, 10, 10, 6, 4, 9, 5, 7, 10, 10, 8, 10, 9, 1, 6, 3, 3, 1, 4, 10, 10, 4, 6, 9, 4, 1, 4, 2, 7, 2, 8, 8, 3, 2, 10, 4, 8, 6, 3, 7, 5, 6, 5, 7, 6, 4, 10, 3, 10, 7, 7, 7, 1, 5, 5, 10] 3842.1558835280216 3604678.85748
CLO: [4, 6, 7, 3, 5, 5, 6, 9, 7, 6, 5, 10, 6, 3, 8, 10, 2, 1, 9, 10, 4, 10, 3, 8, 9, 9, 1, 4, 2, 3, 3, 10, 1, 4, 8, 7, 7, 6, 9, 7, 7, 1, 8, 3, 7, 8, 4, 2, 1, 9, 8, 4, 2, 3, 5, 9, 2, 7, 9, 8, 5, 6, 5, 3, 2, 6, 6, 6, 8, 6, 5, 7, 1, 3, 9, 2, 3, 5, 6, 6, 8, 9, 1, 4, 9, 3, 9, 8, 9, 1, 1, 4, 5, 2, 4, 7, 4, 1, 10, 10, 7, 10, 6, 7, 9, 5, 3, 10, 6, 8, 4, 4, 10, 2, 3, 6, 3, 10, 5, 1, 4, 2, 4, 3, 2, 10, 3, 2, 3, 4, 8, 9, 8, 2, 4, 1, 6, 6, 10, 8, 10, 4, 7, 7, 3, 4, 5, 5, 7, 1, 4, 3, 4, 3, 2, 8, 3, 3, 5, 8, 1, 2, 1, 3, 2, 1, 4, 7, 3, 6, 10, 4, 7, 4, 8, 2, 7, 4, 4, 3, 5, 10, 10, 9, 8, 2, 10, 1, 9, 7, 1, 7, 1, 9, 6, 7, 5, 10, 2, 8, 8, 9, 6, 5, 3, 1, 7, 2, 6, 10, 5, 9, 3, 2, 10, 5, 6, 8, 9, 8, 7, 2, 2, 1, 1, 10, 3, 7, 1, 1, 7, 10, 9, 3, 4, 1, 7, 10, 2, 4, 2, 4, 5, 2, 1, 1, 10, 6, 10, 6, 9, 10, 3, 6, 4, 1, 4, 2, 5, 1, 2, 1, 9, 3, 3, 10, 2, 1, 1, 1, 5, 6, 5, 10, 6, 3, 8, 1, 3, 10, 5, 10, 3, 3, 7, 2, 9, 9, 4, 2, 10, 6, 3, 9, 4, 2, 5, 8, 6, 2, 6, 7, 4, 2, 6, 6, 9, 5, 1, 8, 10, 5, 2, 2, 8, 5, 10, 9, 9, 4, 8, 9, 3, 2, 9, 4, 2, 8, 1, 2, 2, 5, 9, 8, 4, 7, 1, 2, 2, 5, 2, 5, 9, 10, 5, 5, 5, 1, 4, 2, 3, 6, 5, 10, 4, 8, 3, 10, 5, 8, 2, 4, 2, 5, 7, 9, 8, 5, 3, 2, 3, 10, 5, 3, 9, 5, 10, 2, 9, 2, 3, 8, 10, 7, 5, 7, 1, 1, 9, 4, 4, 10, 4, 5, 3, 3, 4, 6, 3, 1, 3, 4, 5, 5, 4, 10, 4, 9, 4, 2, 9, 1, 8, 3, 3, 6, 9, 6, 10, 3, 9, 2, 3, 8, 2, 2, 4, 8, 8, 4, 4, 5, 8, 7, 3, 5, 3, 8, 10, 6, 7, 9, 2, 8, 4, 9, 2, 1, 1, 7, 8, 1, 1, 4, 7, 7, 1, 1, 6, 8, 5, 6, 3, 10, 3, 9, 3, 7, 7, 8, 6, 4, 4, 2, 4, 1, 3, 8, 10, 5, 3, 6, 1, 1, 8, 3, 6, 3, 10, 4, 1, 5, 10, 8, 4, 6, 8, 9, 10, 3] 3856.2643291975173 3600031.10112
-- Summary -- 
*SHC*
Found PNE: 0/10
Approx Average: 4114.651334017305
*SA*
Found PNE: 0/10
Approx Average: 3852.3857335368257
*CLO*
Found PNE: 0/10
Approx Average: 3801.945802997682
