Number of instances: 10
Game: Normal Form Game
Players: 50
Actions: 50
Metaheuristics time: 600
-- 
Instance 0
seed: 1463994763937
--
SHC: [45, 12, 24, 11, 20, 2, 31, 6, 45, 4, 22, 26, 34, 23, 10, 43, 8, 50, 11, 33, 28, 32, 9, 41, 32, 49, 49, 39, 6, 11, 48, 3, 11, 14, 2, 50, 24, 26, 49, 44, 44, 2, 45, 1, 8, 19, 4, 2, 39, 19] 989.71060104866 600005.049695
SA: [41, 48, 47, 18, 12, 13, 23, 38, 7, 7, 39, 29, 18, 6, 32, 47, 35, 6, 44, 6, 49, 12, 18, 50, 31, 21, 16, 41, 37, 41, 50, 12, 11, 32, 22, 27, 50, 23, 22, 32, 11, 15, 29, 21, 48, 22, 8, 18, 29, 24] 836.0241072879196 600012.100688
CLO: [15, 13, 32, 7, 24, 8, 24, 27, 3, 34, 10, 21, 50, 11, 7, 43, 26, 4, 34, 29, 10, 13, 20, 23, 6, 15, 12, 23, 40, 9, 42, 46, 27, 49, 4, 27, 28, 15, 16, 8, 46, 11, 29, 41, 1, 30, 19, 25, 23, 24] 775.1242319340355 600003.502002
-- 
Instance 1
seed: 1463996572882
--
SHC: [25, 2, 38, 13, 11, 13, 21, 49, 2, 47, 27, 23, 45, 11, 11, 24, 42, 47, 4, 32, 24, 26, 33, 5, 12, 18, 27, 11, 11, 34, 11, 23, 50, 12, 25, 33, 16, 28, 26, 46, 47, 3, 48, 5, 49, 33, 15, 47, 39, 33] 846.5933731735013 600001.298728
SA: [5, 5, 38, 19, 30, 44, 40, 33, 11, 23, 42, 4, 17, 28, 14, 49, 46, 22, 22, 27, 42, 28, 24, 10, 27, 7, 46, 19, 29, 29, 37, 34, 15, 39, 6, 22, 46, 34, 9, 3, 13, 25, 34, 28, 37, 23, 44, 8, 22, 41] 874.8676952867091 600275.27092
CLO: [10, 14, 47, 40, 20, 29, 26, 23, 38, 37, 19, 39, 37, 24, 44, 34, 32, 21, 44, 7, 29, 16, 27, 5, 27, 20, 7, 33, 38, 13, 37, 8, 50, 1, 47, 43, 50, 46, 5, 18, 26, 18, 40, 2, 49, 10, 38, 18, 25, 36] 778.704191830367 600000.698121
-- 
Instance 2
seed: 1463998387896
--
SHC: [3, 30, 31, 50, 25, 25, 29, 6, 18, 41, 36, 19, 6, 38, 42, 8, 43, 26, 10, 38, 49, 39, 25, 31, 1, 46, 49, 22, 35, 9, 6, 37, 50, 45, 25, 36, 24, 15, 28, 19, 37, 27, 50, 28, 30, 39, 10, 47, 7, 21] 916.3697322288174 600000.409435
SA: [27, 19, 30, 45, 3, 33, 42, 36, 44, 32, 2, 43, 14, 32, 19, 49, 42, 24, 1, 50, 45, 45, 47, 23, 42, 40, 26, 16, 38, 8, 1, 23, 26, 45, 49, 35, 27, 46, 39, 31, 8, 42, 9, 25, 18, 26, 2, 18, 9, 1] 933.0126380243026 600165.991633
CLO: [47, 48, 21, 3, 31, 22, 41, 46, 36, 20, 9, 7, 35, 4, 23, 3, 34, 23, 24, 32, 5, 5, 38, 30, 35, 41, 27, 50, 18, 49, 18, 11, 39, 34, 50, 33, 5, 16, 12, 38, 29, 9, 20, 32, 23, 29, 6, 9, 49, 12] 826.1064954659854 600002.245779
-- 
Instance 3
seed: 1464000199670
--
SHC: [26, 29, 16, 36, 45, 18, 14, 30, 4, 40, 6, 20, 7, 23, 43, 5, 25, 14, 49, 41, 35, 35, 26, 25, 29, 23, 30, 6, 22, 37, 14, 36, 21, 24, 28, 7, 47, 20, 13, 19, 19, 32, 28, 29, 48, 48, 4, 10, 42, 9] 900.0028201139913 600000.13387
SA: [25, 45, 34, 23, 40, 40, 41, 33, 32, 44, 8, 46, 22, 11, 6, 12, 40, 16, 3, 15, 32, 3, 33, 10, 2, 9, 13, 46, 25, 3, 8, 17, 19, 26, 5, 38, 48, 5, 23, 40, 44, 42, 10, 32, 15, 13, 40, 21, 23, 20] 886.8649982128046 600029.548321
CLO: [50, 22, 18, 50, 47, 25, 45, 20, 13, 4, 10, 43, 42, 28, 23, 38, 15, 23, 32, 15, 40, 35, 24, 8, 48, 49, 27, 21, 15, 3, 31, 21, 30, 45, 21, 36, 49, 25, 47, 1, 34, 40, 18, 24, 48, 9, 32, 13, 29, 19] 811.3754173402999 600001.44273
-- 
Instance 4
seed: 1464002011346
--
SHC: [40, 14, 20, 47, 26, 45, 23, 31, 47, 20, 25, 49, 25, 49, 48, 18, 7, 5, 24, 10, 2, 22, 32, 9, 33, 3, 15, 4, 45, 10, 25, 49, 10, 24, 49, 10, 12, 40, 10, 26, 31, 36, 20, 28, 47, 44, 3, 33, 2, 27] 956.0017128626574 600000.881602
SA: [4, 28, 5, 30, 40, 37, 2, 15, 36, 18, 39, 24, 32, 33, 31, 29, 39, 41, 29, 25, 7, 42, 16, 14, 38, 18, 7, 20, 37, 42, 21, 27, 12, 16, 21, 8, 18, 19, 39, 33, 27, 39, 13, 8, 4, 17, 15, 46, 37, 11] 871.8821423510777 600287.20538
CLO: [6, 14, 28, 18, 26, 5, 15, 45, 34, 2, 9, 36, 41, 16, 25, 49, 1, 6, 2, 5, 50, 48, 33, 14, 22, 37, 1, 48, 30, 11, 38, 30, 27, 27, 26, 47, 13, 24, 22, 19, 47, 36, 34, 30, 3, 3, 37, 26, 10, 33] 742.2538164381247 600001.92172
-- 
Instance 5
seed: 1464003823273
--
SHC: [29, 1, 50, 36, 21, 11, 16, 12, 7, 45, 48, 49, 25, 29, 22, 29, 15, 17, 13, 10, 49, 50, 42, 12, 40, 2, 37, 9, 37, 3, 14, 24, 45, 31, 8, 5, 17, 38, 21, 14, 13, 6, 40, 2, 29, 17, 37, 46, 12, 13] 972.4210374167731 600001.618858
SA: [7, 36, 23, 44, 29, 10, 25, 28, 3, 11, 48, 16, 37, 44, 40, 41, 11, 6, 49, 31, 43, 31, 47, 37, 14, 31, 5, 20, 34, 27, 42, 4, 14, 49, 15, 29, 21, 16, 17, 48, 23, 27, 12, 33, 40, 35, 34, 10, 41, 34] 881.38717759172 600216.704211
CLO: [29, 31, 9, 16, 9, 3, 49, 46, 33, 37, 30, 21, 28, 33, 1, 2, 34, 10, 46, 45, 23, 40, 25, 24, 13, 38, 30, 8, 2, 41, 17, 4, 30, 26, 36, 23, 18, 49, 13, 35, 50, 8, 50, 41, 13, 18, 37, 24, 45, 44] 810.034904999283 600000.657488
-- 
Instance 6
seed: 1464005635100
--
SHC: [4, 27, 23, 10, 39, 39, 15, 37, 22, 12, 18, 44, 1, 7, 25, 19, 40, 4, 20, 18, 42, 23, 47, 38, 8, 2, 27, 50, 32, 45, 6, 9, 29, 4, 21, 31, 44, 47, 13, 6, 25, 20, 40, 38, 30, 28, 17, 19, 18, 47] 864.7912095268048 600002.495552
SA: [44, 31, 28, 38, 22, 4, 35, 13, 26, 5, 34, 12, 24, 50, 50, 19, 12, 37, 35, 46, 1, 46, 30, 38, 12, 26, 41, 18, 40, 41, 41, 47, 41, 28, 15, 44, 25, 6, 14, 22, 24, 13, 44, 10, 4, 6, 37, 49, 6, 43] 896.3977832978672 600140.322427
CLO: [2, 21, 21, 21, 48, 8, 9, 30, 28, 16, 15, 23, 42, 28, 7, 37, 50, 5, 38, 22, 47, 14, 10, 25, 32, 31, 45, 21, 50, 38, 48, 8, 46, 49, 29, 11, 47, 8, 10, 30, 42, 16, 37, 4, 27, 5, 10, 2, 32, 34] 705.001103170712 600002.277191
-- 
Instance 7
seed: 1464007446895
--
SHC: [44, 47, 33, 16, 43, 32, 40, 46, 40, 42, 21, 33, 34, 7, 15, 14, 23, 35, 26, 20, 40, 19, 24, 35, 24, 1, 50, 41, 20, 40, 17, 6, 37, 41, 33, 4, 43, 39, 21, 2, 32, 35, 21, 14, 40, 50, 7, 45, 50, 44] 954.836721806722 600001.504037
SA: [13, 8, 6, 11, 18, 13, 43, 2, 44, 14, 13, 20, 23, 3, 7, 1, 8, 35, 46, 41, 9, 16, 31, 17, 46, 41, 5, 6, 10, 39, 35, 21, 5, 20, 14, 44, 3, 9, 10, 8, 37, 26, 25, 14, 37, 31, 11, 25, 3, 28] 886.7624265984964 600224.442042
CLO: [35, 4, 16, 4, 2, 31, 48, 15, 30, 31, 44, 17, 20, 47, 11, 37, 48, 41, 39, 29, 36, 24, 42, 42, 10, 14, 30, 7, 2, 18, 29, 17, 1, 23, 22, 22, 16, 25, 1, 25, 28, 37, 31, 8, 29, 24, 8, 17, 12, 41] 713.0928549699288 600002.781255
-- 
Instance 8
seed: 1464009258812
--
SHC: [36, 29, 43, 2, 31, 15, 40, 4, 15, 24, 43, 26, 26, 43, 1, 26, 34, 33, 46, 5, 44, 20, 18, 25, 12, 11, 17, 20, 29, 46, 24, 44, 3, 8, 14, 27, 39, 32, 38, 27, 9, 11, 10, 12, 33, 27, 37, 46, 20, 40] 871.1520302312298 600000.253525
SA: [9, 2, 27, 29, 29, 10, 39, 17, 5, 39, 42, 2, 16, 12, 2, 8, 9, 37, 38, 14, 37, 43, 33, 43, 10, 33, 5, 42, 20, 1, 38, 10, 48, 44, 30, 21, 11, 23, 46, 30, 22, 7, 4, 38, 1, 9, 7, 38, 2, 50] 986.6264864614795 600272.01161
CLO: [27, 10, 50, 24, 42, 12, 33, 21, 36, 9, 18, 19, 33, 29, 29, 2, 34, 7, 41, 39, 42, 16, 48, 37, 39, 32, 33, 41, 36, 45, 39, 23, 44, 5, 39, 22, 15, 29, 12, 33, 9, 9, 22, 43, 28, 7, 48, 8, 43, 17] 833.0598607452911 600000.407419
-- 
Instance 9
seed: 1464011070626
--
SHC: [50, 46, 6, 42, 9, 14, 7, 16, 15, 16, 3, 15, 46, 49, 25, 23, 23, 34, 33, 14, 15, 50, 14, 31, 44, 38, 45, 46, 12, 36, 40, 10, 48, 10, 10, 40, 44, 45, 38, 3, 36, 16, 17, 25, 16, 42, 40, 30, 45, 17] 828.8611529395215 600003.191399
SA: [9, 41, 3, 30, 20, 16, 11, 20, 46, 7, 37, 29, 22, 22, 41, 30, 12, 48, 12, 8, 9, 6, 6, 45, 2, 40, 30, 1, 38, 19, 25, 45, 19, 4, 42, 34, 26, 50, 34, 2, 13, 41, 42, 42, 34, 18, 39, 13, 50, 19] 903.6955844544835 600394.972674
CLO: [20, 41, 11, 45, 38, 3, 43, 41, 12, 43, 10, 11, 9, 15, 18, 23, 19, 21, 38, 9, 20, 33, 7, 1, 26, 30, 5, 40, 43, 26, 40, 41, 23, 39, 43, 46, 24, 42, 1, 21, 46, 28, 18, 45, 47, 15, 33, 3, 5, 18] 818.4121432331151 600003.252684
-- Summary -- 
*SHC*
Found PNE: 0/10
Approx Average: 910.0740391348679
*SA*
Found PNE: 0/10
Approx Average: 895.752103956686
*CLO*
Found PNE: 0/10
Approx Average: 781.3165020127142
