Number of instances: 10
Game: Normal Form Game
Players: 200
Actions: 100
Metaheuristics time: 600
-- 
Instance 0
seed: 1463994767261
--
SHC: [69, 1, 20, 96, 45, 31, 66, 76, 54, 41, 7, 58, 95, 13, 59, 26, 43, 99, 40, 2, 50, 6, 79, 70, 18, 40, 6, 94, 98, 28, 98, 82, 71, 19, 90, 29, 16, 68, 99, 39, 45, 65, 55, 82, 94, 32, 97, 45, 97, 54, 98, 4, 45, 19, 98, 39, 10, 55, 82, 9, 78, 54, 23, 20, 50, 75, 13, 76, 86, 63, 89, 58, 95, 24, 37, 21, 63, 33, 29, 51, 71, 14, 45, 34, 33, 64, 8, 17, 90, 80, 42, 96, 86, 95, 51, 37, 67, 79, 13, 37, 1, 67, 88, 53, 39, 92, 88, 21, 15, 4, 95, 15, 48, 26, 70, 37, 65, 8, 1, 84, 59, 7, 66, 75, 67, 50, 80, 52, 94, 30, 69, 54, 54, 28, 16, 27, 54, 4, 14, 8, 83, 46, 43, 35, 45, 4, 49, 89, 1, 96, 77, 33, 92, 52, 46, 14, 66, 100, 13, 5, 82, 31, 10, 80, 6, 23, 26, 76, 87, 43, 5, 85, 90, 46, 42, 8, 21, 18, 98, 11, 73, 83, 10, 57, 18, 39, 86, 18, 21, 55, 98, 47, 67, 60, 65, 52, 63, 79, 61, 82] 3744.6550290074756 600072.006846
SA: [95, 32, 23, 30, 10, 86, 24, 38, 5, 89, 57, 99, 7, 48, 17, 50, 72, 78, 3, 36, 98, 91, 79, 59, 88, 34, 48, 25, 7, 97, 63, 82, 11, 24, 7, 13, 15, 36, 5, 82, 100, 38, 45, 69, 27, 92, 28, 18, 8, 33, 42, 20, 50, 65, 96, 44, 99, 3, 98, 11, 74, 5, 11, 80, 1, 56, 50, 31, 43, 15, 9, 16, 87, 70, 20, 43, 55, 90, 32, 74, 6, 44, 24, 73, 76, 74, 40, 49, 26, 50, 11, 5, 51, 12, 47, 66, 24, 76, 18, 84, 69, 77, 53, 29, 26, 27, 3, 47, 18, 41, 29, 77, 75, 48, 45, 55, 19, 73, 43, 21, 2, 50, 44, 11, 83, 88, 52, 81, 28, 12, 61, 68, 79, 90, 38, 19, 40, 86, 53, 1, 95, 86, 41, 76, 72, 100, 62, 6, 47, 63, 46, 93, 10, 42, 39, 6, 22, 40, 21, 33, 77, 48, 58, 98, 10, 26, 17, 50, 42, 51, 20, 93, 30, 74, 3, 29, 53, 4, 35, 2, 17, 68, 55, 91, 95, 26, 26, 62, 26, 10, 12, 5, 14, 69, 63, 64, 67, 56, 100, 100] 3330.3210605839054 603482.878509
CLO: [76, 74, 64, 11, 87, 66, 9, 1, 26, 84, 74, 68, 81, 38, 48, 48, 97, 19, 15, 20, 45, 42, 55, 34, 50, 100, 94, 93, 80, 23, 3, 16, 96, 71, 30, 93, 98, 15, 64, 29, 51, 85, 30, 86, 98, 8, 4, 35, 90, 65, 91, 68, 39, 48, 60, 9, 74, 84, 13, 53, 33, 88, 27, 72, 23, 29, 26, 9, 58, 3, 40, 44, 43, 77, 4, 21, 96, 73, 47, 65, 52, 96, 79, 83, 17, 78, 88, 4, 76, 47, 44, 36, 65, 35, 51, 50, 42, 48, 42, 42, 13, 37, 13, 77, 90, 45, 85, 77, 84, 34, 38, 16, 41, 58, 53, 4, 96, 2, 52, 1, 42, 50, 27, 38, 73, 55, 59, 58, 29, 34, 72, 83, 9, 98, 52, 2, 71, 51, 59, 51, 64, 51, 89, 86, 75, 70, 2, 47, 46, 41, 51, 50, 98, 19, 90, 32, 27, 73, 68, 80, 27, 96, 2, 17, 46, 62, 45, 57, 12, 65, 3, 70, 70, 28, 52, 4, 51, 4, 3, 49, 30, 6, 46, 17, 45, 12, 57, 46, 18, 57, 57, 79, 90, 39, 50, 40, 86, 92, 55, 63] 3813.590681643957 600127.087408
-- 
Instance 1
seed: 1463996623002
--
