Number of instances: 10
Game: Normal Form Game
Players: 100
Actions: 150
Metaheuristics time: 3600
-- 
Instance 0
seed: 1464094856428
--
SHC: [101, 47, 67, 12, 49, 2, 64, 129, 80, 145, 7, 33, 97, 35, 108, 24, 128, 53, 130, 70, 58, 81, 20, 103, 65, 118, 121, 139, 66, 44, 12, 128, 105, 104, 97, 148, 126, 144, 86, 61, 13, 77, 125, 95, 30, 129, 95, 44, 147, 130, 21, 142, 7, 98, 71, 40, 36, 86, 99, 125, 113, 93, 41, 85, 47, 91, 118, 51, 130, 15, 143, 88, 38, 102, 47, 45, 9, 139, 107, 55, 27, 64, 91, 38, 141, 129, 87, 101, 20, 127, 103, 134, 140, 70, 55, 35, 73, 18, 95, 113] 1947.5891147371456 3600046.674511
SA: [115, 143, 130, 33, 65, 50, 109, 54, 102, 95, 138, 92, 69, 140, 134, 17, 81, 113, 136, 126, 136, 78, 87, 10, 90, 53, 86, 96, 26, 138, 133, 116, 5, 103, 90, 7, 141, 27, 70, 35, 140, 144, 17, 133, 34, 27, 31, 149, 45, 127, 81, 103, 81, 91, 54, 133, 30, 101, 31, 78, 54, 50, 132, 82, 32, 47, 4, 130, 99, 39, 72, 101, 104, 122, 56, 134, 44, 95, 130, 107, 65, 51, 115, 41, 145, 104, 57, 150, 64, 105, 113, 118, 129, 7, 46, 45, 48, 73, 132, 129] 1792.3304287950646 3604392.641565
CLO: [111, 121, 96, 74, 16, 132, 103, 117, 128, 58, 79, 74, 93, 57, 92, 139, 9, 69, 86, 131, 146, 75, 118, 15, 80, 147, 72, 76, 76, 15, 104, 4, 56, 137, 29, 32, 116, 105, 142, 23, 130, 121, 81, 135, 23, 75, 90, 33, 32, 149, 11, 115, 57, 36, 107, 45, 45, 145, 6, 40, 120, 38, 131, 115, 95, 114, 149, 105, 15, 147, 100, 18, 86, 78, 37, 60, 24, 8, 56, 53, 22, 60, 23, 123, 89, 58, 76, 39, 104, 30, 128, 41, 30, 80, 88, 102, 118, 11, 116, 78] 1836.4122053975664 3600004.366124
-- 
Instance 1
seed: 1464105745149
--
SHC: [133, 48, 116, 149, 73, 39, 44, 1, 117, 61, 94, 76, 45, 6, 87, 90, 102, 4, 16, 92, 27, 16, 33, 83, 140, 76, 14, 41, 128, 6, 45, 121, 39, 54, 32, 72, 123, 25, 130, 7, 71, 128, 19, 113, 67, 104, 149, 42, 138, 79, 31, 12, 107, 57, 119, 25, 148, 71, 121, 84, 4, 128, 52, 110, 28, 32, 25, 76, 16, 118, 3, 77, 72, 94, 22, 74, 69, 132, 150, 36, 147, 26, 69, 132, 21, 33, 23, 145, 13, 4, 27, 149, 6, 111, 112, 145, 44, 32, 115, 43] 2031.9634910585573 3600041.912111
SA: [147, 83, 42, 36, 57, 112, 12, 58, 86, 3, 23, 25, 93, 68, 106, 100, 39, 11, 136, 86, 73, 58, 130, 11, 38, 142, 104, 20, 76, 140, 123, 101, 50, 146, 50, 139, 128, 96, 51, 150, 22, 91, 68, 119, 149, 147, 16, 119, 70, 34, 32, 53, 146, 17, 48, 53, 8, 108, 29, 86, 12, 110, 138, 33, 54, 122, 128, 123, 89, 16, 19, 130, 96, 91, 72, 41, 99, 121, 143, 36, 31, 50, 135, 124, 94, 29, 19, 100, 128, 95, 103, 4, 18, 61, 76, 132, 94, 129, 62, 78] 1742.8456379093238 3600704.332396
CLO: [26, 102, 69, 138, 14, 56, 124, 91, 78, 131, 98, 147, 124, 100, 3, 110, 46, 25, 121, 83, 29, 67, 68, 79, 66, 92, 142, 90, 119, 148, 67, 9, 108, 121, 149, 51, 73, 38, 150, 105, 118, 127, 112, 93, 4, 16, 145, 82, 58, 43, 79, 53, 53, 15, 14, 87, 96, 148, 101, 44, 8, 12, 44, 17, 14, 109, 57, 22, 46, 82, 62, 91, 92, 146, 95, 135, 42, 110, 87, 2, 30, 7, 52, 27, 16, 94, 8, 108, 32, 103, 4, 52, 135, 81, 109, 10, 20, 91, 82, 123] 1757.2538872036407 3600025.633398
-- 
Instance 2
seed: 1464116594665
--
SHC: [143, 26, 68, 115, 10, 92, 105, 124, 144, 24, 148, 4, 64, 99, 56, 138, 123, 117, 53, 50, 14, 27, 150, 38, 61, 95, 116, 109, 121, 90, 81, 104, 126, 30, 60, 3, 70, 95, 17, 148, 108, 88, 1, 97, 48, 58, 36, 51, 57, 85, 66, 127, 75, 88, 77, 143, 29, 16, 39, 27, 70, 94, 108, 2, 73, 133, 1, 139, 139, 2, 20, 123, 19, 68, 105, 46, 122, 143, 138, 63, 127, 45, 82, 68, 43, 94, 8, 132, 118, 113, 123, 55, 69, 59, 44, 62, 35, 25, 38, 100] 1950.8367345337658 3600008.696966
SA: [74, 30, 125, 86, 81, 16, 25, 137, 131, 61, 14, 66, 144, 121, 104, 114, 27, 94, 97, 56, 100, 75, 68, 89, 121, 74, 28, 104, 114, 10, 75, 34, 101, 17, 76, 26, 77, 139, 112, 49, 94, 74, 40, 80, 22, 5, 124, 23, 132, 29, 15, 62, 57, 110, 122, 98, 50, 113, 111, 64, 44, 137, 127, 5, 27, 8, 76, 104, 5, 11, 136, 35, 134, 58, 113, 97, 100, 66, 10, 113, 118, 71, 34, 99, 110, 36, 72, 52, 25, 3, 129, 54, 48, 54, 89, 114, 2, 18, 129, 118] 1826.921360859326 3600531.783267
CLO: [59, 50, 94, 68, 37, 142, 100, 124, 139, 108, 32, 110, 73, 139, 143, 112, 46, 61, 120, 19, 21, 39, 144, 133, 113, 12, 67, 143, 80, 63, 9, 77, 107, 73, 44, 80, 105, 61, 24, 134, 73, 112, 90, 148, 78, 35, 73, 33, 39, 57, 40, 35, 37, 40, 87, 143, 125, 11, 17, 102, 92, 64, 105, 30, 69, 80, 149, 66, 104, 48, 13, 7, 149, 45, 140, 51, 88, 101, 10, 51, 103, 132, 95, 72, 127, 59, 83, 98, 83, 56, 133, 110, 139, 146, 133, 75, 122, 114, 122, 118] 1625.649039633945 3600040.836404
-- 
Instance 3
seed: 1464127426293
--
SHC: [110, 43, 111, 56, 36, 130, 101, 61, 104, 129, 101, 24, 78, 109, 45, 135, 86, 84, 142, 149, 38, 81, 21, 53, 83, 2, 129, 33, 131, 25, 62, 85, 67, 58, 136, 67, 77, 27, 15, 132, 145, 74, 23, 20, 37, 36, 71, 9, 38, 32, 81, 129, 68, 27, 31, 44, 132, 73, 54, 146, 85, 78, 80, 75, 107, 94, 3, 146, 126, 28, 15, 95, 28, 135, 47, 71, 44, 43, 19, 66, 44, 133, 117, 101, 97, 36, 113, 124, 23, 52, 144, 105, 118, 106, 102, 29, 118, 1, 111, 49] 1924.123175945794 3600003.064747
SA: [37, 34, 42, 126, 61, 69, 130, 145, 4, 39, 47, 16, 94, 36, 43, 31, 58, 32, 78, 43, 118, 86, 113, 71, 4, 88, 96, 120, 119, 34, 143, 46, 53, 3, 145, 133, 11, 72, 8, 146, 2, 9, 123, 117, 76, 144, 47, 21, 122, 115, 121, 96, 102, 64, 8, 19, 54, 76, 91, 36, 16, 29, 50, 114, 91, 39, 120, 118, 42, 146, 143, 67, 40, 21, 139, 139, 92, 43, 94, 84, 95, 121, 140, 90, 10, 139, 96, 76, 77, 69, 84, 89, 142, 101, 92, 13, 5, 111, 50, 87] 1747.6822533785758 3604846.722434
CLO: [129, 12, 77, 23, 126, 30, 141, 5, 20, 130, 93, 44, 53, 56, 35, 140, 96, 150, 83, 56, 130, 122, 62, 86, 72, 98, 80, 110, 127, 141, 66, 90, 150, 81, 49, 72, 5, 50, 99, 97, 56, 126, 55, 68, 132, 19, 142, 76, 128, 21, 119, 6, 88, 34, 56, 12, 62, 147, 111, 100, 73, 142, 38, 33, 91, 134, 106, 97, 114, 51, 101, 17, 20, 147, 16, 42, 127, 16, 34, 15, 103, 4, 123, 25, 52, 68, 18, 66, 133, 63, 39, 2, 118, 42, 54, 25, 148, 73, 93, 4] 1766.8974084420856 3600023.90134
-- 
Instance 4
seed: 1464138257578
--
SHC: [17, 36, 10, 66, 15, 119, 121, 50, 47, 16, 85, 28, 51, 93, 73, 142, 75, 86, 72, 102, 122, 65, 43, 52, 139, 133, 70, 93, 127, 10, 99, 17, 46, 50, 58, 92, 31, 7, 131, 6, 120, 43, 87, 144, 31, 6, 83, 76, 124, 2, 25, 77, 12, 111, 96, 112, 80, 97, 12, 127, 99, 92, 48, 129, 10, 12, 51, 52, 20, 106, 87, 114, 123, 14, 29, 9, 3, 93, 80, 82, 100, 67, 51, 56, 12, 42, 93, 133, 7, 71, 145, 61, 47, 150, 133, 49, 117, 109, 4, 92] 1985.1168555712786 3600019.53693
SA: [67, 1, 86, 17, 40, 2, 102, 120, 143, 143, 9, 24, 16, 17, 30, 146, 101, 76, 1, 62, 115, 1, 103, 114, 143, 123, 57, 97, 1, 149, 54, 111, 114, 90, 5, 66, 32, 15, 127, 4, 7, 95, 124, 56, 79, 95, 28, 21, 124, 45, 33, 41, 114, 116, 17, 11, 32, 50, 123, 99, 80, 108, 60, 12, 81, 111, 65, 2, 61, 130, 47, 130, 24, 146, 48, 11, 66, 77, 58, 11, 53, 78, 48, 47, 145, 93, 134, 81, 44, 94, 5, 83, 28, 120, 46, 9, 88, 4, 102, 73] 1778.1039679345008 3603564.368785
CLO: [106, 33, 128, 42, 9, 128, 9, 51, 56, 9, 124, 125, 117, 19, 127, 5, 88, 45, 137, 15, 128, 2, 144, 18, 122, 66, 32, 44, 140, 137, 110, 33, 21, 9, 99, 16, 79, 141, 96, 57, 9, 4, 75, 25, 12, 6, 125, 76, 12, 112, 41, 70, 110, 123, 34, 57, 32, 110, 42, 78, 114, 18, 118, 81, 108, 62, 109, 34, 123, 149, 119, 13, 105, 79, 42, 104, 32, 114, 146, 8, 64, 76, 40, 23, 145, 123, 56, 88, 53, 96, 112, 124, 56, 149, 76, 135, 67, 103, 16, 87] 1718.4524965454725 3600018.647414
-- 
Instance 5
seed: 1464149087666
--
SHC: [115, 23, 107, 139, 111, 4, 50, 110, 11, 145, 14, 97, 139, 4, 74, 60, 4, 83, 14, 132, 119, 143, 144, 45, 143, 144, 104, 41, 107, 130, 33, 8, 67, 147, 97, 28, 130, 148, 38, 20, 40, 56, 46, 134, 27, 145, 68, 144, 62, 20, 74, 137, 119, 39, 29, 10, 3, 90, 102, 88, 59, 51, 102, 20, 99, 2, 107, 19, 134, 109, 133, 39, 144, 150, 38, 56, 4, 144, 124, 133, 105, 45, 22, 96, 147, 125, 23, 19, 98, 137, 94, 47, 96, 80, 24, 53, 54, 127, 27, 128] 1989.8692709463853 3600048.627539
SA: [112, 37, 38, 72, 85, 149, 46, 109, 124, 84, 105, 36, 107, 80, 89, 123, 148, 102, 142, 120, 8, 93, 9, 87, 7, 12, 71, 63, 57, 95, 138, 115, 93, 6, 2, 113, 102, 84, 58, 32, 93, 140, 24, 56, 52, 3, 7, 4, 113, 21, 141, 10, 73, 146, 107, 135, 147, 42, 38, 53, 71, 97, 56, 150, 75, 46, 42, 82, 92, 131, 104, 98, 41, 32, 7, 84, 51, 15, 79, 68, 93, 44, 140, 124, 38, 1, 86, 83, 76, 119, 137, 54, 20, 128, 137, 135, 58, 67, 121, 128] 1786.4600440650356 3604494.378926
CLO: [99, 145, 136, 133, 118, 80, 16, 139, 144, 81, 126, 21, 62, 42, 11, 129, 87, 117, 128, 122, 97, 69, 75, 68, 7, 11, 79, 123, 12, 26, 127, 150, 69, 118, 143, 20, 66, 116, 107, 112, 20, 64, 88, 67, 5, 132, 25, 48, 21, 77, 115, 22, 14, 11, 74, 62, 138, 30, 4, 77, 72, 117, 87, 116, 133, 91, 138, 80, 43, 113, 51, 16, 34, 47, 116, 77, 67, 115, 98, 125, 63, 7, 76, 35, 20, 60, 67, 140, 101, 111, 11, 9, 136, 36, 46, 10, 71, 32, 17, 24] 1806.9156342297679 3600013.489776
-- 
Instance 6
seed: 1464159919195
--
SHC: [91, 148, 89, 105, 101, 103, 24, 131, 38, 136, 38, 126, 76, 5, 82, 140, 38, 78, 119, 75, 67, 12, 113, 8, 13, 53, 28, 22, 3, 29, 39, 110, 72, 44, 125, 34, 106, 68, 80, 68, 34, 3, 63, 78, 81, 140, 2, 17, 133, 42, 11, 112, 4, 105, 26, 40, 135, 118, 44, 106, 18, 20, 84, 121, 100, 95, 123, 92, 34, 49, 15, 16, 58, 128, 52, 107, 143, 43, 129, 45, 144, 41, 146, 22, 38, 138, 119, 134, 114, 23, 44, 124, 73, 114, 23, 57, 15, 93, 37, 17] 1850.0500221526395 3600020.911734
SA: [115, 50, 104, 17, 1, 28, 69, 37, 49, 2, 28, 42, 73, 131, 84, 11, 22, 51, 2, 83, 27, 69, 105, 89, 117, 14, 11, 65, 7, 32, 87, 122, 122, 17, 32, 150, 113, 94, 60, 63, 93, 100, 147, 35, 96, 64, 60, 20, 134, 77, 77, 49, 77, 135, 55, 35, 27, 44, 114, 80, 92, 122, 105, 16, 87, 92, 110, 1, 150, 34, 106, 82, 5, 15, 103, 79, 136, 142, 64, 42, 52, 114, 8, 11, 145, 62, 124, 115, 123, 3, 42, 101, 115, 28, 53, 28, 131, 139, 9, 57] 1812.6795347662965 3600060.766005
CLO: [86, 6, 108, 55, 124, 61, 70, 128, 140, 121, 26, 72, 67, 134, 96, 25, 127, 97, 108, 113, 107, 120, 146, 41, 13, 10, 71, 119, 25, 65, 61, 131, 49, 89, 21, 39, 78, 90, 125, 100, 127, 25, 59, 40, 79, 103, 107, 51, 141, 137, 35, 14, 133, 137, 84, 127, 26, 41, 79, 88, 147, 7, 149, 83, 34, 50, 54, 129, 35, 133, 95, 22, 48, 135, 70, 20, 32, 113, 28, 116, 3, 142, 18, 107, 40, 86, 23, 10, 3, 91, 71, 3, 30, 122, 82, 37, 120, 70, 127, 81] 1782.7227511440353 3600057.15364
-- 
Instance 7
seed: 1464170745292
--
SHC: [45, 5, 119, 7, 89, 134, 71, 62, 94, 107, 101, 43, 33, 76, 91, 145, 50, 63, 113, 33, 40, 54, 146, 2, 48, 76, 112, 96, 137, 73, 90, 78, 145, 84, 132, 115, 129, 97, 30, 89, 3, 27, 21, 94, 146, 124, 21, 35, 118, 8, 109, 76, 23, 58, 19, 144, 52, 39, 105, 109, 44, 10, 8, 11, 71, 26, 7, 8, 120, 129, 149, 22, 48, 127, 15, 71, 67, 121, 69, 63, 142, 31, 24, 53, 13, 8, 129, 115, 2, 54, 85, 103, 74, 3, 87, 100, 56, 31, 88, 15] 2012.1480875803104 3600033.188829
SA: [127, 106, 57, 65, 115, 56, 129, 85, 30, 111, 85, 90, 58, 137, 135, 94, 92, 87, 9, 126, 79, 26, 29, 69, 140, 137, 82, 28, 113, 41, 14, 120, 32, 64, 61, 105, 12, 111, 100, 93, 4, 42, 22, 127, 10, 16, 126, 36, 142, 136, 62, 87, 42, 116, 97, 109, 43, 33, 86, 81, 67, 78, 99, 38, 105, 126, 108, 45, 112, 112, 98, 95, 128, 64, 93, 79, 137, 36, 43, 65, 11, 51, 125, 45, 108, 143, 146, 26, 44, 48, 45, 103, 141, 142, 64, 84, 72, 130, 121, 73] 1872.5207712983042 3602458.293414
CLO: [88, 148, 10, 43, 34, 79, 42, 90, 86, 80, 84, 70, 133, 23, 102, 92, 56, 57, 113, 149, 36, 146, 12, 48, 106, 117, 88, 46, 21, 75, 84, 97, 134, 5, 9, 64, 133, 68, 59, 123, 19, 66, 140, 16, 10, 120, 93, 97, 102, 144, 146, 63, 119, 12, 10, 110, 131, 86, 115, 41, 9, 86, 107, 37, 111, 76, 10, 39, 64, 84, 37, 145, 21, 136, 55, 31, 64, 130, 122, 138, 144, 38, 38, 74, 11, 79, 1, 103, 39, 66, 43, 36, 70, 136, 2, 24, 74, 6, 13, 12] 1709.8312204316712 3600041.953875
-- 
Instance 8
seed: 1464181575036
--
SHC: [120, 61, 35, 107, 79, 7, 84, 20, 87, 1, 125, 6, 31, 87, 19, 56, 143, 75, 47, 10, 119, 28, 123, 33, 101, 130, 60, 62, 105, 19, 74, 133, 85, 47, 105, 67, 22, 113, 29, 19, 135, 72, 113, 12, 136, 97, 111, 93, 50, 77, 90, 114, 117, 21, 101, 120, 79, 12, 96, 27, 134, 123, 30, 137, 28, 3, 140, 28, 78, 128, 58, 26, 89, 61, 90, 111, 140, 72, 30, 145, 32, 115, 102, 26, 30, 27, 128, 124, 70, 96, 99, 1, 145, 131, 72, 136, 67, 148, 68, 117] 2034.458552509801 3600007.816296
SA: [46, 105, 90, 101, 52, 56, 123, 144, 61, 99, 84, 75, 24, 4, 121, 122, 61, 15, 117, 42, 87, 133, 30, 35, 51, 92, 66, 72, 26, 62, 142, 53, 147, 79, 108, 57, 91, 146, 24, 141, 61, 9, 40, 24, 89, 44, 50, 46, 138, 120, 148, 100, 82, 73, 132, 35, 110, 32, 85, 99, 55, 75, 139, 130, 6, 103, 1, 140, 6, 108, 43, 55, 48, 63, 124, 103, 58, 137, 19, 2, 147, 95, 144, 40, 86, 105, 29, 79, 149, 111, 143, 134, 73, 59, 90, 6, 35, 6, 136, 3] 1826.6624435747099 3604910.117098
CLO: [97, 61, 4, 121, 95, 75, 15, 64, 131, 104, 51, 79, 46, 23, 18, 107, 58, 17, 12, 4, 135, 3, 59, 30, 90, 28, 41, 7, 54, 107, 123, 55, 120, 23, 44, 118, 38, 73, 125, 14, 96, 135, 69, 120, 95, 49, 135, 24, 85, 22, 9, 58, 46, 86, 121, 114, 14, 75, 39, 33, 88, 5, 103, 45, 54, 16, 10, 145, 92, 56, 22, 8, 52, 82, 47, 6, 58, 138, 136, 29, 131, 99, 132, 30, 12, 32, 20, 105, 90, 12, 49, 40, 123, 76, 14, 93, 23, 81, 38, 132] 1845.9841620887269 3600040.593035
-- 
Instance 9
seed: 1464192402412
--
SHC: [98, 76, 90, 109, 1, 104, 43, 75, 97, 111, 43, 134, 11, 129, 124, 129, 96, 23, 33, 52, 50, 7, 10, 82, 4, 29, 7, 127, 88, 108, 115, 110, 46, 48, 90, 71, 86, 24, 32, 27, 47, 64, 110, 102, 119, 88, 132, 115, 124, 136, 105, 100, 13, 120, 107, 102, 51, 26, 12, 87, 142, 39, 67, 35, 14, 3, 143, 3, 107, 123, 56, 7, 11, 129, 65, 133, 150, 8, 82, 65, 102, 22, 56, 62, 49, 95, 50, 131, 13, 68, 52, 102, 29, 63, 122, 138, 49, 30, 65, 44] 1916.3066670810358 3600040.469886
SA: [111, 135, 107, 136, 140, 134, 136, 55, 64, 8, 44, 10, 41, 139, 129, 80, 101, 79, 45, 37, 96, 138, 60, 48, 85, 17, 109, 149, 9, 110, 124, 14, 101, 85, 60, 127, 52, 137, 16, 150, 44, 93, 43, 41, 22, 62, 27, 71, 37, 135, 110, 106, 94, 122, 88, 130, 111, 91, 21, 79, 2, 130, 115, 117, 93, 6, 39, 82, 60, 144, 26, 90, 31, 67, 78, 2, 89, 8, 79, 8, 92, 119, 25, 49, 16, 134, 111, 9, 17, 44, 37, 15, 54, 130, 132, 139, 65, 89, 121, 14] 1790.2448021800717 3600833.457866
CLO: [29, 116, 75, 60, 132, 78, 65, 116, 66, 91, 89, 7, 94, 16, 130, 123, 75, 23, 113, 30, 112, 37, 49, 124, 46, 84, 58, 31, 74, 27, 10, 108, 67, 51, 29, 149, 53, 36, 128, 87, 23, 80, 6, 123, 12, 7, 84, 28, 44, 109, 48, 88, 128, 127, 22, 103, 62, 11, 44, 68, 31, 14, 100, 93, 110, 137, 34, 71, 66, 115, 150, 90, 2, 70, 104, 106, 109, 99, 4, 6, 77, 123, 55, 11, 71, 126, 30, 108, 97, 91, 108, 46, 34, 70, 124, 76, 149, 69, 138, 56] 1727.8517380460453 3600044.841487
-- Summary -- 
*SHC*
Found PNE: 0/10
Approx Average: 1964.2461972116714
*SA*
Found PNE: 0/10
Approx Average: 1797.6451244761206
*CLO*
Found PNE: 0/10
Approx Average: 1757.797054316296
