Number of instances: 10
Game: Normal Form Game
Players: 200
Actions: 75
Metaheuristics time: 3600
-- 
Instance 0
seed: 1464094856422
--
SHC: [34, 10, 25, 71, 24, 63, 42, 75, 41, 56, 10, 64, 12, 39, 21, 35, 73, 12, 11, 61, 62, 29, 53, 2, 13, 17, 17, 20, 75, 3, 29, 51, 70, 46, 67, 44, 11, 73, 61, 9, 66, 50, 56, 3, 37, 66, 12, 36, 42, 16, 33, 61, 48, 41, 26, 44, 2, 41, 41, 45, 21, 62, 5, 67, 44, 32, 23, 70, 38, 61, 16, 73, 68, 40, 38, 25, 60, 18, 53, 29, 59, 31, 61, 57, 14, 28, 29, 6, 52, 55, 72, 69, 18, 25, 59, 47, 65, 74, 29, 13, 72, 19, 8, 27, 27, 42, 19, 32, 7, 27, 17, 75, 46, 14, 74, 61, 8, 18, 21, 1, 63, 5, 34, 29, 18, 52, 52, 65, 43, 59, 36, 57, 2, 62, 60, 2, 7, 45, 42, 53, 75, 31, 18, 11, 6, 66, 21, 1, 47, 55, 15, 50, 14, 68, 31, 42, 39, 74, 46, 36, 56, 17, 1, 55, 16, 57, 10, 61, 72, 30, 40, 22, 4, 65, 42, 44, 14, 40, 44, 19, 7, 37, 31, 21, 40, 20, 2, 44, 35, 74, 14, 74, 59, 2, 22, 18, 21, 33, 22, 55] 3029.19825758554 3600015.165268
SA: [7, 71, 39, 7, 23, 9, 30, 13, 39, 67, 35, 21, 75, 37, 35, 1, 30, 58, 49, 34, 44, 37, 18, 29, 50, 13, 2, 3, 14, 2, 66, 33, 36, 63, 73, 8, 3, 54, 35, 59, 24, 18, 6, 44, 11, 1, 57, 29, 14, 25, 56, 52, 69, 62, 39, 17, 4, 36, 66, 42, 11, 31, 22, 23, 42, 59, 18, 75, 37, 69, 63, 39, 73, 26, 66, 35, 62, 71, 3, 18, 74, 34, 70, 27, 65, 12, 29, 27, 65, 4, 33, 20, 5, 61, 45, 63, 1, 71, 62, 53, 28, 32, 6, 15, 32, 50, 34, 72, 13, 51, 38, 24, 16, 65, 46, 27, 69, 20, 57, 23, 3, 72, 58, 74, 30, 15, 25, 58, 37, 20, 29, 32, 40, 69, 56, 42, 36, 34, 33, 37, 59, 69, 60, 65, 38, 27, 59, 53, 37, 15, 8, 21, 50, 23, 51, 8, 61, 18, 1, 43, 48, 34, 67, 65, 4, 35, 15, 18, 60, 54, 19, 64, 68, 63, 15, 22, 71, 39, 37, 17, 55, 20, 16, 27, 72, 67, 60, 28, 61, 20, 23, 62, 67, 49, 53, 58, 67, 61, 52, 60] 2697.851442201868 3610327.553025
CLO: [46, 38, 24, 61, 31, 61, 69, 74, 60, 62, 43, 67, 29, 62, 14, 27, 55, 47, 5, 72, 1, 55, 16, 5, 49, 45, 43, 16, 71, 67, 13, 6, 50, 21, 38, 53, 57, 68, 49, 60, 59, 25, 59, 5, 5, 56, 5, 30, 2, 47, 29, 65, 4, 28, 71, 66, 4, 72, 28, 11, 12, 54, 15, 54, 55, 62, 34, 6, 33, 48, 29, 63, 36, 74, 24, 5, 57, 31, 65, 45, 60, 37, 13, 67, 11, 36, 51, 30, 68, 40, 6, 55, 33, 71, 20, 75, 48, 70, 39, 67, 69, 17, 63, 49, 23, 45, 26, 64, 17, 71, 37, 64, 47, 30, 36, 14, 65, 56, 22, 72, 3, 19, 42, 10, 60, 10, 35, 41, 68, 31, 71, 74, 44, 5, 15, 8, 23, 59, 15, 48, 49, 52, 36, 22, 62, 39, 1, 19, 15, 74, 4, 56, 53, 24, 35, 65, 48, 75, 12, 35, 39, 25, 45, 1, 25, 72, 24, 72, 7, 27, 36, 43, 67, 58, 31, 53, 20, 44, 38, 25, 12, 72, 69, 19, 40, 72, 17, 69, 47, 58, 54, 60, 56, 32, 21, 42, 10, 49, 16, 2] 2832.4158784311207 3600059.120048
-- 
Instance 1
seed: 1464105747848
--
SHC: [56, 70, 54, 74, 11, 2, 61, 21, 13, 54, 42, 5, 70, 64, 59, 74, 45, 27, 8, 49, 60, 35, 50, 53, 44, 19, 33, 47, 36, 74, 22, 28, 36, 42, 2, 38, 12, 19, 19, 33, 65, 73, 8, 29, 70, 51, 9, 20, 35, 59, 45, 30, 57, 40, 55, 4, 36, 33, 30, 22, 3, 21, 62, 65, 28, 62, 4, 68, 17, 16, 39, 73, 61, 9, 6, 58, 36, 63, 65, 51, 11, 13, 73, 72, 8, 58, 57, 17, 69, 67, 1, 46, 22, 22, 17, 47, 45, 13, 34, 62, 24, 23, 9, 23, 44, 53, 57, 65, 32, 69, 72, 52, 30, 48, 31, 10, 38, 75, 10, 75, 38, 74, 48, 24, 29, 75, 73, 49, 71, 12, 30, 24, 31, 36, 13, 44, 24, 9, 53, 49, 50, 5, 41, 52, 63, 23, 69, 40, 5, 73, 49, 8, 12, 73, 48, 19, 50, 63, 75, 62, 26, 63, 1, 53, 11, 39, 44, 54, 36, 45, 6, 23, 52, 28, 53, 16, 22, 46, 71, 70, 12, 43, 62, 41, 57, 29, 17, 14, 68, 64, 10, 66, 68, 13, 35, 20, 65, 9, 4, 59] 3148.192201334523 3600082.758311
SA: [29, 8, 38, 53, 41, 15, 17, 3, 12, 29, 12, 15, 25, 58, 69, 72, 8, 63, 19, 75, 59, 60, 56, 9, 54, 58, 17, 23, 41, 69, 25, 60, 32, 63, 41, 63, 48, 57, 61, 51, 74, 53, 42, 17, 46, 64, 36, 52, 22, 40, 52, 17, 24, 56, 39, 27, 2, 51, 62, 42, 47, 50, 38, 40, 18, 46, 73, 10, 44, 13, 21, 45, 21, 21, 18, 1, 35, 11, 25, 4, 50, 8, 8, 25, 33, 1, 7, 64, 3, 18, 21, 51, 60, 3, 32, 18, 70, 39, 3, 2, 46, 62, 17, 7, 21, 73, 52, 8, 42, 71, 8, 62, 16, 65, 4, 49, 12, 63, 55, 33, 65, 72, 16, 32, 24, 29, 59, 30, 31, 11, 21, 75, 64, 52, 61, 19, 38, 72, 75, 74, 50, 43, 3, 31, 38, 40, 66, 27, 2, 49, 74, 41, 16, 70, 25, 20, 32, 56, 58, 29, 47, 29, 17, 26, 33, 57, 9, 10, 46, 73, 32, 66, 69, 22, 34, 47, 16, 39, 2, 53, 13, 59, 41, 8, 47, 31, 15, 69, 23, 30, 26, 45, 41, 12, 59, 49, 53, 33, 69, 8] 2697.4270961505495 3605704.210863
CLO: [7, 33, 68, 12, 11, 75, 72, 13, 45, 20, 2, 52, 23, 39, 52, 22, 11, 43, 62, 55, 39, 42, 18, 20, 5, 58, 41, 32, 40, 71, 72, 29, 38, 8, 53, 20, 11, 54, 51, 23, 41, 37, 34, 41, 4, 26, 30, 36, 1, 1, 37, 20, 41, 36, 16, 49, 28, 34, 46, 55, 56, 30, 9, 57, 27, 59, 9, 51, 32, 57, 73, 34, 43, 47, 53, 53, 45, 27, 73, 60, 43, 29, 64, 8, 36, 22, 3, 34, 7, 27, 7, 43, 74, 42, 25, 41, 39, 19, 31, 27, 72, 12, 52, 46, 24, 26, 74, 8, 20, 46, 30, 16, 66, 13, 62, 34, 62, 40, 49, 42, 50, 52, 72, 3, 59, 14, 34, 49, 43, 64, 75, 26, 73, 21, 49, 7, 63, 14, 28, 57, 37, 41, 68, 46, 52, 20, 37, 3, 75, 29, 8, 17, 48, 50, 46, 13, 5, 48, 39, 32, 36, 75, 19, 17, 14, 12, 52, 44, 4, 45, 55, 59, 34, 61, 56, 53, 29, 17, 8, 37, 19, 72, 19, 26, 75, 40, 52, 55, 10, 57, 13, 48, 21, 61, 75, 62, 37, 48, 10, 75] 2951.1297650875704 3600096.486371
-- 
Instance 2
seed: 1464116599878
--
SHC: [29, 53, 51, 47, 25, 4, 5, 56, 63, 20, 8, 53, 54, 70, 60, 40, 1, 59, 57, 21, 32, 51, 34, 72, 51, 50, 11, 30, 15, 48, 34, 64, 47, 27, 29, 59, 75, 65, 31, 59, 66, 69, 6, 16, 11, 1, 10, 61, 37, 19, 52, 50, 46, 52, 67, 51, 9, 63, 52, 17, 54, 10, 51, 11, 18, 5, 72, 66, 22, 27, 69, 20, 75, 3, 61, 4, 34, 46, 71, 58, 73, 29, 21, 9, 33, 17, 29, 56, 28, 33, 12, 13, 10, 20, 22, 73, 60, 71, 16, 46, 62, 37, 61, 45, 68, 75, 39, 27, 16, 55, 60, 59, 69, 45, 70, 43, 28, 13, 24, 25, 53, 19, 75, 75, 1, 48, 18, 55, 20, 55, 67, 74, 54, 32, 70, 29, 9, 51, 3, 30, 22, 14, 73, 10, 23, 4, 23, 64, 30, 36, 25, 59, 35, 56, 44, 14, 12, 47, 62, 71, 32, 69, 30, 37, 39, 65, 31, 40, 17, 75, 68, 27, 34, 45, 67, 15, 20, 39, 73, 24, 58, 23, 56, 33, 32, 14, 44, 51, 41, 59, 69, 46, 53, 13, 39, 34, 56, 65, 3, 63] 2999.76523198633 3600009.677759
SA: [54, 51, 55, 34, 66, 12, 73, 17, 75, 33, 63, 18, 59, 36, 31, 71, 48, 67, 18, 9, 53, 12, 9, 3, 41, 75, 26, 36, 19, 70, 71, 13, 9, 43, 56, 48, 26, 51, 5, 75, 31, 71, 5, 53, 66, 40, 13, 54, 63, 74, 69, 63, 20, 57, 36, 9, 48, 44, 3, 44, 49, 52, 49, 23, 40, 44, 61, 35, 68, 62, 1, 25, 42, 9, 38, 57, 50, 20, 46, 4, 56, 52, 28, 38, 13, 67, 25, 65, 12, 46, 36, 61, 63, 59, 31, 10, 27, 65, 16, 34, 25, 40, 55, 68, 30, 67, 64, 60, 61, 24, 1, 4, 54, 58, 38, 36, 1, 49, 43, 17, 1, 70, 52, 61, 4, 19, 37, 42, 59, 31, 56, 56, 64, 50, 62, 50, 45, 66, 60, 30, 75, 15, 68, 19, 13, 32, 38, 27, 34, 41, 75, 28, 4, 15, 74, 4, 46, 27, 30, 50, 57, 7, 22, 13, 20, 61, 65, 68, 73, 58, 39, 66, 62, 12, 22, 14, 61, 15, 49, 65, 50, 47, 46, 17, 68, 64, 40, 38, 36, 13, 72, 19, 14, 29, 4, 71, 47, 6, 18, 54] 2715.7902643964535 3600933.563307
CLO: [33, 70, 51, 64, 51, 17, 30, 66, 45, 36, 34, 32, 71, 54, 10, 60, 25, 5, 65, 74, 27, 21, 26, 63, 67, 74, 51, 15, 66, 7, 24, 60, 45, 31, 9, 73, 26, 2, 28, 55, 66, 32, 22, 9, 57, 43, 55, 71, 43, 60, 8, 31, 15, 71, 73, 52, 35, 53, 33, 24, 19, 10, 32, 19, 73, 41, 68, 28, 7, 25, 33, 19, 2, 7, 64, 37, 18, 19, 65, 55, 75, 49, 39, 66, 15, 28, 55, 20, 57, 72, 34, 14, 54, 16, 33, 4, 52, 33, 42, 51, 10, 68, 31, 18, 37, 43, 26, 10, 41, 25, 49, 27, 42, 54, 6, 56, 6, 61, 16, 60, 34, 33, 31, 35, 71, 65, 15, 44, 1, 29, 19, 8, 65, 33, 42, 58, 57, 18, 66, 6, 8, 22, 8, 55, 71, 21, 48, 53, 18, 62, 72, 19, 28, 60, 66, 22, 61, 65, 11, 58, 10, 56, 4, 16, 74, 35, 37, 58, 12, 3, 24, 24, 7, 13, 14, 20, 65, 32, 70, 30, 42, 34, 47, 47, 18, 9, 56, 30, 71, 74, 53, 47, 7, 48, 4, 14, 20, 50, 16, 29] 2918.2818025714546 3600073.055498
-- 
Instance 3
seed: 1464127428321
--
SHC: [14, 10, 38, 40, 8, 31, 18, 12, 51, 36, 10, 61, 19, 29, 38, 53, 16, 46, 12, 47, 60, 43, 4, 39, 50, 52, 65, 48, 10, 44, 50, 12, 39, 55, 12, 30, 71, 34, 21, 30, 22, 5, 16, 37, 17, 22, 20, 36, 8, 24, 19, 44, 43, 66, 66, 24, 14, 30, 33, 52, 17, 56, 20, 40, 44, 36, 20, 75, 56, 58, 67, 60, 11, 66, 44, 35, 2, 49, 68, 68, 61, 71, 60, 20, 70, 32, 38, 21, 42, 66, 8, 20, 3, 41, 40, 14, 11, 29, 33, 28, 72, 30, 5, 9, 31, 60, 49, 70, 68, 48, 16, 55, 15, 42, 50, 29, 49, 14, 11, 3, 46, 56, 28, 33, 64, 22, 58, 65, 20, 27, 3, 13, 47, 49, 35, 43, 57, 52, 11, 20, 11, 41, 37, 71, 14, 58, 22, 11, 8, 50, 30, 30, 62, 39, 20, 37, 69, 28, 3, 4, 59, 6, 67, 11, 46, 31, 19, 75, 61, 62, 11, 49, 40, 75, 63, 21, 18, 66, 20, 49, 30, 16, 53, 8, 8, 25, 9, 35, 30, 12, 26, 62, 21, 30, 51, 55, 6, 71, 19, 14] 2858.9376718322656 3600048.441997
SA: [40, 14, 39, 59, 56, 11, 21, 6, 68, 31, 56, 74, 38, 60, 4, 73, 69, 59, 43, 39, 54, 68, 48, 24, 34, 52, 31, 57, 45, 71, 34, 41, 64, 53, 53, 12, 13, 70, 74, 73, 37, 12, 38, 67, 27, 1, 33, 52, 52, 29, 58, 40, 13, 32, 32, 31, 4, 34, 33, 62, 66, 23, 75, 74, 1, 56, 60, 35, 70, 28, 62, 11, 67, 58, 42, 40, 47, 5, 59, 67, 55, 51, 48, 21, 29, 45, 48, 70, 15, 10, 29, 49, 65, 74, 39, 49, 66, 40, 72, 17, 75, 63, 15, 52, 23, 33, 55, 34, 18, 17, 22, 61, 4, 70, 1, 48, 51, 32, 41, 2, 75, 21, 27, 53, 12, 46, 23, 2, 19, 30, 3, 45, 70, 7, 6, 74, 43, 30, 48, 9, 11, 39, 43, 43, 66, 10, 55, 31, 44, 66, 52, 66, 75, 39, 38, 6, 31, 18, 50, 24, 18, 53, 60, 51, 70, 19, 60, 50, 54, 41, 66, 23, 6, 62, 8, 73, 75, 8, 29, 44, 2, 30, 49, 50, 27, 37, 63, 28, 45, 2, 1, 35, 53, 45, 33, 8, 57, 28, 71, 50] 2874.2829433209668 3603300.991018
CLO: [6, 38, 35, 13, 19, 60, 16, 33, 60, 12, 14, 51, 15, 63, 29, 16, 70, 52, 51, 47, 31, 11, 57, 68, 17, 15, 2, 56, 11, 46, 21, 48, 64, 39, 4, 29, 55, 64, 74, 67, 45, 3, 54, 75, 6, 39, 53, 58, 15, 19, 44, 31, 62, 32, 10, 57, 42, 47, 22, 38, 4, 22, 71, 16, 60, 61, 6, 49, 67, 35, 60, 75, 71, 60, 19, 13, 57, 63, 33, 64, 54, 67, 42, 20, 64, 21, 46, 1, 19, 25, 45, 58, 2, 36, 42, 63, 2, 52, 60, 57, 3, 57, 74, 59, 19, 60, 55, 66, 75, 49, 26, 13, 30, 71, 36, 5, 48, 54, 44, 24, 16, 53, 73, 11, 66, 27, 38, 7, 61, 46, 48, 33, 58, 55, 15, 10, 60, 48, 23, 1, 38, 34, 50, 9, 13, 63, 70, 65, 54, 65, 70, 28, 38, 35, 24, 32, 4, 56, 36, 15, 60, 63, 59, 11, 41, 43, 29, 33, 61, 51, 69, 10, 15, 4, 40, 45, 16, 68, 39, 61, 55, 29, 55, 61, 33, 25, 67, 56, 62, 15, 22, 40, 18, 17, 5, 48, 29, 3, 60, 43] 2812.7021292229683 3600094.164903
-- 
Instance 4
seed: 1464138254399
--
SHC: [16, 23, 63, 23, 61, 3, 47, 34, 67, 51, 51, 63, 60, 20, 24, 3, 69, 12, 45, 65, 52, 75, 26, 13, 9, 29, 23, 48, 33, 64, 7, 73, 11, 48, 75, 6, 74, 72, 31, 2, 70, 41, 61, 60, 37, 1, 50, 39, 28, 32, 72, 63, 59, 69, 42, 10, 24, 27, 73, 3, 4, 26, 63, 22, 6, 11, 64, 2, 66, 39, 28, 18, 28, 10, 11, 64, 31, 14, 43, 6, 69, 66, 23, 15, 17, 23, 46, 39, 27, 48, 71, 75, 67, 53, 42, 16, 24, 44, 23, 39, 60, 39, 45, 2, 30, 46, 70, 49, 25, 61, 25, 18, 65, 51, 74, 47, 64, 55, 36, 48, 30, 68, 45, 53, 58, 71, 1, 44, 74, 55, 19, 63, 55, 13, 13, 2, 19, 17, 19, 54, 28, 42, 8, 16, 70, 11, 14, 34, 6, 5, 32, 19, 46, 19, 43, 31, 48, 67, 46, 48, 64, 72, 31, 39, 41, 71, 56, 57, 17, 48, 59, 4, 26, 46, 74, 21, 13, 9, 74, 43, 48, 51, 47, 45, 40, 1, 39, 65, 24, 31, 74, 35, 42, 6, 50, 64, 6, 46, 5, 24] 2966.042223710536 3600000.25631
SA: [25, 74, 68, 54, 42, 41, 20, 15, 63, 43, 22, 13, 34, 59, 5, 74, 48, 10, 75, 21, 41, 61, 72, 14, 70, 31, 71, 23, 10, 26, 13, 72, 43, 19, 2, 3, 13, 46, 10, 68, 39, 26, 30, 56, 21, 42, 14, 64, 16, 54, 32, 37, 57, 31, 9, 58, 11, 54, 32, 69, 5, 24, 54, 11, 48, 52, 71, 37, 57, 9, 17, 35, 15, 55, 2, 72, 40, 59, 15, 12, 22, 69, 53, 23, 69, 13, 29, 29, 1, 16, 38, 51, 73, 8, 21, 14, 60, 36, 11, 26, 46, 19, 69, 73, 14, 7, 37, 32, 33, 29, 19, 70, 11, 21, 58, 68, 68, 39, 44, 53, 57, 51, 65, 54, 26, 42, 8, 34, 14, 9, 68, 17, 13, 68, 20, 65, 39, 33, 5, 23, 4, 54, 38, 37, 19, 63, 49, 62, 6, 41, 53, 71, 12, 34, 55, 66, 13, 2, 49, 41, 38, 23, 21, 35, 70, 64, 30, 26, 7, 72, 20, 73, 15, 75, 9, 26, 16, 16, 6, 14, 41, 39, 51, 62, 57, 27, 19, 3, 48, 44, 68, 52, 34, 40, 9, 6, 29, 59, 67, 22] 2761.609397178377 3601647.719712
CLO: [61, 35, 52, 45, 46, 58, 11, 11, 7, 24, 37, 60, 40, 29, 13, 10, 40, 71, 53, 8, 33, 69, 2, 42, 51, 29, 50, 71, 45, 73, 67, 67, 74, 35, 25, 62, 55, 25, 54, 26, 53, 47, 35, 73, 58, 57, 28, 23, 63, 68, 20, 75, 72, 24, 10, 29, 21, 19, 16, 55, 30, 21, 41, 22, 10, 19, 36, 13, 32, 43, 63, 4, 51, 48, 31, 24, 6, 12, 67, 6, 68, 32, 63, 40, 35, 59, 10, 19, 54, 35, 30, 68, 30, 54, 33, 37, 1, 46, 43, 5, 37, 22, 54, 51, 50, 62, 45, 32, 25, 73, 10, 6, 73, 59, 31, 7, 48, 50, 60, 22, 66, 74, 2, 19, 15, 14, 46, 27, 32, 39, 57, 31, 10, 63, 33, 39, 19, 35, 25, 55, 33, 55, 15, 20, 22, 35, 61, 24, 14, 28, 7, 71, 35, 22, 5, 32, 48, 4, 29, 38, 56, 35, 6, 59, 48, 48, 53, 54, 61, 33, 43, 15, 52, 51, 33, 56, 42, 56, 23, 43, 71, 2, 48, 3, 4, 38, 11, 64, 5, 10, 13, 1, 31, 14, 41, 47, 70, 7, 20, 9] 2908.7472060187747 3600012.186892
-- 
Instance 5
seed: 1464149079049
--
SHC: [18, 30, 70, 6, 70, 20, 54, 2, 6, 65, 10, 67, 74, 1, 16, 49, 56, 26, 20, 57, 61, 24, 4, 40, 50, 18, 7, 11, 10, 19, 12, 63, 48, 51, 48, 19, 16, 37, 37, 24, 68, 35, 47, 41, 5, 57, 19, 64, 59, 38, 16, 19, 19, 19, 37, 3, 51, 52, 31, 34, 71, 55, 63, 11, 57, 34, 66, 68, 46, 63, 42, 29, 9, 45, 36, 74, 70, 4, 7, 6, 54, 58, 25, 25, 17, 3, 69, 42, 71, 12, 61, 15, 20, 70, 52, 12, 35, 34, 64, 55, 29, 24, 32, 20, 23, 73, 31, 21, 48, 54, 31, 75, 22, 40, 30, 43, 53, 64, 50, 45, 3, 14, 48, 60, 47, 26, 46, 3, 11, 31, 1, 21, 38, 16, 67, 68, 51, 37, 43, 45, 34, 36, 1, 50, 72, 31, 56, 75, 39, 67, 28, 65, 66, 50, 31, 73, 21, 18, 54, 74, 70, 20, 17, 64, 29, 26, 39, 69, 56, 2, 6, 55, 38, 23, 38, 40, 9, 71, 48, 10, 74, 1, 3, 21, 66, 56, 45, 36, 48, 1, 28, 14, 60, 37, 62, 11, 45, 40, 71, 22] 2977.8050658019474 3600076.376915
SA: [30, 41, 38, 27, 16, 40, 2, 23, 29, 51, 26, 39, 30, 62, 13, 13, 9, 62, 47, 30, 68, 10, 20, 50, 70, 11, 46, 37, 34, 11, 2, 23, 7, 9, 35, 4, 1, 9, 44, 43, 45, 43, 53, 49, 21, 8, 13, 65, 46, 11, 37, 50, 50, 57, 73, 6, 33, 69, 9, 50, 3, 63, 5, 16, 23, 65, 54, 46, 53, 10, 8, 69, 35, 64, 72, 5, 46, 48, 71, 70, 9, 24, 8, 64, 5, 6, 37, 61, 55, 66, 34, 56, 73, 60, 69, 26, 42, 17, 8, 51, 60, 14, 58, 74, 29, 33, 61, 28, 68, 16, 29, 20, 43, 58, 15, 70, 38, 7, 44, 10, 55, 27, 5, 60, 52, 1, 9, 75, 58, 63, 62, 18, 24, 64, 66, 34, 31, 41, 38, 4, 26, 22, 50, 18, 31, 65, 60, 39, 34, 61, 37, 57, 23, 14, 54, 53, 74, 48, 5, 55, 54, 10, 26, 70, 21, 53, 30, 40, 73, 56, 33, 45, 52, 14, 37, 45, 40, 6, 37, 39, 5, 63, 43, 29, 49, 1, 25, 46, 66, 32, 17, 9, 25, 15, 48, 23, 58, 35, 64, 29] 2850.7719249223364 3609849.910362
CLO: [58, 7, 3, 21, 6, 46, 31, 57, 73, 22, 52, 54, 10, 1, 36, 72, 66, 48, 42, 30, 25, 26, 19, 40, 24, 45, 33, 16, 16, 20, 47, 70, 31, 37, 62, 52, 26, 32, 42, 66, 9, 7, 67, 65, 12, 48, 55, 10, 1, 61, 22, 37, 50, 68, 59, 62, 27, 12, 39, 21, 9, 6, 5, 22, 45, 45, 20, 14, 34, 3, 16, 67, 55, 16, 7, 4, 49, 41, 63, 74, 4, 21, 13, 29, 66, 55, 10, 69, 28, 48, 3, 14, 72, 44, 28, 6, 21, 69, 12, 75, 33, 68, 3, 1, 67, 7, 13, 7, 25, 52, 48, 20, 63, 45, 57, 14, 19, 20, 18, 70, 10, 28, 67, 70, 14, 62, 69, 48, 70, 62, 66, 39, 30, 12, 74, 34, 57, 70, 10, 70, 62, 46, 6, 18, 41, 19, 74, 74, 57, 60, 67, 46, 54, 20, 40, 63, 67, 35, 67, 12, 64, 38, 54, 64, 5, 41, 6, 46, 61, 12, 5, 62, 69, 51, 60, 66, 24, 74, 49, 26, 50, 46, 27, 31, 34, 28, 68, 59, 20, 75, 61, 19, 61, 15, 55, 16, 68, 28, 65, 14] 2925.4345274981874 3600028.060914
-- 
Instance 6
seed: 1464159910527
--
SHC: [63, 9, 37, 66, 67, 28, 72, 53, 17, 29, 22, 57, 69, 21, 46, 7, 33, 17, 25, 12, 12, 72, 47, 8, 3, 49, 18, 63, 6, 55, 48, 74, 37, 29, 3, 72, 61, 67, 26, 30, 11, 25, 66, 43, 54, 10, 15, 54, 18, 2, 57, 26, 37, 72, 40, 1, 34, 28, 18, 29, 64, 50, 31, 33, 3, 48, 58, 12, 30, 30, 1, 4, 14, 36, 72, 2, 60, 51, 65, 28, 72, 36, 67, 15, 19, 55, 31, 50, 59, 65, 20, 49, 74, 44, 60, 46, 21, 27, 15, 30, 53, 22, 39, 52, 7, 31, 36, 73, 68, 59, 71, 53, 39, 15, 40, 60, 11, 71, 32, 8, 1, 69, 10, 36, 26, 11, 17, 19, 1, 66, 18, 10, 13, 1, 27, 60, 7, 61, 10, 32, 6, 28, 36, 71, 68, 4, 3, 48, 26, 7, 39, 23, 23, 29, 54, 67, 44, 29, 35, 53, 45, 31, 20, 20, 64, 45, 20, 33, 19, 30, 32, 36, 20, 74, 66, 6, 48, 11, 26, 39, 1, 59, 28, 46, 9, 29, 11, 31, 20, 20, 18, 43, 33, 63, 58, 7, 74, 13, 32, 33] 2965.6552940245033 3600102.021538
SA: [45, 21, 45, 49, 48, 60, 34, 37, 17, 27, 24, 67, 48, 22, 71, 22, 5, 20, 24, 65, 74, 72, 4, 30, 4, 35, 38, 59, 55, 17, 32, 43, 64, 61, 42, 31, 2, 2, 36, 67, 72, 5, 55, 8, 18, 10, 41, 73, 41, 14, 65, 66, 2, 68, 59, 8, 35, 44, 67, 61, 36, 56, 16, 72, 68, 16, 7, 42, 53, 39, 54, 26, 32, 5, 64, 19, 46, 40, 36, 29, 11, 1, 58, 2, 62, 4, 54, 34, 21, 66, 14, 21, 70, 21, 50, 55, 13, 17, 16, 6, 42, 47, 16, 18, 60, 1, 67, 57, 25, 7, 17, 59, 17, 24, 35, 4, 30, 2, 75, 53, 25, 42, 35, 65, 18, 49, 25, 31, 4, 13, 40, 67, 74, 29, 49, 23, 43, 25, 36, 23, 52, 30, 44, 17, 26, 52, 75, 8, 29, 12, 19, 62, 4, 47, 6, 63, 7, 32, 18, 63, 6, 49, 15, 6, 58, 34, 53, 13, 46, 15, 53, 41, 5, 19, 35, 4, 56, 64, 72, 38, 59, 57, 23, 14, 54, 55, 46, 23, 54, 17, 30, 72, 10, 37, 71, 33, 54, 4, 21, 5] 2726.5613448314502 3609262.093806
CLO: [64, 25, 53, 42, 30, 9, 12, 58, 24, 57, 54, 49, 54, 11, 38, 42, 28, 1, 17, 19, 43, 16, 51, 35, 66, 75, 64, 39, 56, 17, 55, 7, 42, 29, 42, 74, 73, 57, 24, 28, 60, 72, 58, 56, 30, 5, 9, 72, 36, 23, 43, 59, 15, 12, 28, 44, 16, 30, 65, 69, 65, 11, 72, 37, 52, 40, 6, 1, 9, 30, 27, 60, 3, 72, 75, 30, 10, 1, 16, 4, 63, 4, 8, 43, 50, 13, 40, 61, 34, 68, 43, 59, 57, 56, 41, 25, 41, 29, 31, 61, 6, 33, 72, 19, 19, 54, 43, 20, 36, 5, 26, 66, 16, 45, 47, 27, 64, 48, 8, 39, 15, 69, 58, 37, 46, 8, 68, 13, 42, 2, 40, 55, 56, 64, 57, 10, 47, 2, 10, 60, 4, 30, 16, 42, 60, 72, 32, 22, 26, 54, 43, 70, 18, 54, 38, 15, 75, 25, 47, 65, 59, 66, 41, 60, 45, 42, 51, 19, 26, 65, 24, 41, 51, 74, 2, 42, 3, 1, 61, 7, 70, 2, 7, 51, 41, 43, 60, 6, 31, 15, 62, 35, 34, 36, 20, 56, 32, 1, 62, 71] 2986.7547051850106 3600022.756749
-- 
Instance 7
seed: 1464170750444
--
SHC: [25, 40, 49, 26, 36, 49, 37, 60, 62, 68, 28, 7, 46, 13, 35, 11, 12, 25, 1, 19, 16, 46, 67, 37, 27, 51, 56, 66, 29, 49, 30, 8, 73, 49, 26, 11, 18, 3, 10, 20, 38, 60, 50, 66, 15, 42, 20, 69, 67, 46, 16, 5, 75, 52, 10, 72, 44, 62, 74, 1, 68, 33, 16, 43, 29, 75, 41, 65, 56, 21, 42, 11, 2, 4, 13, 30, 46, 58, 53, 61, 72, 55, 75, 66, 54, 50, 43, 49, 58, 31, 60, 18, 24, 10, 44, 74, 26, 36, 29, 9, 57, 3, 27, 33, 35, 60, 43, 66, 17, 6, 37, 5, 56, 39, 43, 39, 44, 74, 20, 56, 47, 15, 7, 25, 47, 50, 22, 2, 26, 24, 60, 41, 34, 9, 22, 2, 43, 12, 47, 71, 23, 47, 11, 64, 72, 65, 32, 74, 25, 5, 73, 74, 41, 45, 59, 46, 61, 66, 69, 20, 10, 5, 34, 5, 23, 51, 55, 63, 67, 1, 16, 2, 31, 50, 26, 74, 66, 4, 27, 51, 63, 35, 32, 5, 51, 24, 28, 37, 67, 33, 41, 63, 23, 56, 26, 25, 58, 60, 33, 39] 3123.3154905478673 3600080.430579
SA: [73, 66, 45, 42, 43, 48, 34, 37, 74, 13, 43, 63, 62, 8, 12, 39, 52, 41, 13, 23, 72, 58, 64, 52, 19, 14, 74, 39, 42, 4, 57, 3, 58, 28, 3, 9, 6, 36, 49, 12, 37, 73, 69, 65, 13, 38, 39, 32, 31, 57, 36, 48, 57, 40, 62, 22, 3, 51, 74, 70, 63, 46, 24, 5, 26, 27, 66, 59, 14, 18, 20, 57, 30, 69, 2, 48, 49, 22, 51, 50, 12, 32, 33, 5, 21, 6, 37, 36, 5, 54, 57, 22, 58, 8, 39, 25, 13, 23, 64, 33, 74, 23, 44, 11, 16, 15, 58, 57, 43, 3, 13, 25, 23, 10, 23, 62, 25, 71, 20, 3, 1, 56, 59, 42, 49, 38, 67, 40, 39, 2, 29, 51, 66, 22, 14, 75, 7, 25, 62, 49, 33, 22, 38, 24, 18, 35, 23, 59, 17, 8, 20, 62, 26, 27, 75, 56, 31, 75, 44, 34, 61, 7, 42, 25, 65, 20, 20, 37, 25, 26, 37, 9, 32, 47, 7, 20, 36, 39, 33, 15, 7, 35, 8, 27, 45, 70, 9, 43, 53, 14, 66, 19, 67, 58, 66, 71, 18, 70, 46, 12] 2704.7623950254842 3603800.201807
CLO: [34, 61, 31, 15, 63, 10, 48, 11, 38, 52, 44, 6, 43, 62, 63, 26, 73, 58, 6, 37, 19, 13, 13, 47, 63, 15, 16, 53, 10, 32, 71, 52, 40, 39, 46, 27, 44, 18, 33, 22, 55, 36, 18, 41, 58, 19, 30, 28, 63, 4, 10, 62, 45, 57, 60, 35, 6, 67, 1, 75, 34, 11, 42, 17, 52, 12, 24, 9, 71, 24, 67, 31, 8, 29, 6, 23, 58, 73, 54, 29, 12, 70, 69, 38, 62, 8, 70, 26, 29, 38, 68, 66, 51, 59, 47, 62, 27, 1, 10, 5, 46, 72, 12, 43, 35, 52, 64, 67, 44, 69, 6, 22, 35, 1, 24, 63, 71, 57, 74, 5, 69, 71, 47, 3, 71, 28, 55, 23, 11, 63, 62, 6, 54, 16, 20, 53, 34, 69, 20, 71, 50, 27, 29, 6, 1, 67, 18, 64, 57, 64, 35, 59, 16, 6, 33, 32, 11, 21, 73, 53, 70, 74, 8, 28, 54, 10, 30, 25, 12, 22, 62, 48, 55, 31, 36, 35, 63, 72, 2, 3, 30, 21, 51, 21, 18, 10, 27, 2, 27, 26, 68, 30, 64, 23, 7, 27, 13, 38, 39, 43] 2886.312365442486 3600065.4831
-- 
Instance 8
seed: 1464181577818
--
SHC: [30, 46, 39, 65, 22, 2, 51, 66, 73, 36, 55, 75, 61, 46, 52, 52, 11, 21, 4, 73, 73, 1, 37, 70, 66, 71, 11, 69, 35, 6, 34, 57, 36, 54, 16, 40, 52, 31, 20, 44, 56, 3, 66, 39, 63, 62, 45, 15, 43, 54, 67, 28, 21, 63, 13, 23, 67, 75, 53, 3, 65, 62, 45, 44, 44, 71, 6, 13, 21, 31, 73, 53, 62, 40, 43, 43, 60, 54, 57, 19, 42, 37, 75, 46, 3, 16, 52, 17, 45, 65, 40, 28, 51, 16, 18, 19, 38, 21, 37, 4, 63, 15, 4, 65, 44, 59, 73, 26, 32, 11, 42, 36, 66, 16, 37, 19, 24, 51, 10, 37, 52, 68, 14, 13, 55, 60, 33, 5, 23, 17, 60, 52, 21, 65, 70, 67, 39, 8, 32, 21, 23, 51, 65, 59, 37, 2, 41, 18, 28, 11, 23, 9, 41, 41, 17, 45, 21, 63, 63, 52, 75, 54, 67, 31, 39, 55, 24, 6, 51, 5, 60, 40, 73, 19, 69, 73, 70, 40, 5, 46, 44, 45, 22, 39, 18, 70, 43, 18, 4, 44, 38, 50, 70, 9, 53, 70, 47, 68, 38, 71] 2925.6331536745383 3600030.938851
SA: [48, 40, 37, 62, 57, 43, 32, 39, 31, 17, 35, 4, 70, 64, 9, 38, 63, 62, 19, 54, 42, 51, 52, 59, 6, 5, 27, 5, 55, 52, 38, 3, 14, 21, 34, 54, 13, 75, 8, 37, 11, 21, 29, 5, 7, 63, 60, 45, 73, 46, 1, 74, 19, 8, 48, 4, 20, 18, 14, 9, 37, 22, 42, 34, 75, 68, 33, 1, 18, 15, 64, 54, 20, 66, 20, 46, 18, 47, 41, 60, 73, 15, 13, 8, 67, 52, 51, 39, 42, 60, 31, 30, 22, 68, 62, 45, 21, 9, 30, 46, 24, 37, 55, 67, 65, 5, 67, 41, 4, 37, 46, 34, 33, 34, 54, 42, 4, 57, 56, 66, 70, 21, 73, 73, 26, 30, 58, 70, 7, 4, 2, 10, 25, 16, 43, 58, 32, 51, 50, 71, 4, 6, 73, 20, 21, 71, 9, 29, 27, 35, 41, 32, 4, 69, 74, 6, 65, 71, 36, 5, 43, 73, 55, 15, 58, 43, 56, 27, 49, 24, 49, 60, 42, 22, 71, 27, 54, 61, 43, 45, 48, 73, 62, 23, 23, 18, 20, 25, 66, 28, 31, 50, 75, 5, 33, 25, 59, 39, 15, 5] 2656.13355863885 3606162.199505
CLO: [54, 19, 26, 48, 38, 7, 52, 57, 29, 25, 36, 51, 24, 30, 55, 61, 27, 13, 63, 34, 44, 17, 25, 41, 55, 14, 56, 74, 44, 48, 75, 71, 21, 35, 74, 28, 70, 4, 60, 9, 29, 69, 33, 61, 58, 60, 18, 11, 7, 36, 20, 55, 55, 25, 19, 62, 73, 28, 45, 48, 61, 32, 13, 17, 16, 36, 41, 19, 45, 12, 5, 25, 45, 69, 17, 34, 36, 61, 46, 56, 67, 67, 24, 1, 67, 65, 28, 9, 35, 30, 23, 5, 55, 5, 72, 32, 54, 70, 37, 75, 74, 46, 10, 17, 33, 59, 24, 66, 50, 40, 29, 64, 18, 26, 6, 5, 59, 62, 56, 10, 51, 38, 50, 75, 49, 44, 22, 49, 56, 26, 40, 43, 24, 11, 39, 5, 4, 2, 49, 52, 36, 39, 6, 46, 38, 7, 9, 73, 69, 25, 20, 70, 32, 72, 3, 35, 5, 52, 40, 41, 46, 50, 16, 63, 48, 39, 19, 58, 1, 18, 16, 30, 14, 3, 10, 18, 24, 34, 3, 23, 24, 25, 8, 29, 12, 33, 5, 57, 27, 45, 74, 49, 65, 56, 31, 14, 18, 60, 7, 12] 2830.604096098563 3600031.937177
-- 
Instance 9
seed: 1464192404460
--
SHC: [9, 66, 1, 24, 34, 8, 53, 29, 60, 61, 27, 45, 5, 57, 35, 48, 28, 65, 3, 49, 51, 29, 56, 46, 71, 17, 5, 7, 16, 14, 58, 8, 75, 35, 33, 69, 70, 23, 32, 35, 18, 3, 11, 34, 60, 73, 5, 60, 56, 12, 60, 36, 12, 3, 66, 57, 15, 3, 34, 2, 61, 69, 23, 52, 4, 18, 44, 56, 56, 3, 31, 63, 43, 71, 33, 29, 25, 37, 10, 44, 6, 31, 39, 8, 37, 56, 5, 14, 54, 9, 23, 19, 14, 70, 33, 66, 71, 21, 50, 68, 2, 32, 31, 60, 64, 23, 74, 45, 48, 6, 62, 4, 36, 69, 64, 9, 5, 20, 4, 67, 11, 70, 44, 65, 60, 42, 52, 5, 68, 49, 5, 46, 61, 17, 45, 30, 62, 43, 42, 9, 13, 34, 21, 45, 10, 40, 24, 11, 20, 62, 14, 12, 48, 39, 47, 13, 12, 70, 27, 39, 16, 40, 69, 2, 49, 65, 17, 35, 27, 45, 35, 7, 8, 63, 14, 1, 64, 36, 63, 8, 14, 69, 68, 19, 29, 55, 33, 18, 69, 65, 75, 18, 59, 61, 71, 5, 23, 20, 21, 47] 2864.3741703617225 3600007.336999
SA: [65, 65, 5, 37, 5, 18, 18, 3, 70, 54, 13, 49, 15, 44, 19, 40, 56, 57, 25, 7, 13, 45, 15, 15, 59, 54, 61, 35, 60, 20, 69, 56, 49, 59, 42, 19, 59, 13, 36, 13, 34, 54, 15, 57, 55, 15, 36, 65, 36, 8, 56, 46, 6, 6, 53, 26, 7, 44, 42, 21, 70, 7, 9, 22, 4, 37, 60, 74, 23, 5, 66, 41, 54, 73, 39, 27, 29, 13, 70, 12, 11, 19, 48, 33, 32, 56, 53, 24, 38, 52, 51, 61, 54, 26, 27, 23, 23, 69, 43, 13, 32, 64, 9, 57, 43, 17, 26, 11, 45, 70, 43, 29, 55, 73, 57, 41, 14, 75, 52, 13, 74, 44, 68, 45, 34, 19, 58, 52, 53, 65, 38, 74, 31, 23, 74, 18, 38, 31, 57, 50, 9, 22, 58, 54, 40, 10, 37, 63, 52, 53, 34, 14, 45, 74, 33, 66, 41, 11, 13, 75, 3, 74, 9, 32, 50, 65, 74, 73, 61, 28, 45, 71, 56, 66, 71, 50, 38, 40, 41, 13, 7, 57, 75, 59, 45, 70, 41, 58, 73, 18, 58, 66, 9, 65, 32, 67, 74, 68, 55, 47] 2694.4375074623367 3607558.200334
CLO: [21, 61, 11, 29, 42, 38, 10, 69, 59, 17, 63, 64, 16, 40, 72, 56, 60, 72, 44, 56, 26, 44, 3, 26, 65, 60, 19, 25, 65, 60, 24, 55, 15, 56, 60, 2, 24, 21, 60, 2, 62, 58, 20, 50, 45, 34, 70, 61, 68, 64, 22, 59, 22, 2, 49, 46, 67, 28, 74, 75, 60, 17, 51, 39, 7, 54, 5, 62, 75, 68, 43, 65, 39, 21, 32, 70, 52, 67, 47, 20, 12, 62, 17, 12, 16, 17, 12, 44, 58, 10, 37, 57, 12, 39, 44, 52, 13, 7, 72, 34, 26, 14, 16, 58, 24, 60, 72, 51, 27, 36, 17, 32, 17, 32, 69, 68, 66, 74, 68, 55, 54, 21, 73, 11, 14, 73, 25, 70, 75, 12, 58, 40, 75, 51, 9, 5, 41, 30, 30, 54, 32, 11, 43, 45, 59, 70, 26, 26, 65, 7, 40, 26, 38, 49, 30, 17, 23, 35, 54, 4, 45, 45, 28, 16, 46, 36, 12, 24, 37, 34, 2, 39, 47, 55, 50, 53, 15, 33, 62, 27, 34, 8, 1, 26, 11, 24, 40, 71, 59, 21, 42, 4, 11, 41, 51, 52, 48, 16, 33, 19] 2892.4394504659986 3600085.480439
-- Summary -- 
*SHC*
Found PNE: 0/10
Approx Average: 2985.891876085977
*SA*
Found PNE: 0/10
Approx Average: 2737.9627874128673
*CLO*
Found PNE: 0/10
Approx Average: 2894.482192602213
